# A307013 b-file computed by Hugo Pfoertner 2019-03-26
0 0
1 1
2 1
3 0
4 -1
5 -1
6 0
7 1
8 2
9 2
10 2
11 1
12 0
13 -1
14 -2
15 -2
16 -2
17 -1
18 0
19 1
20 2
21 3
22 3
23 3
24 3
25 2
26 1
27 0
28 -1
29 -2
30 -3
31 -3
32 -3
33 -3
34 -2
35 -1
36 0
37 1
38 2
39 3
40 4
41 4
42 4
43 4
44 4
45 3
46 2
47 1
48 0
49 -1
50 -2
51 -3
52 -4
53 -4
54 -4
55 -4
56 -4
57 -3
58 -2
59 -1
60 0
61 1
62 2
63 3
64 4
65 5
66 5
67 5
68 5
69 5
70 5
71 4
72 3
73 2
74 1
75 0
76 -1
77 -2
78 -3
79 -4
80 -5
81 -5
82 -5
83 -5
84 -5
85 -5
86 -4
87 -3
88 -2
89 -1
90 0
91 1
92 2
93 3
94 4
95 5
96 6
97 6
98 6
99 6
100 6
101 6
102 6
103 5
104 4
105 3
106 2
107 1
108 0
109 -1
110 -2
111 -3
112 -4
113 -5
114 -6
115 -6
116 -6
117 -6
118 -6
119 -6
120 -6
121 -5
122 -4
123 -3
124 -2
125 -1
126 0
127 1
128 2
129 3
130 4
131 5
132 6
133 7
134 7
135 7
136 7
137 7
138 7
139 7
140 7
141 6
142 5
143 4
144 3
145 2
146 1
147 0
148 -1
149 -2
150 -3
151 -4
152 -5
153 -6
154 -7
155 -7
156 -7
157 -7
158 -7
159 -7
160 -7
161 -7
162 -6
163 -5
164 -4
165 -3
166 -2
167 -1
168 0
169 1
170 2
171 3
172 4
173 5
174 6
175 7
176 8
177 8
178 8
179 8
180 8
181 8
182 8
183 8
184 8
185 7
186 6
187 5
188 4
189 3
190 2
191 1
192 0
193 -1
194 -2
195 -3
196 -4
197 -5
198 -6
199 -7
200 -8
201 -8
202 -8
203 -8
204 -8
205 -8
206 -8
207 -8
208 -8
209 -7
210 -6
211 -5
212 -4
213 -3
214 -2
215 -1
216 0
217 1
218 2
219 3
220 4
221 5
222 6
223 7
224 8
225 9
226 9
227 9
228 9
229 9
230 9
231 9
232 9
233 9
234 9
235 8
236 7
237 6
238 5
239 4
240 3
241 2
242 1
243 0
244 -1
245 -2
246 -3
247 -4
248 -5
249 -6
250 -7
251 -8
252 -9
253 -9
254 -9
255 -9
256 -9
257 -9
258 -9
259 -9
260 -9
261 -9
262 -8
263 -7
264 -6
265 -5
266 -4
267 -3
268 -2
269 -1
270 0
271 1
272 2
273 3
274 4
275 5
276 6
277 7
278 8
279 9
280 10
281 10
282 10
283 10
284 10
285 10
286 10
287 10
288 10
289 10
290 10
291 9
292 8
293 7
294 6
295 5
296 4
297 3
298 2
299 1
300 0
301 -1
302 -2
303 -3
304 -4
305 -5
306 -6
307 -7
308 -8
309 -9
310 -10
311 -10
312 -10
313 -10
314 -10
315 -10
316 -10
317 -10
318 -10
319 -10
320 -10
321 -9
322 -8
323 -7
324 -6
325 -5
326 -4
327 -3
328 -2
329 -1
330 0
331 1
332 2
333 3
334 4
335 5
336 6
337 7
338 8
339 9
340 10
341 11
342 11
343 11
344 11
345 11
346 11
347 11
348 11
349 11
350 11
351 11
352 11
353 10
354 9
355 8
356 7
357 6
358 5
359 4
360 3
361 2
362 1
363 0
364 -1
365 -2
366 -3
367 -4
368 -5
369 -6
370 -7
371 -8
372 -9
373 -10
374 -11
375 -11
376 -11
377 -11
378 -11
379 -11
380 -11
381 -11
382 -11
383 -11
384 -11
385 -11
386 -10
387 -9
388 -8
389 -7
390 -6
391 -5
392 -4
393 -3
394 -2
395 -1
396 0
397 1
398 2
399 3
400 4
401 5
402 6
403 7
404 8
405 9
406 10
407 11
408 12
409 12
410 12
411 12
412 12
413 12
414 12
415 12
416 12
417 12
418 12
419 12
420 12
421 11
422 10
423 9
424 8
425 7
426 6
427 5
428 4
429 3
430 2
431 1
432 0
433 -1
434 -2
435 -3
436 -4
437 -5
438 -6
439 -7
440 -8
441 -9
442 -10
443 -11
444 -12
445 -12
446 -12
447 -12
448 -12
449 -12
450 -12
451 -12
452 -12
453 -12
454 -12
455 -12
456 -12
457 -11
458 -10
459 -9
460 -8
461 -7
462 -6
463 -5
464 -4
465 -3
466 -2
467 -1
468 0
469 1
470 2
471 3
472 4
473 5
474 6
475 7
476 8
477 9
478 10
479 11
480 12
481 13
482 13
483 13
484 13
485 13
486 13
487 13
488 13
489 13
490 13
491 13
492 13
493 13
494 13
495 12
496 11
497 10
498 9
499 8
500 7
501 6
502 5
503 4
504 3
505 2
506 1
507 0
508 -1
509 -2
510 -3
511 -4
512 -5
513 -6
514 -7
515 -8
516 -9
517 -10
518 -11
519 -12
520 -13
521 -13
522 -13
523 -13
524 -13
525 -13
526 -13
527 -13
528 -13
529 -13
530 -13
531 -13
532 -13
533 -13
534 -12
535 -11
536 -10
537 -9
538 -8
539 -7
540 -6
541 -5
542 -4
543 -3
544 -2
545 -1
546 0
547 1
548 2
549 3
550 4
551 5
552 6
553 7
554 8
555 9
556 10
557 11
558 12
559 13
560 14
561 14
562 14
563 14
564 14
565 14
566 14
567 14
568 14
569 14
570 14
571 14
572 14
573 14
574 14
575 13
576 12
577 11
578 10
579 9
580 8
581 7
582 6
583 5
584 4
585 3
586 2
587 1
588 0
589 -1
590 -2
591 -3
592 -4
593 -5
594 -6
595 -7
596 -8
597 -9
598 -10
599 -11
600 -12
601 -13
602 -14
603 -14
604 -14
605 -14
606 -14
607 -14
608 -14
609 -14
610 -14
611 -14
612 -14
613 -14
614 -14
615 -14
616 -14
617 -13
618 -12
619 -11
620 -10
621 -9
622 -8
623 -7
624 -6
625 -5
626 -4
627 -3
628 -2
629 -1
630 0
631 1
632 2
633 3
634 4
635 5
636 6
637 7
638 8
639 9
640 10
641 11
642 12
643 13
644 14
645 15
646 15
647 15
648 15
649 15
650 15
651 15
652 15
653 15
654 15
655 15
656 15
657 15
658 15
659 15
660 15
661 14
662 13
663 12
664 11
665 10
666 9
667 8
668 7
669 6
670 5
671 4
672 3
673 2
674 1
675 0
676 -1
677 -2
678 -3
679 -4
680 -5
681 -6
682 -7
683 -8
684 -9
685 -10
686 -11
687 -12
688 -13
689 -14
690 -15
691 -15
692 -15
693 -15
694 -15
695 -15
696 -15
697 -15
698 -15
699 -15
700 -15
701 -15
702 -15
703 -15
704 -15
705 -15
706 -14
707 -13
708 -12
709 -11
710 -10
711 -9
712 -8
713 -7
714 -6
715 -5
716 -4
717 -3
718 -2
719 -1
720 0
721 1
722 2
723 3
724 4
725 5
726 6
727 7
728 8
729 9
730 10
731 11
732 12
733 13
734 14
735 15
736 16
737 16
738 16
739 16
740 16
741 16
742 16
743 16
744 16
745 16
746 16
747 16
748 16
749 16
750 16
751 16
752 16
753 15
754 14
755 13
756 12
757 11
758 10
759 9
760 8
761 7
762 6
763 5
764 4
765 3
766 2
767 1
768 0
769 -1
770 -2
771 -3
772 -4
773 -5
774 -6
775 -7
776 -8
777 -9
778 -10
779 -11
780 -12
781 -13
782 -14
783 -15
784 -16
785 -16
786 -16
787 -16
788 -16
789 -16
790 -16
791 -16
792 -16
793 -16
794 -16
795 -16
796 -16
797 -16
798 -16
799 -16
800 -16
801 -15
802 -14
803 -13
804 -12
805 -11
806 -10
807 -9
808 -8
809 -7
810 -6
811 -5
812 -4
813 -3
814 -2
815 -1
816 0
817 1
818 2
819 3
820 4
821 5
822 6
823 7
824 8
825 9
826 10
827 11
828 12
829 13
830 14
831 15
832 16
833 17
834 17
835 17
836 17
837 17
838 17
839 17
840 17
841 17
842 17
843 17
844 17
845 17
846 17
847 17
848 17
849 17
850 17
851 16
852 15
853 14
854 13
855 12
856 11
857 10
858 9
859 8
860 7
861 6
862 5
863 4
864 3
865 2
866 1
867 0
868 -1
869 -2
870 -3
871 -4
872 -5
873 -6
874 -7
875 -8
876 -9
877 -10
878 -11
879 -12
880 -13
881 -14
882 -15
883 -16
884 -17
885 -17
886 -17
887 -17
888 -17
889 -17
890 -17
891 -17
892 -17
893 -17
894 -17
895 -17
896 -17
897 -17
898 -17
899 -17
900 -17
901 -17
902 -16
903 -15
904 -14
905 -13
906 -12
907 -11
908 -10
909 -9
910 -8
911 -7
912 -6
913 -5
914 -4
915 -3
916 -2
917 -1
918 0
919 1
920 2
921 3
922 4
923 5
924 6
925 7
926 8
927 9
928 10
929 11
930 12
931 13
932 14
933 15
934 16
935 17
936 18
937 18
938 18
939 18
940 18
941 18
942 18
943 18
944 18
945 18
946 18
947 18
948 18
949 18
950 18
951 18
952 18
953 18
954 18
955 17
956 16
957 15
958 14
959 13
960 12
961 11
962 10
963 9
964 8
965 7
966 6
967 5
968 4
969 3
970 2
971 1
972 0
973 -1
974 -2
975 -3
976 -4
977 -5
978 -6
979 -7
980 -8
981 -9
982 -10
983 -11
984 -12
985 -13
986 -14
987 -15
988 -16
989 -17
990 -18
991 -18
992 -18
993 -18
994 -18
995 -18
996 -18
997 -18
998 -18
999 -18
1000 -18
1001 -18
1002 -18
1003 -18
1004 -18
1005 -18
1006 -18
1007 -18
1008 -18
1009 -17
1010 -16
1011 -15
1012 -14
1013 -13
1014 -12
1015 -11
1016 -10
1017 -9
1018 -8
1019 -7
1020 -6
1021 -5
1022 -4
1023 -3
1024 -2
1025 -1
1026 0
1027 1
1028 2
1029 3
1030 4
1031 5
1032 6
1033 7
1034 8
1035 9
1036 10
1037 11
1038 12
1039 13
1040 14
1041 15
1042 16
1043 17
1044 18
1045 19
1046 19
1047 19
1048 19
1049 19
1050 19
1051 19
1052 19
1053 19
1054 19
1055 19
1056 19
1057 19
1058 19
1059 19
1060 19
1061 19
1062 19
1063 19
1064 19
1065 18
1066 17
1067 16
1068 15
1069 14
1070 13
1071 12
1072 11
1073 10
1074 9
1075 8
1076 7
1077 6
1078 5
1079 4
1080 3
1081 2
1082 1
1083 0
1084 -1
1085 -2
1086 -3
1087 -4
1088 -5
1089 -6
1090 -7
1091 -8
1092 -9
1093 -10
1094 -11
1095 -12
1096 -13
1097 -14
1098 -15
1099 -16
1100 -17
1101 -18
1102 -19
1103 -19
1104 -19
1105 -19
1106 -19
1107 -19
1108 -19
1109 -19
1110 -19
1111 -19
1112 -19
1113 -19
1114 -19
1115 -19
1116 -19
1117 -19
1118 -19
1119 -19
1120 -19
1121 -19
1122 -18
1123 -17
1124 -16
1125 -15
1126 -14
1127 -13
1128 -12
1129 -11
1130 -10
1131 -9
1132 -8
1133 -7
1134 -6
1135 -5
1136 -4
1137 -3
1138 -2
1139 -1
1140 0
1141 1
1142 2
1143 3
1144 4
1145 5
1146 6
1147 7
1148 8
1149 9
1150 10
1151 11
1152 12
1153 13
1154 14
1155 15
1156 16
1157 17
1158 18
1159 19
1160 20
1161 20
1162 20
1163 20
1164 20
1165 20
1166 20
1167 20
1168 20
1169 20
1170 20
1171 20
1172 20
1173 20
1174 20
1175 20
1176 20
1177 20
1178 20
1179 20
1180 20
1181 19
1182 18
1183 17
1184 16
1185 15
1186 14
1187 13
1188 12
1189 11
1190 10
1191 9
1192 8
1193 7
1194 6
1195 5
1196 4
1197 3
1198 2
1199 1
1200 0
1201 -1
1202 -2
1203 -3
1204 -4
1205 -5
1206 -6
1207 -7
1208 -8
1209 -9
1210 -10
1211 -11
1212 -12
1213 -13
1214 -14
1215 -15
1216 -16
1217 -17
1218 -18
1219 -19
1220 -20
1221 -20
1222 -20
1223 -20
1224 -20
1225 -20
1226 -20
1227 -20
1228 -20
1229 -20
1230 -20
1231 -20
1232 -20
1233 -20
1234 -20
1235 -20
1236 -20
1237 -20
1238 -20
1239 -20
1240 -20
1241 -19
1242 -18
1243 -17
1244 -16
1245 -15
1246 -14
1247 -13
1248 -12
1249 -11
1250 -10
1251 -9
1252 -8
1253 -7
1254 -6
1255 -5
1256 -4
1257 -3
1258 -2
1259 -1
1260 0
1261 1
1262 2
1263 3
1264 4
1265 5
1266 6
1267 7
1268 8
1269 9
1270 10
1271 11
1272 12
1273 13
1274 14
1275 15
1276 16
1277 17
1278 18
1279 19
1280 20
1281 21
1282 21
1283 21
1284 21
1285 21
1286 21
1287 21
1288 21
1289 21
1290 21
1291 21
1292 21
1293 21
1294 21
1295 21
1296 21
1297 21
1298 21
1299 21
1300 21
1301 21
1302 21
1303 20
1304 19
1305 18
1306 17
1307 16
1308 15
1309 14
1310 13
1311 12
1312 11
1313 10
1314 9
1315 8
1316 7
1317 6
1318 5
1319 4
1320 3
1321 2
1322 1
1323 0
1324 -1
1325 -2
1326 -3
1327 -4
1328 -5
1329 -6
1330 -7
1331 -8
1332 -9
1333 -10
1334 -11
1335 -12
1336 -13
1337 -14
1338 -15
1339 -16
1340 -17
1341 -18
1342 -19
1343 -20
1344 -21
1345 -21
1346 -21
1347 -21
1348 -21
1349 -21
1350 -21
1351 -21
1352 -21
1353 -21
1354 -21
1355 -21
1356 -21
1357 -21
1358 -21
1359 -21
1360 -21
1361 -21
1362 -21
1363 -21
1364 -21
1365 -21
1366 -20
1367 -19
1368 -18
1369 -17
1370 -16
1371 -15
1372 -14
1373 -13
1374 -12
1375 -11
1376 -10
1377 -9
1378 -8
1379 -7
1380 -6
1381 -5
1382 -4
1383 -3
1384 -2
1385 -1
1386 0
1387 1
1388 2
1389 3
1390 4
1391 5
1392 6
1393 7
1394 8
1395 9
1396 10
1397 11
1398 12
1399 13
1400 14
1401 15
1402 16
1403 17
1404 18
1405 19
1406 20
1407 21
1408 22
1409 22
1410 22
1411 22
1412 22
1413 22
1414 22
1415 22
1416 22
1417 22
1418 22
1419 22
1420 22
1421 22
1422 22
1423 22
1424 22
1425 22
1426 22
1427 22
1428 22
1429 22
1430 22
1431 21
1432 20
1433 19
1434 18
1435 17
1436 16
1437 15
1438 14
1439 13
1440 12
1441 11
1442 10
1443 9
1444 8
1445 7
1446 6
1447 5
1448 4
1449 3
1450 2
1451 1
1452 0
1453 -1
1454 -2
1455 -3
1456 -4
1457 -5
1458 -6
1459 -7
1460 -8
1461 -9
1462 -10
1463 -11
1464 -12
1465 -13
1466 -14
1467 -15
1468 -16
1469 -17
1470 -18
1471 -19
1472 -20
1473 -21
1474 -22
1475 -22
1476 -22
1477 -22
1478 -22
1479 -22
1480 -22
1481 -22
1482 -22
1483 -22
1484 -22
1485 -22
1486 -22
1487 -22
1488 -22
1489 -22
1490 -22
1491 -22
1492 -22
1493 -22
1494 -22
1495 -22
1496 -22
1497 -21
1498 -20
1499 -19
1500 -18
1501 -17
1502 -16
1503 -15
1504 -14
1505 -13
1506 -12
1507 -11
1508 -10
1509 -9
1510 -8
1511 -7
1512 -6
1513 -5
1514 -4
1515 -3
1516 -2
1517 -1
1518 0
1519 1
1520 2
1521 3
1522 4
1523 5
1524 6
1525 7
1526 8
1527 9
1528 10
1529 11
1530 12
1531 13
1532 14
1533 15
1534 16
1535 17
1536 18
1537 19
1538 20
1539 21
1540 22
1541 23
1542 23
1543 23
1544 23
1545 23
1546 23
1547 23
1548 23
1549 23
1550 23
1551 23
1552 23
1553 23
1554 23
1555 23
1556 23
1557 23
1558 23
1559 23
1560 23
1561 23
1562 23
1563 23
1564 23
1565 22
1566 21
1567 20
1568 19
1569 18
1570 17
1571 16
1572 15
1573 14
1574 13
1575 12
1576 11
1577 10
1578 9
1579 8
1580 7
1581 6
1582 5
1583 4
1584 3
1585 2
1586 1
1587 0
1588 -1
1589 -2
1590 -3
1591 -4
1592 -5
1593 -6
1594 -7
1595 -8
1596 -9
1597 -10
1598 -11
1599 -12
1600 -13
1601 -14
1602 -15
1603 -16
1604 -17
1605 -18
1606 -19
1607 -20
1608 -21
1609 -22
1610 -23
1611 -23
1612 -23
1613 -23
1614 -23
1615 -23
1616 -23
1617 -23
1618 -23
1619 -23
1620 -23
1621 -23
1622 -23
1623 -23
1624 -23
1625 -23
1626 -23
1627 -23
1628 -23
1629 -23
1630 -23
1631 -23
1632 -23
1633 -23
1634 -22
1635 -21
1636 -20
1637 -19
1638 -18
1639 -17
1640 -16
1641 -15
1642 -14
1643 -13
1644 -12
1645 -11
1646 -10
1647 -9
1648 -8
1649 -7
1650 -6
1651 -5
1652 -4
1653 -3
1654 -2
1655 -1
1656 0
1657 1
1658 2
1659 3
1660 4
1661 5
1662 6
1663 7
1664 8
1665 9
1666 10
1667 11
1668 12
1669 13
1670 14
1671 15
1672 16
1673 17
1674 18
1675 19
1676 20
1677 21
1678 22
1679 23
1680 24
1681 24
1682 24
1683 24
1684 24
1685 24
1686 24
1687 24
1688 24
1689 24
1690 24
1691 24
1692 24
1693 24
1694 24
1695 24
1696 24
1697 24
1698 24
1699 24
1700 24
1701 24
1702 24
1703 24
1704 24
1705 23
1706 22
1707 21
1708 20
1709 19
1710 18
1711 17
1712 16
1713 15
1714 14
1715 13
1716 12
1717 11
1718 10
1719 9
1720 8
1721 7
1722 6
1723 5
1724 4
1725 3
1726 2
1727 1
1728 0
1729 -1
1730 -2
1731 -3
1732 -4
1733 -5
1734 -6
1735 -7
1736 -8
1737 -9
1738 -10
1739 -11
1740 -12
1741 -13
1742 -14
1743 -15
1744 -16
1745 -17
1746 -18
1747 -19
1748 -20
1749 -21
1750 -22
1751 -23
1752 -24
1753 -24
1754 -24
1755 -24
1756 -24
1757 -24
1758 -24
1759 -24
1760 -24
1761 -24
1762 -24
1763 -24
1764 -24
1765 -24
1766 -24
1767 -24
1768 -24
1769 -24
1770 -24
1771 -24
1772 -24
1773 -24
1774 -24
1775 -24
1776 -24
1777 -23
1778 -22
1779 -21
1780 -20
1781 -19
1782 -18
1783 -17
1784 -16
1785 -15
1786 -14
1787 -13
1788 -12
1789 -11
1790 -10
1791 -9
1792 -8
1793 -7
1794 -6
1795 -5
1796 -4
1797 -3
1798 -2
1799 -1
1800 0
1801 1
1802 2
1803 3
1804 4
1805 5
1806 6
1807 7
1808 8
1809 9
1810 10
1811 11
1812 12
1813 13
1814 14
1815 15
1816 16
1817 17
1818 18
1819 19
1820 20
1821 21
1822 22
1823 23
1824 24
1825 25
1826 25
1827 25
1828 25
1829 25
1830 25
1831 25
1832 25
1833 25
1834 25
1835 25
1836 25
1837 25
1838 25
1839 25
1840 25
1841 25
1842 25
1843 25
1844 25
1845 25
1846 25
1847 25
1848 25
1849 25
1850 25
1851 24
1852 23
1853 22
1854 21
1855 20
1856 19
1857 18
1858 17
1859 16
1860 15
1861 14
1862 13
1863 12
1864 11
1865 10
1866 9
1867 8
1868 7
1869 6
1870 5
1871 4
1872 3
1873 2
1874 1
1875 0
1876 -1
1877 -2
1878 -3
1879 -4
1880 -5
1881 -6
1882 -7
1883 -8
1884 -9
1885 -10
1886 -11
1887 -12
1888 -13
1889 -14
1890 -15
1891 -16
1892 -17
1893 -18
1894 -19
1895 -20
1896 -21
1897 -22
1898 -23
1899 -24
1900 -25
1901 -25
1902 -25
1903 -25
1904 -25
1905 -25
1906 -25
1907 -25
1908 -25
1909 -25
1910 -25
1911 -25
1912 -25
1913 -25
1914 -25
1915 -25
1916 -25
1917 -25
1918 -25
1919 -25
1920 -25
1921 -25
1922 -25
1923 -25
1924 -25
1925 -25
1926 -24
1927 -23
1928 -22
1929 -21
1930 -20
1931 -19
1932 -18
1933 -17
1934 -16
1935 -15
1936 -14
1937 -13
1938 -12
1939 -11
1940 -10
1941 -9
1942 -8
1943 -7
1944 -6
1945 -5
1946 -4
1947 -3
1948 -2
1949 -1
1950 0
1951 1
1952 2
1953 3
1954 4
1955 5
1956 6
1957 7
1958 8
1959 9
1960 10
1961 11
1962 12
1963 13
1964 14
1965 15
1966 16
1967 17
1968 18
1969 19
1970 20
1971 21
1972 22
1973 23
1974 24
1975 25
1976 26
1977 26
1978 26
1979 26
1980 26
1981 26
1982 26
1983 26
1984 26
1985 26
1986 26
1987 26
1988 26
1989 26
1990 26
1991 26
1992 26
1993 26
1994 26
1995 26
1996 26
1997 26
1998 26
1999 26
2000 26
2001 26
2002 26
2003 25
2004 24
2005 23
2006 22
2007 21
2008 20
2009 19
2010 18
2011 17
2012 16
2013 15
2014 14
2015 13
2016 12
2017 11
2018 10
2019 9
2020 8
2021 7
2022 6
2023 5
2024 4
2025 3
2026 2
2027 1
2028 0
2029 -1
2030 -2
2031 -3
2032 -4
2033 -5
2034 -6
2035 -7
2036 -8
2037 -9
2038 -10
2039 -11
2040 -12
2041 -13
2042 -14
2043 -15
2044 -16
2045 -17
2046 -18
2047 -19
2048 -20
2049 -21
2050 -22
2051 -23
2052 -24
2053 -25
2054 -26
2055 -26
2056 -26
2057 -26
2058 -26
2059 -26
2060 -26
2061 -26
2062 -26
2063 -26
2064 -26
2065 -26
2066 -26
2067 -26
2068 -26
2069 -26
2070 -26
2071 -26
2072 -26
2073 -26
2074 -26
2075 -26
2076 -26
2077 -26
2078 -26
2079 -26
2080 -26
2081 -25
2082 -24
2083 -23
2084 -22
2085 -21
2086 -20
2087 -19
2088 -18
2089 -17
2090 -16
2091 -15
2092 -14
2093 -13
2094 -12
2095 -11
2096 -10
2097 -9
2098 -8
2099 -7
2100 -6
2101 -5
2102 -4
2103 -3
2104 -2
2105 -1
2106 0
2107 1
2108 2
2109 3
2110 4
2111 5
2112 6
2113 7
2114 8
2115 9
2116 10
2117 11
2118 12
2119 13
2120 14
2121 15
2122 16
2123 17
2124 18
2125 19
2126 20
2127 21
2128 22
2129 23
2130 24
2131 25
2132 26
2133 27
2134 27
2135 27
2136 27
2137 27
2138 27
2139 27
2140 27
2141 27
2142 27
2143 27
2144 27
2145 27
2146 27
2147 27
2148 27
2149 27
2150 27
2151 27
2152 27
2153 27
2154 27
2155 27
2156 27
2157 27
2158 27
2159 27
2160 27
2161 26
2162 25
2163 24
2164 23
2165 22
2166 21
2167 20
2168 19
2169 18
2170 17
2171 16
2172 15
2173 14
2174 13
2175 12
2176 11
2177 10
2178 9
2179 8
2180 7
2181 6
2182 5
2183 4
2184 3
2185 2
2186 1
2187 0
2188 -1
2189 -2
2190 -3
2191 -4
2192 -5
2193 -6
2194 -7
2195 -8
2196 -9
2197 -10
2198 -11
2199 -12
2200 -13
2201 -14
2202 -15
2203 -16
2204 -17
2205 -18
2206 -19
2207 -20
2208 -21
2209 -22
2210 -23
2211 -24
2212 -25
2213 -26
2214 -27
2215 -27
2216 -27
2217 -27
2218 -27
2219 -27
2220 -27
2221 -27
2222 -27
2223 -27
2224 -27
2225 -27
2226 -27
2227 -27
2228 -27
2229 -27
2230 -27
2231 -27
2232 -27
2233 -27
2234 -27
2235 -27
2236 -27
2237 -27
2238 -27
2239 -27
2240 -27
2241 -27
2242 -26
2243 -25
2244 -24
2245 -23
2246 -22
2247 -21
2248 -20
2249 -19
2250 -18
2251 -17
2252 -16
2253 -15
2254 -14
2255 -13
2256 -12
2257 -11
2258 -10
2259 -9
2260 -8
2261 -7
2262 -6
2263 -5
2264 -4
2265 -3
2266 -2
2267 -1
2268 0
2269 1
2270 2
2271 3
2272 4
2273 5
2274 6
2275 7
2276 8
2277 9
2278 10
2279 11
2280 12
2281 13
2282 14
2283 15
2284 16
2285 17
2286 18
2287 19
2288 20
2289 21
2290 22
2291 23
2292 24
2293 25
2294 26
2295 27
2296 28
2297 28
2298 28
2299 28
2300 28
2301 28
2302 28
2303 28
2304 28
2305 28
2306 28
2307 28
2308 28
2309 28
2310 28
2311 28
2312 28
2313 28
2314 28
2315 28
2316 28
2317 28
2318 28
2319 28
2320 28
2321 28
2322 28
2323 28
2324 28
2325 27
2326 26
2327 25
2328 24
2329 23
2330 22
2331 21
2332 20
2333 19
2334 18
2335 17
2336 16
2337 15
2338 14
2339 13
2340 12
2341 11
2342 10
2343 9
2344 8
2345 7
2346 6
2347 5
2348 4
2349 3
2350 2
2351 1
2352 0
2353 -1
2354 -2
2355 -3
2356 -4
2357 -5
2358 -6
2359 -7
2360 -8
2361 -9
2362 -10
2363 -11
2364 -12
2365 -13
2366 -14
2367 -15
2368 -16
2369 -17
2370 -18
2371 -19
2372 -20
2373 -21
2374 -22
2375 -23
2376 -24
2377 -25
2378 -26
2379 -27
2380 -28
2381 -28
2382 -28
2383 -28
2384 -28
2385 -28
2386 -28
2387 -28
2388 -28
2389 -28
2390 -28
2391 -28
2392 -28
2393 -28
2394 -28
2395 -28
2396 -28
2397 -28
2398 -28
2399 -28
2400 -28
2401 -28
2402 -28
2403 -28
2404 -28
2405 -28
2406 -28
2407 -28
2408 -28
2409 -27
2410 -26
2411 -25
2412 -24
2413 -23
2414 -22
2415 -21
2416 -20
2417 -19
2418 -18
2419 -17
2420 -16
2421 -15
2422 -14
2423 -13
2424 -12
2425 -11
2426 -10
2427 -9
2428 -8
2429 -7
2430 -6
2431 -5
2432 -4
2433 -3
2434 -2
2435 -1
2436 0
2437 1
2438 2
2439 3
2440 4
2441 5
2442 6
2443 7
2444 8
2445 9
2446 10
2447 11
2448 12
2449 13
2450 14
2451 15
2452 16
2453 17
2454 18
2455 19
2456 20
2457 21
2458 22
2459 23
2460 24
2461 25
2462 26
2463 27
2464 28
2465 29
2466 29
2467 29
2468 29
2469 29
2470 29
2471 29
2472 29
2473 29
2474 29
2475 29
2476 29
2477 29
2478 29
2479 29
2480 29
2481 29
2482 29
2483 29
2484 29
2485 29
2486 29
2487 29
2488 29
2489 29
2490 29
2491 29
2492 29
2493 29
2494 29
2495 28
2496 27
2497 26
2498 25
2499 24
2500 23
2501 22
2502 21
2503 20
2504 19
2505 18
2506 17
2507 16
2508 15
2509 14
2510 13
2511 12
2512 11
2513 10
2514 9
2515 8
2516 7
2517 6
2518 5
2519 4
2520 3
2521 2
2522 1
2523 0
2524 -1
2525 -2
2526 -3
2527 -4
2528 -5
2529 -6
2530 -7
2531 -8
2532 -9
2533 -10
2534 -11
2535 -12
2536 -13
2537 -14
2538 -15
2539 -16
2540 -17
2541 -18
2542 -19
2543 -20
2544 -21
2545 -22
2546 -23
2547 -24
2548 -25
2549 -26
2550 -27
2551 -28
2552 -29
2553 -29
2554 -29
2555 -29
2556 -29
2557 -29
2558 -29
2559 -29
2560 -29
2561 -29
2562 -29
2563 -29
2564 -29
2565 -29
2566 -29
2567 -29
2568 -29
2569 -29
2570 -29
2571 -29
2572 -29
2573 -29
2574 -29
2575 -29
2576 -29
2577 -29
2578 -29
2579 -29
2580 -29
2581 -29
2582 -28
2583 -27
2584 -26
2585 -25
2586 -24
2587 -23
2588 -22
2589 -21
2590 -20
2591 -19
2592 -18
2593 -17
2594 -16
2595 -15
2596 -14
2597 -13
2598 -12
2599 -11
2600 -10
2601 -9
2602 -8
2603 -7
2604 -6
2605 -5
2606 -4
2607 -3
2608 -2
2609 -1
2610 0
2611 1
2612 2
2613 3
2614 4
2615 5
2616 6
2617 7
2618 8
2619 9
2620 10
2621 11
2622 12
2623 13
2624 14
2625 15
2626 16
2627 17
2628 18
2629 19
2630 20
2631 21
2632 22
2633 23
2634 24
2635 25
2636 26
2637 27
2638 28
2639 29
2640 30
2641 30
2642 30
2643 30
2644 30
2645 30
2646 30
2647 30
2648 30
2649 30
2650 30
2651 30
2652 30
2653 30
2654 30
2655 30
2656 30
2657 30
2658 30
2659 30
2660 30
2661 30
2662 30
2663 30
2664 30
2665 30
2666 30
2667 30
2668 30
2669 30
2670 30
2671 29
2672 28
2673 27
2674 26
2675 25
2676 24
2677 23
2678 22
2679 21
2680 20
2681 19
2682 18
2683 17
2684 16
2685 15
2686 14
2687 13
2688 12
2689 11
2690 10
2691 9
2692 8
2693 7
2694 6
2695 5
2696 4
2697 3
2698 2
2699 1
2700 0
2701 -1
2702 -2
2703 -3
2704 -4
2705 -5
2706 -6
2707 -7
2708 -8
2709 -9
2710 -10
2711 -11
2712 -12
2713 -13
2714 -14
2715 -15
2716 -16
2717 -17
2718 -18
2719 -19
2720 -20
2721 -21
2722 -22
2723 -23
2724 -24
2725 -25
2726 -26
2727 -27
2728 -28
2729 -29
2730 -30
2731 -30
2732 -30
2733 -30
2734 -30
2735 -30
2736 -30
2737 -30
2738 -30
2739 -30
2740 -30
2741 -30
2742 -30
2743 -30
2744 -30
2745 -30
2746 -30
2747 -30
2748 -30
2749 -30
2750 -30
2751 -30
2752 -30
2753 -30
2754 -30
2755 -30
2756 -30
2757 -30
2758 -30
2759 -30
2760 -30
2761 -29
2762 -28
2763 -27
2764 -26
2765 -25
2766 -24
2767 -23
2768 -22
2769 -21
2770 -20
2771 -19
2772 -18
2773 -17
2774 -16
2775 -15
2776 -14
2777 -13
2778 -12
2779 -11
2780 -10
2781 -9
2782 -8
2783 -7
2784 -6
2785 -5
2786 -4
2787 -3
2788 -2
2789 -1
2790 0
2791 1
2792 2
2793 3
2794 4
2795 5
2796 6
2797 7
2798 8
2799 9
2800 10
2801 11
2802 12
2803 13
2804 14
2805 15
2806 16
2807 17
2808 18
2809 19
2810 20
2811 21
2812 22
2813 23
2814 24
2815 25
2816 26
2817 27
2818 28
2819 29
2820 30
2821 31
2822 31
2823 31
2824 31
2825 31
2826 31
2827 31
2828 31
2829 31
2830 31
2831 31
2832 31
2833 31
2834 31
2835 31
2836 31
2837 31
2838 31
2839 31
2840 31
2841 31
2842 31
2843 31
2844 31
2845 31
2846 31
2847 31
2848 31
2849 31
2850 31
2851 31
2852 31
2853 30
2854 29
2855 28
2856 27
2857 26
2858 25
2859 24
2860 23
2861 22
2862 21
2863 20
2864 19
2865 18
2866 17
2867 16
2868 15
2869 14
2870 13
2871 12
2872 11
2873 10
2874 9
2875 8
2876 7
2877 6
2878 5
2879 4
2880 3
2881 2
2882 1
2883 0
2884 -1
2885 -2
2886 -3
2887 -4
2888 -5
2889 -6
2890 -7
2891 -8
2892 -9
2893 -10
2894 -11
2895 -12
2896 -13
2897 -14
2898 -15
2899 -16
2900 -17
2901 -18
2902 -19
2903 -20
2904 -21
2905 -22
2906 -23
2907 -24
2908 -25
2909 -26
2910 -27
2911 -28
2912 -29
2913 -30
2914 -31
2915 -31
2916 -31
2917 -31
2918 -31
2919 -31
2920 -31
2921 -31
2922 -31
2923 -31
2924 -31
2925 -31
2926 -31
2927 -31
2928 -31
2929 -31
2930 -31
2931 -31
2932 -31
2933 -31
2934 -31
2935 -31
2936 -31
2937 -31
2938 -31
2939 -31
2940 -31
2941 -31
2942 -31
2943 -31
2944 -31
2945 -31
2946 -30
2947 -29
2948 -28
2949 -27
2950 -26
2951 -25
2952 -24
2953 -23
2954 -22
2955 -21
2956 -20
2957 -19
2958 -18
2959 -17
2960 -16
2961 -15
2962 -14
2963 -13
2964 -12
2965 -11
2966 -10
2967 -9
2968 -8
2969 -7
2970 -6
2971 -5
2972 -4
2973 -3
2974 -2
2975 -1
2976 0
2977 1
2978 2
2979 3
2980 4
2981 5
2982 6
2983 7
2984 8
2985 9
2986 10
2987 11
2988 12
2989 13
2990 14
2991 15
2992 16
2993 17
2994 18
2995 19
2996 20
2997 21
2998 22
2999 23
3000 24
3001 25
3002 26
3003 27
3004 28
3005 29
3006 30
3007 31
3008 32
3009 32
3010 32
3011 32
3012 32
3013 32
3014 32
3015 32
3016 32
3017 32
3018 32
3019 32
3020 32
3021 32
3022 32
3023 32
3024 32
3025 32
3026 32
3027 32
3028 32
3029 32
3030 32
3031 32
3032 32
3033 32
3034 32
3035 32
3036 32
3037 32
3038 32
3039 32
3040 32
3041 31
3042 30
3043 29
3044 28
3045 27
3046 26
3047 25
3048 24
3049 23
3050 22
3051 21
3052 20
3053 19
3054 18
3055 17
3056 16
3057 15
3058 14
3059 13
3060 12
3061 11
3062 10
3063 9
3064 8
3065 7
3066 6
3067 5
3068 4
3069 3
3070 2
3071 1
3072 0
3073 -1
3074 -2
3075 -3
3076 -4
3077 -5
3078 -6
3079 -7
3080 -8
3081 -9
3082 -10
3083 -11
3084 -12
3085 -13
3086 -14
3087 -15
3088 -16
3089 -17
3090 -18
3091 -19
3092 -20
3093 -21
3094 -22
3095 -23
3096 -24
3097 -25
3098 -26
3099 -27
3100 -28
3101 -29
3102 -30
3103 -31
3104 -32
3105 -32
3106 -32
3107 -32
3108 -32
3109 -32
3110 -32
3111 -32
3112 -32
3113 -32
3114 -32
3115 -32
3116 -32
3117 -32
3118 -32
3119 -32
3120 -32
3121 -32
3122 -32
3123 -32
3124 -32
3125 -32
3126 -32
3127 -32
3128 -32
3129 -32
3130 -32
3131 -32
3132 -32
3133 -32
3134 -32
3135 -32
3136 -32
3137 -31
3138 -30
3139 -29
3140 -28
3141 -27
3142 -26
3143 -25
3144 -24
3145 -23
3146 -22
3147 -21
3148 -20
3149 -19
3150 -18
3151 -17
3152 -16
3153 -15
3154 -14
3155 -13
3156 -12
3157 -11
3158 -10
3159 -9
3160 -8
3161 -7
3162 -6
3163 -5
3164 -4
3165 -3
3166 -2
3167 -1
3168 0
3169 1
3170 2
3171 3
3172 4
3173 5
3174 6
3175 7
3176 8
3177 9
3178 10
3179 11
3180 12
3181 13
3182 14
3183 15
3184 16
3185 17
3186 18
3187 19
3188 20
3189 21
3190 22
3191 23
3192 24
3193 25
3194 26
3195 27
3196 28
3197 29
3198 30
3199 31
3200 32
3201 33
3202 33
3203 33
3204 33
3205 33
3206 33
3207 33
3208 33
3209 33
3210 33
3211 33
3212 33
3213 33
3214 33
3215 33
3216 33
3217 33
3218 33
3219 33
3220 33
3221 33
3222 33
3223 33
3224 33
3225 33
3226 33
3227 33
3228 33
3229 33
3230 33
3231 33
3232 33
3233 33
3234 33
3235 32
3236 31
3237 30
3238 29
3239 28
3240 27
3241 26
3242 25
3243 24
3244 23
3245 22
3246 21
3247 20
3248 19
3249 18
3250 17
3251 16
3252 15
3253 14
3254 13
3255 12
3256 11
3257 10
3258 9
3259 8
3260 7
3261 6
3262 5
3263 4
3264 3
3265 2
3266 1
3267 0
3268 -1
3269 -2
3270 -3
3271 -4
3272 -5
3273 -6
3274 -7
3275 -8
3276 -9
3277 -10
3278 -11
3279 -12
3280 -13
3281 -14
3282 -15
3283 -16
3284 -17
3285 -18
3286 -19
3287 -20
3288 -21
3289 -22
3290 -23
3291 -24
3292 -25
3293 -26
3294 -27
3295 -28
3296 -29
3297 -30
3298 -31
3299 -32
3300 -33
3301 -33
3302 -33
3303 -33
3304 -33
3305 -33
3306 -33
3307 -33
3308 -33
3309 -33
3310 -33
3311 -33
3312 -33
3313 -33
3314 -33
3315 -33
3316 -33
3317 -33
3318 -33
3319 -33
3320 -33
3321 -33
3322 -33
3323 -33
3324 -33
3325 -33
3326 -33
3327 -33
3328 -33
3329 -33
3330 -33
3331 -33
3332 -33
3333 -33
3334 -32
3335 -31
3336 -30
3337 -29
3338 -28
3339 -27
3340 -26
3341 -25
3342 -24
3343 -23
3344 -22
3345 -21
3346 -20
3347 -19
3348 -18
3349 -17
3350 -16
3351 -15
3352 -14
3353 -13
3354 -12
3355 -11
3356 -10
3357 -9
3358 -8
3359 -7
3360 -6
3361 -5
3362 -4
3363 -3
3364 -2
3365 -1
3366 0
3367 1
3368 2
3369 3
3370 4
3371 5
3372 6
3373 7
3374 8
3375 9
3376 10
3377 11
3378 12
3379 13
3380 14
3381 15
3382 16
3383 17
3384 18
3385 19
3386 20
3387 21
3388 22
3389 23
3390 24
3391 25
3392 26
3393 27
3394 28
3395 29
3396 30
3397 31
3398 32
3399 33
3400 34
3401 34
3402 34
3403 34
3404 34
3405 34
3406 34
3407 34
3408 34
3409 34
3410 34
3411 34
3412 34
3413 34
3414 34
3415 34
3416 34
3417 34
3418 34
3419 34
3420 34
3421 34
3422 34
3423 34
3424 34
3425 34
3426 34
3427 34
3428 34
3429 34
3430 34
3431 34
3432 34
3433 34
3434 34
3435 33
3436 32
3437 31
3438 30
3439 29
3440 28
3441 27
3442 26
3443 25
3444 24
3445 23
3446 22
3447 21
3448 20
3449 19
3450 18
3451 17
3452 16
3453 15
3454 14
3455 13
3456 12
3457 11
3458 10
3459 9
3460 8
3461 7
3462 6
3463 5
3464 4
3465 3
3466 2
3467 1
3468 0
3469 -1
3470 -2
3471 -3
3472 -4
3473 -5
3474 -6
3475 -7
3476 -8
3477 -9
3478 -10
3479 -11
3480 -12
3481 -13
3482 -14
3483 -15
3484 -16
3485 -17
3486 -18
3487 -19
3488 -20
3489 -21
3490 -22
3491 -23
3492 -24
3493 -25
3494 -26
3495 -27
3496 -28
3497 -29
3498 -30
3499 -31
3500 -32
3501 -33
3502 -34
3503 -34
3504 -34
3505 -34
3506 -34
3507 -34
3508 -34
3509 -34
3510 -34
3511 -34
3512 -34
3513 -34
3514 -34
3515 -34
3516 -34
3517 -34
3518 -34
3519 -34
3520 -34
3521 -34
3522 -34
3523 -34
3524 -34
3525 -34
3526 -34
3527 -34
3528 -34
3529 -34
3530 -34
3531 -34
3532 -34
3533 -34
3534 -34
3535 -34
3536 -34
3537 -33
3538 -32
3539 -31
3540 -30
3541 -29
3542 -28
3543 -27
3544 -26
3545 -25
3546 -24
3547 -23
3548 -22
3549 -21
3550 -20
3551 -19
3552 -18
3553 -17
3554 -16
3555 -15
3556 -14
3557 -13
3558 -12
3559 -11
3560 -10
3561 -9
3562 -8
3563 -7
3564 -6
3565 -5
3566 -4
3567 -3
3568 -2
3569 -1
3570 0
3571 1
3572 2
3573 3
3574 4
3575 5
3576 6
3577 7
3578 8
3579 9
3580 10
3581 11
3582 12
3583 13
3584 14
3585 15
3586 16
3587 17
3588 18
3589 19
3590 20
3591 21
3592 22
3593 23
3594 24
3595 25
3596 26
3597 27
3598 28
3599 29
3600 30
3601 31
3602 32
3603 33
3604 34
3605 35
3606 35
3607 35
3608 35
3609 35
3610 35
3611 35
3612 35
3613 35
3614 35
3615 35
3616 35
3617 35
3618 35
3619 35
3620 35
3621 35
3622 35
3623 35
3624 35
3625 35
3626 35
3627 35
3628 35
3629 35
3630 35
3631 35
3632 35
3633 35
3634 35
3635 35
3636 35
3637 35
3638 35
3639 35
3640 35
3641 34
3642 33
3643 32
3644 31
3645 30
3646 29
3647 28
3648 27
3649 26
3650 25
3651 24
3652 23
3653 22
3654 21
3655 20
3656 19
3657 18
3658 17
3659 16
3660 15
3661 14
3662 13
3663 12
3664 11
3665 10
3666 9
3667 8
3668 7
3669 6
3670 5
3671 4
3672 3
3673 2
3674 1
3675 0
3676 -1
3677 -2
3678 -3
3679 -4
3680 -5
3681 -6
3682 -7
3683 -8
3684 -9
3685 -10
3686 -11
3687 -12
3688 -13
3689 -14
3690 -15
3691 -16
3692 -17
3693 -18
3694 -19
3695 -20
3696 -21
3697 -22
3698 -23
3699 -24
3700 -25
3701 -26
3702 -27
3703 -28
3704 -29
3705 -30
3706 -31
3707 -32
3708 -33
3709 -34
3710 -35
3711 -35
3712 -35
3713 -35
3714 -35
3715 -35
3716 -35
3717 -35
3718 -35
3719 -35
3720 -35
3721 -35
3722 -35
3723 -35
3724 -35
3725 -35
3726 -35
3727 -35
3728 -35
3729 -35
3730 -35
3731 -35
3732 -35
3733 -35
3734 -35
3735 -35
3736 -35
3737 -35
3738 -35
3739 -35
3740 -35
3741 -35
3742 -35
3743 -35
3744 -35
3745 -35
3746 -34
3747 -33
3748 -32
3749 -31
3750 -30
3751 -29
3752 -28
3753 -27
3754 -26
3755 -25
3756 -24
3757 -23
3758 -22
3759 -21
3760 -20
3761 -19
3762 -18
3763 -17
3764 -16
3765 -15
3766 -14
3767 -13
3768 -12
3769 -11
3770 -10
3771 -9
3772 -8
3773 -7
3774 -6
3775 -5
3776 -4
3777 -3
3778 -2
3779 -1
3780 0
3781 1
3782 2
3783 3
3784 4
3785 5
3786 6
3787 7
3788 8
3789 9
3790 10
3791 11
3792 12
3793 13
3794 14
3795 15
3796 16
3797 17
3798 18
3799 19
3800 20
3801 21
3802 22
3803 23
3804 24
3805 25
3806 26
3807 27
3808 28
3809 29
3810 30
3811 31
3812 32
3813 33
3814 34
3815 35
3816 36
3817 36
3818 36
3819 36
3820 36
3821 36
3822 36
3823 36
3824 36
3825 36
3826 36
3827 36
3828 36
3829 36
3830 36
3831 36
3832 36
3833 36
3834 36
3835 36
3836 36
3837 36
3838 36
3839 36
3840 36
3841 36
3842 36
3843 36
3844 36
3845 36
3846 36
3847 36
3848 36
3849 36
3850 36
3851 36
3852 36
3853 35
3854 34
3855 33
3856 32
3857 31
3858 30
3859 29
3860 28
3861 27
3862 26
3863 25
3864 24
3865 23
3866 22
3867 21
3868 20
3869 19
3870 18
3871 17
3872 16
3873 15
3874 14
3875 13
3876 12
3877 11
3878 10
3879 9
3880 8
3881 7
3882 6
3883 5
3884 4
3885 3
3886 2
3887 1
3888 0
3889 -1
3890 -2
3891 -3
3892 -4
3893 -5
3894 -6
3895 -7
3896 -8
3897 -9
3898 -10
3899 -11
3900 -12
3901 -13
3902 -14
3903 -15
3904 -16
3905 -17
3906 -18
3907 -19
3908 -20
3909 -21
3910 -22
3911 -23
3912 -24
3913 -25
3914 -26
3915 -27
3916 -28
3917 -29
3918 -30
3919 -31
3920 -32
3921 -33
3922 -34
3923 -35
3924 -36
3925 -36
3926 -36
3927 -36
3928 -36
3929 -36
3930 -36
3931 -36
3932 -36
3933 -36
3934 -36
3935 -36
3936 -36
3937 -36
3938 -36
3939 -36
3940 -36
3941 -36
3942 -36
3943 -36
3944 -36
3945 -36
3946 -36
3947 -36
3948 -36
3949 -36
3950 -36
3951 -36
3952 -36
3953 -36
3954 -36
3955 -36
3956 -36
3957 -36
3958 -36
3959 -36
3960 -36
3961 -35
3962 -34
3963 -33
3964 -32
3965 -31
3966 -30
3967 -29
3968 -28
3969 -27
3970 -26
3971 -25
3972 -24
3973 -23
3974 -22
3975 -21
3976 -20
3977 -19
3978 -18
3979 -17
3980 -16
3981 -15
3982 -14
3983 -13
3984 -12
3985 -11
3986 -10
3987 -9
3988 -8
3989 -7
3990 -6
3991 -5
3992 -4
3993 -3
3994 -2
3995 -1
3996 0
3997 1
3998 2
3999 3
4000 4
4001 5
4002 6
4003 7
4004 8
4005 9
4006 10
4007 11
4008 12
4009 13
4010 14
4011 15
4012 16
4013 17
4014 18
4015 19
4016 20
4017 21
4018 22
4019 23
4020 24
4021 25
4022 26
4023 27
4024 28
4025 29
4026 30
4027 31
4028 32
4029 33
4030 34
4031 35
4032 36
4033 37
4034 37
4035 37
4036 37
4037 37
4038 37
4039 37
4040 37
4041 37
4042 37
4043 37
4044 37
4045 37
4046 37
4047 37
4048 37
4049 37
4050 37
4051 37
4052 37
4053 37
4054 37
4055 37
4056 37
4057 37
4058 37
4059 37
4060 37
4061 37
4062 37
4063 37
4064 37
4065 37
4066 37
4067 37
4068 37
4069 37
4070 37
4071 36
4072 35
4073 34
4074 33
4075 32
4076 31
4077 30
4078 29
4079 28
4080 27
4081 26
4082 25
4083 24
4084 23
4085 22
4086 21
4087 20
4088 19
4089 18
4090 17
4091 16
4092 15
4093 14
4094 13
4095 12
4096 11
4097 10
4098 9
4099 8
4100 7
4101 6
4102 5
4103 4
4104 3
4105 2
4106 1
4107 0
4108 -1
4109 -2
4110 -3
4111 -4
4112 -5
4113 -6
4114 -7
4115 -8
4116 -9
4117 -10
4118 -11
4119 -12
4120 -13
4121 -14
4122 -15
4123 -16
4124 -17
4125 -18
4126 -19
4127 -20
4128 -21
4129 -22
4130 -23
4131 -24
4132 -25
4133 -26
4134 -27
4135 -28
4136 -29
4137 -30
4138 -31
4139 -32
4140 -33
4141 -34
4142 -35
4143 -36
4144 -37
4145 -37
4146 -37
4147 -37
4148 -37
4149 -37
4150 -37
4151 -37
4152 -37
4153 -37
4154 -37
4155 -37
4156 -37
4157 -37
4158 -37
4159 -37
4160 -37
4161 -37
4162 -37
4163 -37
4164 -37
4165 -37
4166 -37
4167 -37
4168 -37
4169 -37
4170 -37
4171 -37
4172 -37
4173 -37
4174 -37
4175 -37
4176 -37
4177 -37
4178 -37
4179 -37
4180 -37
4181 -37
4182 -36
4183 -35
4184 -34
4185 -33
4186 -32
4187 -31
4188 -30
4189 -29
4190 -28
4191 -27
4192 -26
4193 -25
4194 -24
4195 -23
4196 -22
4197 -21
4198 -20
4199 -19
4200 -18
4201 -17
4202 -16
4203 -15
4204 -14
4205 -13
4206 -12
4207 -11
4208 -10
4209 -9
4210 -8
4211 -7
4212 -6
4213 -5
4214 -4
4215 -3
4216 -2
4217 -1
4218 0
4219 1
4220 2
4221 3
4222 4
4223 5
4224 6
4225 7
4226 8
4227 9
4228 10
4229 11
4230 12
4231 13
4232 14
4233 15
4234 16
4235 17
4236 18
4237 19
4238 20
4239 21
4240 22
4241 23
4242 24
4243 25
4244 26
4245 27
4246 28
4247 29
4248 30
4249 31
4250 32
4251 33
4252 34
4253 35
4254 36
4255 37
4256 38
4257 38
4258 38
4259 38
4260 38
4261 38
4262 38
4263 38
4264 38
4265 38
4266 38
4267 38
4268 38
4269 38
4270 38
4271 38
4272 38
4273 38
4274 38
4275 38
4276 38
4277 38
4278 38
4279 38
4280 38
4281 38
4282 38
4283 38
4284 38
4285 38
4286 38
4287 38
4288 38
4289 38
4290 38
4291 38
4292 38
4293 38
4294 38
4295 37
4296 36
4297 35
4298 34
4299 33
4300 32
4301 31
4302 30
4303 29
4304 28
4305 27
4306 26
4307 25
4308 24
4309 23
4310 22
4311 21
4312 20
4313 19
4314 18
4315 17
4316 16
4317 15
4318 14
4319 13
4320 12
4321 11
4322 10
4323 9
4324 8
4325 7
4326 6
4327 5
4328 4
4329 3
4330 2
4331 1
4332 0
4333 -1
4334 -2
4335 -3
4336 -4
4337 -5
4338 -6
4339 -7
4340 -8
4341 -9
4342 -10
4343 -11
4344 -12
4345 -13
4346 -14
4347 -15
4348 -16
4349 -17
4350 -18
4351 -19
4352 -20
4353 -21
4354 -22
4355 -23
4356 -24
4357 -25
4358 -26
4359 -27
4360 -28
4361 -29
4362 -30
4363 -31
4364 -32
4365 -33
4366 -34
4367 -35
4368 -36
4369 -37
4370 -38
4371 -38
4372 -38
4373 -38
4374 -38
4375 -38
4376 -38
4377 -38
4378 -38
4379 -38
4380 -38
4381 -38
4382 -38
4383 -38
4384 -38
4385 -38
4386 -38
4387 -38
4388 -38
4389 -38
4390 -38
4391 -38
4392 -38
4393 -38
4394 -38
4395 -38
4396 -38
4397 -38
4398 -38
4399 -38
4400 -38
4401 -38
4402 -38
4403 -38
4404 -38
4405 -38
4406 -38
4407 -38
4408 -38
4409 -37
4410 -36
4411 -35
4412 -34
4413 -33
4414 -32
4415 -31
4416 -30
4417 -29
4418 -28
4419 -27
4420 -26
4421 -25
4422 -24
4423 -23
4424 -22
4425 -21
4426 -20
4427 -19
4428 -18
4429 -17
4430 -16
4431 -15
4432 -14
4433 -13
4434 -12
4435 -11
4436 -10
4437 -9
4438 -8
4439 -7
4440 -6
4441 -5
4442 -4
4443 -3
4444 -2
4445 -1
4446 0
4447 1
4448 2
4449 3
4450 4
4451 5
4452 6
4453 7
4454 8
4455 9
4456 10
4457 11
4458 12
4459 13
4460 14
4461 15
4462 16
4463 17
4464 18
4465 19
4466 20
4467 21
4468 22
4469 23
4470 24
4471 25
4472 26
4473 27
4474 28
4475 29
4476 30
4477 31
4478 32
4479 33
4480 34
4481 35
4482 36
4483 37
4484 38
4485 39
4486 39
4487 39
4488 39
4489 39
4490 39
4491 39
4492 39
4493 39
4494 39
4495 39
4496 39
4497 39
4498 39
4499 39
4500 39
4501 39
4502 39
4503 39
4504 39
4505 39
4506 39
4507 39
4508 39
4509 39
4510 39
4511 39
4512 39
4513 39
4514 39
4515 39
4516 39
4517 39
4518 39
4519 39
4520 39
4521 39
4522 39
4523 39
4524 39
4525 38
4526 37
4527 36
4528 35
4529 34
4530 33
4531 32
4532 31
4533 30
4534 29
4535 28
4536 27
4537 26
4538 25
4539 24
4540 23
4541 22
4542 21
4543 20
4544 19
4545 18
4546 17
4547 16
4548 15
4549 14
4550 13
4551 12
4552 11
4553 10
4554 9
4555 8
4556 7
4557 6
4558 5
4559 4
4560 3
4561 2
4562 1
4563 0
4564 -1
4565 -2
4566 -3
4567 -4
4568 -5
4569 -6
4570 -7
4571 -8
4572 -9
4573 -10
4574 -11
4575 -12
4576 -13
4577 -14
4578 -15
4579 -16
4580 -17
4581 -18
4582 -19
4583 -20
4584 -21
4585 -22
4586 -23
4587 -24
4588 -25
4589 -26
4590 -27
4591 -28
4592 -29
4593 -30
4594 -31
4595 -32
4596 -33
4597 -34
4598 -35
4599 -36
4600 -37
4601 -38
4602 -39
4603 -39
4604 -39
4605 -39
4606 -39
4607 -39
4608 -39
4609 -39
4610 -39
4611 -39
4612 -39
4613 -39
4614 -39
4615 -39
4616 -39
4617 -39
4618 -39
4619 -39
4620 -39
4621 -39
4622 -39
4623 -39
4624 -39
4625 -39
4626 -39
4627 -39
4628 -39
4629 -39
4630 -39
4631 -39
4632 -39
4633 -39
4634 -39
4635 -39
4636 -39
4637 -39
4638 -39
4639 -39
4640 -39
4641 -39
4642 -38
4643 -37
4644 -36
4645 -35
4646 -34
4647 -33
4648 -32
4649 -31
4650 -30
4651 -29
4652 -28
4653 -27
4654 -26
4655 -25
4656 -24
4657 -23
4658 -22
4659 -21
4660 -20
4661 -19
4662 -18
4663 -17
4664 -16
4665 -15
4666 -14
4667 -13
4668 -12
4669 -11
4670 -10
4671 -9
4672 -8
4673 -7
4674 -6
4675 -5
4676 -4
4677 -3
4678 -2
4679 -1
4680 0
4681 1
4682 2
4683 3
4684 4
4685 5
4686 6
4687 7
4688 8
4689 9
4690 10
4691 11
4692 12
4693 13
4694 14
4695 15
4696 16
4697 17
4698 18
4699 19
4700 20
4701 21
4702 22
4703 23
4704 24
4705 25
4706 26
4707 27
4708 28
4709 29
4710 30
4711 31
4712 32
4713 33
4714 34
4715 35
4716 36
4717 37
4718 38
4719 39
4720 40
4721 40
4722 40
4723 40
4724 40
4725 40
4726 40
4727 40
4728 40
4729 40
4730 40
4731 40
4732 40
4733 40
4734 40
4735 40
4736 40
4737 40
4738 40
4739 40
4740 40
4741 40
4742 40
4743 40
4744 40
4745 40
4746 40
4747 40
4748 40
4749 40
4750 40
4751 40
4752 40
4753 40
4754 40
4755 40
4756 40
4757 40
4758 40
4759 40
4760 40
4761 39
4762 38
4763 37
4764 36
4765 35
4766 34
4767 33
4768 32
4769 31
4770 30
4771 29
4772 28
4773 27
4774 26
4775 25
4776 24
4777 23
4778 22
4779 21
4780 20
4781 19
4782 18
4783 17
4784 16
4785 15
4786 14
4787 13
4788 12
4789 11
4790 10
4791 9
4792 8
4793 7
4794 6
4795 5
4796 4
4797 3
4798 2
4799 1
4800 0
4801 -1
4802 -2
4803 -3
4804 -4
4805 -5
4806 -6
4807 -7
4808 -8
4809 -9
4810 -10
4811 -11
4812 -12
4813 -13
4814 -14
4815 -15
4816 -16
4817 -17
4818 -18
4819 -19
4820 -20
4821 -21
4822 -22
4823 -23
4824 -24
4825 -25
4826 -26
4827 -27
4828 -28
4829 -29
4830 -30
4831 -31
4832 -32
4833 -33
4834 -34
4835 -35
4836 -36
4837 -37
4838 -38
4839 -39
4840 -40
4841 -40
4842 -40
4843 -40
4844 -40
4845 -40
4846 -40
4847 -40
4848 -40
4849 -40
4850 -40
4851 -40
4852 -40
4853 -40
4854 -40
4855 -40
4856 -40
4857 -40
4858 -40
4859 -40
4860 -40
4861 -40
4862 -40
4863 -40
4864 -40
4865 -40
4866 -40
4867 -40
4868 -40
4869 -40
4870 -40
4871 -40
4872 -40
4873 -40
4874 -40
4875 -40
4876 -40
4877 -40
4878 -40
4879 -40
4880 -40
4881 -39
4882 -38
4883 -37
4884 -36
4885 -35
4886 -34
4887 -33
4888 -32
4889 -31
4890 -30
4891 -29
4892 -28
4893 -27
4894 -26
4895 -25
4896 -24
4897 -23
4898 -22
4899 -21
4900 -20
4901 -19
4902 -18
4903 -17
4904 -16
4905 -15
4906 -14
4907 -13
4908 -12
4909 -11
4910 -10
4911 -9
4912 -8
4913 -7
4914 -6
4915 -5
4916 -4
4917 -3
4918 -2
4919 -1
4920 0
4921 1
4922 2
4923 3
4924 4
4925 5
4926 6
4927 7
4928 8
4929 9
4930 10
4931 11
4932 12
4933 13
4934 14
4935 15
4936 16
4937 17
4938 18
4939 19
4940 20
4941 21
4942 22
4943 23
4944 24
4945 25
4946 26
4947 27
4948 28
4949 29
4950 30
4951 31
4952 32
4953 33
4954 34
4955 35
4956 36
4957 37
4958 38
4959 39
4960 40
4961 41
4962 41
4963 41
4964 41
4965 41
4966 41
4967 41
4968 41
4969 41
4970 41
4971 41
4972 41
4973 41
4974 41
4975 41
4976 41
4977 41
4978 41
4979 41
4980 41
4981 41
4982 41
4983 41
4984 41
4985 41
4986 41
4987 41
4988 41
4989 41
4990 41
4991 41
4992 41
4993 41
4994 41
4995 41
4996 41
4997 41
4998 41
4999 41
5000 41
5001 41
5002 41
5003 40
5004 39
5005 38
5006 37
5007 36
5008 35
5009 34
5010 33
5011 32
5012 31
5013 30
5014 29
5015 28
5016 27
5017 26
5018 25
5019 24
5020 23
5021 22
5022 21
5023 20
5024 19
5025 18
5026 17
5027 16
5028 15
5029 14
5030 13
5031 12
5032 11
5033 10
5034 9
5035 8
5036 7
5037 6
5038 5
5039 4
5040 3
5041 2
5042 1
5043 0
5044 -1
5045 -2
5046 -3
5047 -4
5048 -5
5049 -6
5050 -7
5051 -8
5052 -9
5053 -10
5054 -11
5055 -12
5056 -13
5057 -14
5058 -15
5059 -16
5060 -17
5061 -18
5062 -19
5063 -20
5064 -21
5065 -22
5066 -23
5067 -24
5068 -25
5069 -26
5070 -27
5071 -28
5072 -29
5073 -30
5074 -31
5075 -32
5076 -33
5077 -34
5078 -35
5079 -36
5080 -37
5081 -38
5082 -39
5083 -40
5084 -41
5085 -41
5086 -41
5087 -41
5088 -41
5089 -41
5090 -41
5091 -41
5092 -41
5093 -41
5094 -41
5095 -41
5096 -41
5097 -41
5098 -41
5099 -41
5100 -41
5101 -41
5102 -41
5103 -41
5104 -41
5105 -41
5106 -41
5107 -41
5108 -41
5109 -41
5110 -41
5111 -41
5112 -41
5113 -41
5114 -41
5115 -41
5116 -41
5117 -41
5118 -41
5119 -41
5120 -41
5121 -41
5122 -41
5123 -41
5124 -41
5125 -41
5126 -40
5127 -39
5128 -38
5129 -37
5130 -36
5131 -35
5132 -34
5133 -33
5134 -32
5135 -31
5136 -30
5137 -29
5138 -28
5139 -27
5140 -26
5141 -25
5142 -24
5143 -23
5144 -22
5145 -21
5146 -20
5147 -19
5148 -18
5149 -17
5150 -16
5151 -15
5152 -14
5153 -13
5154 -12
5155 -11
5156 -10
5157 -9
5158 -8
5159 -7
5160 -6
5161 -5
5162 -4
5163 -3
5164 -2
5165 -1
5166 0
5167 1
5168 2
5169 3
5170 4
5171 5
5172 6
5173 7
5174 8
5175 9
5176 10
5177 11
5178 12
5179 13
5180 14
5181 15
5182 16
5183 17
5184 18
5185 19
5186 20
5187 21
5188 22
5189 23
5190 24
5191 25
5192 26
5193 27
5194 28
5195 29
5196 30
5197 31
5198 32
5199 33
5200 34
5201 35
5202 36
5203 37
5204 38
5205 39
5206 40
5207 41
5208 42
5209 42
5210 42
5211 42
5212 42
5213 42
5214 42
5215 42
5216 42
5217 42
5218 42
5219 42
5220 42
5221 42
5222 42
5223 42
5224 42
5225 42
5226 42
5227 42
5228 42
5229 42
5230 42
5231 42
5232 42
5233 42
5234 42
5235 42
5236 42
5237 42
5238 42
5239 42
5240 42
5241 42
5242 42
5243 42
5244 42
5245 42
5246 42
5247 42
5248 42
5249 42
5250 42
5251 41
5252 40
5253 39
5254 38
5255 37
5256 36
5257 35
5258 34
5259 33
5260 32
5261 31
5262 30
5263 29
5264 28
5265 27
5266 26
5267 25
5268 24
5269 23
5270 22
5271 21
5272 20
5273 19
5274 18
5275 17
5276 16
5277 15
5278 14
5279 13
5280 12
5281 11
5282 10
5283 9
5284 8
5285 7
5286 6
5287 5
5288 4
5289 3
5290 2
5291 1
5292 0
5293 -1
5294 -2
5295 -3
5296 -4
5297 -5
5298 -6
5299 -7
5300 -8
5301 -9
5302 -10
5303 -11
5304 -12
5305 -13
5306 -14
5307 -15
5308 -16
5309 -17
5310 -18
5311 -19
5312 -20
5313 -21
5314 -22
5315 -23
5316 -24
5317 -25
5318 -26
5319 -27
5320 -28
5321 -29
5322 -30
5323 -31
5324 -32
5325 -33
5326 -34
5327 -35
5328 -36
5329 -37
5330 -38
5331 -39
5332 -40
5333 -41
5334 -42
5335 -42
5336 -42
5337 -42
5338 -42
5339 -42
5340 -42
5341 -42
5342 -42
5343 -42
5344 -42
5345 -42
5346 -42
5347 -42
5348 -42
5349 -42
5350 -42
5351 -42
5352 -42
5353 -42
5354 -42
5355 -42
5356 -42
5357 -42
5358 -42
5359 -42
5360 -42
5361 -42
5362 -42
5363 -42
5364 -42
5365 -42
5366 -42
5367 -42
5368 -42
5369 -42
5370 -42
5371 -42
5372 -42
5373 -42
5374 -42
5375 -42
5376 -42
5377 -41
5378 -40
5379 -39
5380 -38
5381 -37
5382 -36
5383 -35
5384 -34
5385 -33
5386 -32
5387 -31
5388 -30
5389 -29
5390 -28
5391 -27
5392 -26
5393 -25
5394 -24
5395 -23
5396 -22
5397 -21
5398 -20
5399 -19
5400 -18
5401 -17
5402 -16
5403 -15
5404 -14
5405 -13
5406 -12
5407 -11
5408 -10
5409 -9
5410 -8
5411 -7
5412 -6
5413 -5
5414 -4
5415 -3
5416 -2
5417 -1
5418 0
5419 1
5420 2
5421 3
5422 4
5423 5
5424 6
5425 7
5426 8
5427 9
5428 10
5429 11
5430 12
5431 13
5432 14
5433 15
5434 16
5435 17
5436 18
5437 19
5438 20
5439 21
5440 22
5441 23
5442 24
5443 25
5444 26
5445 27
5446 28
5447 29
5448 30
5449 31
5450 32
5451 33
5452 34
5453 35
5454 36
5455 37
5456 38
5457 39
5458 40
5459 41
5460 42
5461 43
5462 43
5463 43
5464 43
5465 43
5466 43
5467 43
5468 43
5469 43
5470 43
5471 43
5472 43
5473 43
5474 43
5475 43
5476 43
5477 43
5478 43
5479 43
5480 43
5481 43
5482 43
5483 43
5484 43
5485 43
5486 43
5487 43
5488 43
5489 43
5490 43
5491 43
5492 43
5493 43
5494 43
5495 43
5496 43
5497 43
5498 43
5499 43
5500 43
5501 43
5502 43
5503 43
5504 43
5505 42
5506 41
5507 40
5508 39
5509 38
5510 37
5511 36
5512 35
5513 34
5514 33
5515 32
5516 31
5517 30
5518 29
5519 28
5520 27
5521 26
5522 25
5523 24
5524 23
5525 22
5526 21
5527 20
5528 19
5529 18
5530 17
5531 16
5532 15
5533 14
5534 13
5535 12
5536 11
5537 10
5538 9
5539 8
5540 7
5541 6
5542 5
5543 4
5544 3
5545 2
5546 1
5547 0
5548 -1
5549 -2
5550 -3
5551 -4
5552 -5
5553 -6
5554 -7
5555 -8
5556 -9
5557 -10
5558 -11
5559 -12
5560 -13
5561 -14
5562 -15
5563 -16
5564 -17
5565 -18
5566 -19
5567 -20
5568 -21
5569 -22
5570 -23
5571 -24
5572 -25
5573 -26
5574 -27
5575 -28
5576 -29
5577 -30
5578 -31
5579 -32
5580 -33
5581 -34
5582 -35
5583 -36
5584 -37
5585 -38
5586 -39
5587 -40
5588 -41
5589 -42
5590 -43
5591 -43
5592 -43
5593 -43
5594 -43
5595 -43
5596 -43
5597 -43
5598 -43
5599 -43
5600 -43
5601 -43
5602 -43
5603 -43
5604 -43
5605 -43
5606 -43
5607 -43
5608 -43
5609 -43
5610 -43
5611 -43
5612 -43
5613 -43
5614 -43
5615 -43
5616 -43
5617 -43
5618 -43
5619 -43
5620 -43
5621 -43
5622 -43
5623 -43
5624 -43
5625 -43
5626 -43
5627 -43
5628 -43
5629 -43
5630 -43
5631 -43
5632 -43
5633 -43
5634 -42
5635 -41
5636 -40
5637 -39
5638 -38
5639 -37
5640 -36
5641 -35
5642 -34
5643 -33
5644 -32
5645 -31
5646 -30
5647 -29
5648 -28
5649 -27
5650 -26
5651 -25
5652 -24
5653 -23
5654 -22
5655 -21
5656 -20
5657 -19
5658 -18
5659 -17
5660 -16
5661 -15
5662 -14
5663 -13
5664 -12
5665 -11
5666 -10
5667 -9
5668 -8
5669 -7
5670 -6
5671 -5
5672 -4
5673 -3
5674 -2
5675 -1
5676 0
5677 1
5678 2
5679 3
5680 4
5681 5
5682 6
5683 7
5684 8
5685 9
5686 10
5687 11
5688 12
5689 13
5690 14
5691 15
5692 16
5693 17
5694 18
5695 19
5696 20
5697 21
5698 22
5699 23
5700 24
5701 25
5702 26
5703 27
5704 28
5705 29
5706 30
5707 31
5708 32
5709 33
5710 34
5711 35
5712 36
5713 37
5714 38
5715 39
5716 40
5717 41
5718 42
5719 43
5720 44
5721 44
5722 44
5723 44
5724 44
5725 44
5726 44
5727 44
5728 44
5729 44
5730 44
5731 44
5732 44
5733 44
5734 44
5735 44
5736 44
5737 44
5738 44
5739 44
5740 44
5741 44
5742 44
5743 44
5744 44
5745 44
5746 44
5747 44
5748 44
5749 44
5750 44
5751 44
5752 44
5753 44
5754 44
5755 44
5756 44
5757 44
5758 44
5759 44
5760 44
5761 44
5762 44
5763 44
5764 44
5765 43
5766 42
5767 41
5768 40
5769 39
5770 38
5771 37
5772 36
5773 35
5774 34
5775 33
5776 32
5777 31
5778 30
5779 29
5780 28
5781 27
5782 26
5783 25
5784 24
5785 23
5786 22
5787 21
5788 20
5789 19
5790 18
5791 17
5792 16
5793 15
5794 14
5795 13
5796 12
5797 11
5798 10
5799 9
5800 8
5801 7
5802 6
5803 5
5804 4
5805 3
5806 2
5807 1
5808 0
5809 -1
5810 -2
5811 -3
5812 -4
5813 -5
5814 -6
5815 -7
5816 -8
5817 -9
5818 -10
5819 -11
5820 -12
5821 -13
5822 -14
5823 -15
5824 -16
5825 -17
5826 -18
5827 -19
5828 -20
5829 -21
5830 -22
5831 -23
5832 -24
5833 -25
5834 -26
5835 -27
5836 -28
5837 -29
5838 -30
5839 -31
5840 -32
5841 -33
5842 -34
5843 -35
5844 -36
5845 -37
5846 -38
5847 -39
5848 -40
5849 -41
5850 -42
5851 -43
5852 -44
5853 -44
5854 -44
5855 -44
5856 -44
5857 -44
5858 -44
5859 -44
5860 -44
5861 -44
5862 -44
5863 -44
5864 -44
5865 -44
5866 -44
5867 -44
5868 -44
5869 -44
5870 -44
5871 -44
5872 -44
5873 -44
5874 -44
5875 -44
5876 -44
5877 -44
5878 -44
5879 -44
5880 -44
5881 -44
5882 -44
5883 -44
5884 -44
5885 -44
5886 -44
5887 -44
5888 -44
5889 -44
5890 -44
5891 -44
5892 -44
5893 -44
5894 -44
5895 -44
5896 -44
5897 -43
5898 -42
5899 -41
5900 -40
5901 -39
5902 -38
5903 -37
5904 -36
5905 -35
5906 -34
5907 -33
5908 -32
5909 -31
5910 -30
5911 -29
5912 -28
5913 -27
5914 -26
5915 -25
5916 -24
5917 -23
5918 -22
5919 -21
5920 -20
5921 -19
5922 -18
5923 -17
5924 -16
5925 -15
5926 -14
5927 -13
5928 -12
5929 -11
5930 -10
5931 -9
5932 -8
5933 -7
5934 -6
5935 -5
5936 -4
5937 -3
5938 -2
5939 -1
5940 0
5941 1
5942 2
5943 3
5944 4
5945 5
5946 6
5947 7
5948 8
5949 9
5950 10
5951 11
5952 12
5953 13
5954 14
5955 15
5956 16
5957 17
5958 18
5959 19
5960 20
5961 21
5962 22
5963 23
5964 24
5965 25
5966 26
5967 27
5968 28
5969 29
5970 30
5971 31
5972 32
5973 33
5974 34
5975 35
5976 36
5977 37
5978 38
5979 39
5980 40
5981 41
5982 42
5983 43
5984 44
5985 45
5986 45
5987 45
5988 45
5989 45
5990 45
5991 45
5992 45
5993 45
5994 45
5995 45
5996 45
5997 45
5998 45
5999 45
6000 45
6001 45
6002 45
6003 45
6004 45
6005 45
6006 45
6007 45
6008 45
6009 45
6010 45
6011 45
6012 45
6013 45
6014 45
6015 45
6016 45
6017 45
6018 45
6019 45
6020 45
6021 45
6022 45
6023 45
6024 45
6025 45
6026 45
6027 45
6028 45
6029 45
6030 45
6031 44
6032 43
6033 42
6034 41
6035 40
6036 39
6037 38
6038 37
6039 36
6040 35
6041 34
6042 33
6043 32
6044 31
6045 30
6046 29
6047 28
6048 27
6049 26
6050 25
6051 24
6052 23
6053 22
6054 21
6055 20
6056 19
6057 18
6058 17
6059 16
6060 15
6061 14
6062 13
6063 12
6064 11
6065 10
6066 9
6067 8
6068 7
6069 6
6070 5
6071 4
6072 3
6073 2
6074 1
6075 0
6076 -1
6077 -2
6078 -3
6079 -4
6080 -5
6081 -6
6082 -7
6083 -8
6084 -9
6085 -10
6086 -11
6087 -12
6088 -13
6089 -14
6090 -15
6091 -16
6092 -17
6093 -18
6094 -19
6095 -20
6096 -21
6097 -22
6098 -23
6099 -24
6100 -25
6101 -26
6102 -27
6103 -28
6104 -29
6105 -30
6106 -31
6107 -32
6108 -33
6109 -34
6110 -35
6111 -36
6112 -37
6113 -38
6114 -39
6115 -40
6116 -41
6117 -42
6118 -43
6119 -44
6120 -45
6121 -45
6122 -45
6123 -45
6124 -45
6125 -45
6126 -45
6127 -45
6128 -45
6129 -45
6130 -45
6131 -45
6132 -45
6133 -45
6134 -45
6135 -45
6136 -45
6137 -45
6138 -45
6139 -45
6140 -45
6141 -45
6142 -45
6143 -45
6144 -45
6145 -45
6146 -45
6147 -45
6148 -45
6149 -45
6150 -45
6151 -45
6152 -45
6153 -45
6154 -45
6155 -45
6156 -45
6157 -45
6158 -45
6159 -45
6160 -45
6161 -45
6162 -45
6163 -45
6164 -45
6165 -45
6166 -44
6167 -43
6168 -42
6169 -41
6170 -40
6171 -39
6172 -38
6173 -37
6174 -36
6175 -35
6176 -34
6177 -33
6178 -32
6179 -31
6180 -30
6181 -29
6182 -28
6183 -27
6184 -26
6185 -25
6186 -24
6187 -23
6188 -22
6189 -21
6190 -20
6191 -19
6192 -18
6193 -17
6194 -16
6195 -15
6196 -14
6197 -13
6198 -12
6199 -11
6200 -10
6201 -9
6202 -8
6203 -7
6204 -6
6205 -5
6206 -4
6207 -3
6208 -2
6209 -1
6210 0
6211 1
6212 2
6213 3
6214 4
6215 5
6216 6
6217 7
6218 8
6219 9
6220 10
6221 11
6222 12
6223 13
6224 14
6225 15
6226 16
6227 17
6228 18
6229 19
6230 20
6231 21
6232 22
6233 23
6234 24
6235 25
6236 26
6237 27
6238 28
6239 29
6240 30
6241 31
6242 32
6243 33
6244 34
6245 35
6246 36
6247 37
6248 38
6249 39
6250 40
6251 41
6252 42
6253 43
6254 44
6255 45
6256 46
6257 46
6258 46
6259 46
6260 46
6261 46
6262 46
6263 46
6264 46
6265 46
6266 46
6267 46
6268 46
6269 46
6270 46
6271 46
6272 46
6273 46
6274 46
6275 46
6276 46
6277 46
6278 46
6279 46
6280 46
6281 46
6282 46
6283 46
6284 46
6285 46
6286 46
6287 46
6288 46
6289 46
6290 46
6291 46
6292 46
6293 46
6294 46
6295 46
6296 46
6297 46
6298 46
6299 46
6300 46
6301 46
6302 46
6303 45
6304 44
6305 43
6306 42
6307 41
6308 40
6309 39
6310 38
6311 37
6312 36
6313 35
6314 34
6315 33
6316 32
6317 31
6318 30
6319 29
6320 28
6321 27
6322 26
6323 25
6324 24
6325 23
6326 22
6327 21
6328 20
6329 19
6330 18
6331 17
6332 16
6333 15
6334 14
6335 13
6336 12
6337 11
6338 10
6339 9
6340 8
6341 7
6342 6
6343 5
6344 4
6345 3
6346 2
6347 1
6348 0
6349 -1
6350 -2
6351 -3
6352 -4
6353 -5
6354 -6
6355 -7
6356 -8
6357 -9
6358 -10
6359 -11
6360 -12
6361 -13
6362 -14
6363 -15
6364 -16
6365 -17
6366 -18
6367 -19
6368 -20
6369 -21
6370 -22
6371 -23
6372 -24
6373 -25
6374 -26
6375 -27
6376 -28
6377 -29
6378 -30
6379 -31
6380 -32
6381 -33
6382 -34
6383 -35
6384 -36
6385 -37
6386 -38
6387 -39
6388 -40
6389 -41
6390 -42
6391 -43
6392 -44
6393 -45
6394 -46
6395 -46
6396 -46
6397 -46
6398 -46
6399 -46
6400 -46
6401 -46
6402 -46
6403 -46
6404 -46
6405 -46
6406 -46
6407 -46
6408 -46
6409 -46
6410 -46
6411 -46
6412 -46
6413 -46
6414 -46
6415 -46
6416 -46
6417 -46
6418 -46
6419 -46
6420 -46
6421 -46
6422 -46
6423 -46
6424 -46
6425 -46
6426 -46
6427 -46
6428 -46
6429 -46
6430 -46
6431 -46
6432 -46
6433 -46
6434 -46
6435 -46
6436 -46
6437 -46
6438 -46
6439 -46
6440 -46
6441 -45
6442 -44
6443 -43
6444 -42
6445 -41
6446 -40
6447 -39
6448 -38
6449 -37
6450 -36
6451 -35
6452 -34
6453 -33
6454 -32
6455 -31
6456 -30
6457 -29
6458 -28
6459 -27
6460 -26
6461 -25
6462 -24
6463 -23
6464 -22
6465 -21
6466 -20
6467 -19
6468 -18
6469 -17
6470 -16
6471 -15
6472 -14
6473 -13
6474 -12
6475 -11
6476 -10
6477 -9
6478 -8
6479 -7
6480 -6
6481 -5
6482 -4
6483 -3
6484 -2
6485 -1
6486 0
6487 1
6488 2
6489 3
6490 4
6491 5
6492 6
6493 7
6494 8
6495 9
6496 10
6497 11
6498 12
6499 13
6500 14
6501 15
6502 16
6503 17
6504 18
6505 19
6506 20
6507 21
6508 22
6509 23
6510 24
6511 25
6512 26
6513 27
6514 28
6515 29
6516 30
6517 31
6518 32
6519 33
6520 34
6521 35
6522 36
6523 37
6524 38
6525 39
6526 40
6527 41
6528 42
6529 43
6530 44
6531 45
6532 46
6533 47
6534 47
6535 47
6536 47
6537 47
6538 47
6539 47
6540 47
6541 47
6542 47
6543 47
6544 47
6545 47
6546 47
6547 47
6548 47
6549 47
6550 47
6551 47
6552 47
6553 47
6554 47
6555 47
6556 47
6557 47
6558 47
6559 47
6560 47
6561 47
6562 47
6563 47
6564 47
6565 47
6566 47
6567 47
6568 47
6569 47
6570 47
6571 47
6572 47
6573 47
6574 47
6575 47
6576 47
6577 47
6578 47
6579 47
6580 47
6581 46
6582 45
6583 44
6584 43
6585 42
6586 41
6587 40
6588 39
6589 38
6590 37
6591 36
6592 35
6593 34
6594 33
6595 32
6596 31
6597 30
6598 29
6599 28
6600 27
6601 26
6602 25
6603 24
6604 23
6605 22
6606 21
6607 20
6608 19
6609 18
6610 17
6611 16
6612 15
6613 14
6614 13
6615 12
6616 11
6617 10
6618 9
6619 8
6620 7
6621 6
6622 5
6623 4
6624 3
6625 2
6626 1
6627 0
6628 -1
6629 -2
6630 -3
6631 -4
6632 -5
6633 -6
6634 -7
6635 -8
6636 -9
6637 -10
6638 -11
6639 -12
6640 -13
6641 -14
6642 -15
6643 -16
6644 -17
6645 -18
6646 -19
6647 -20
6648 -21
6649 -22
6650 -23
6651 -24
6652 -25
6653 -26
6654 -27
6655 -28
6656 -29
6657 -30
6658 -31
6659 -32
6660 -33
6661 -34
6662 -35
6663 -36
6664 -37
6665 -38
6666 -39
6667 -40
6668 -41
6669 -42
6670 -43
6671 -44
6672 -45
6673 -46
6674 -47
6675 -47
6676 -47
6677 -47
6678 -47
6679 -47
6680 -47
6681 -47
6682 -47
6683 -47
6684 -47
6685 -47
6686 -47
6687 -47
6688 -47
6689 -47
6690 -47
6691 -47
6692 -47
6693 -47
6694 -47
6695 -47
6696 -47
6697 -47
6698 -47
6699 -47
6700 -47
6701 -47
6702 -47
6703 -47
6704 -47
6705 -47
6706 -47
6707 -47
6708 -47
6709 -47
6710 -47
6711 -47
6712 -47
6713 -47
6714 -47
6715 -47
6716 -47
6717 -47
6718 -47
6719 -47
6720 -47
6721 -47
6722 -46
6723 -45
6724 -44
6725 -43
6726 -42
6727 -41
6728 -40
6729 -39
6730 -38
6731 -37
6732 -36
6733 -35
6734 -34
6735 -33
6736 -32
6737 -31
6738 -30
6739 -29
6740 -28
6741 -27
6742 -26
6743 -25
6744 -24
6745 -23
6746 -22
6747 -21
6748 -20
6749 -19
6750 -18
6751 -17
6752 -16
6753 -15
6754 -14
6755 -13
6756 -12
6757 -11
6758 -10
6759 -9
6760 -8
6761 -7
6762 -6
6763 -5
6764 -4
6765 -3
6766 -2
6767 -1
6768 0
6769 1
6770 2
6771 3
6772 4
6773 5
6774 6
6775 7
6776 8
6777 9
6778 10
6779 11
6780 12
6781 13
6782 14
6783 15
6784 16
6785 17
6786 18
6787 19
6788 20
6789 21
6790 22
6791 23
6792 24
6793 25
6794 26
6795 27
6796 28
6797 29
6798 30
6799 31
6800 32
6801 33
6802 34
6803 35
6804 36
6805 37
6806 38
6807 39
6808 40
6809 41
6810 42
6811 43
6812 44
6813 45
6814 46
6815 47
6816 48
6817 48
6818 48
6819 48
6820 48
6821 48
6822 48
6823 48
6824 48
6825 48
6826 48
6827 48
6828 48
6829 48
6830 48
6831 48
6832 48
6833 48
6834 48
6835 48
6836 48
6837 48
6838 48
6839 48
6840 48
6841 48
6842 48
6843 48
6844 48
6845 48
6846 48
6847 48
6848 48
6849 48
6850 48
6851 48
6852 48
6853 48
6854 48
6855 48
6856 48
6857 48
6858 48
6859 48
6860 48
6861 48
6862 48
6863 48
6864 48
6865 47
6866 46
6867 45
6868 44
6869 43
6870 42
6871 41
6872 40
6873 39
6874 38
6875 37
6876 36
6877 35
6878 34
6879 33
6880 32
6881 31
6882 30
6883 29
6884 28
6885 27
6886 26
6887 25
6888 24
6889 23
6890 22
6891 21
6892 20
6893 19
6894 18
6895 17
6896 16
6897 15
6898 14
6899 13
6900 12
6901 11
6902 10
6903 9
6904 8
6905 7
6906 6
6907 5
6908 4
6909 3
6910 2
6911 1
6912 0
6913 -1
6914 -2
6915 -3
6916 -4
6917 -5
6918 -6
6919 -7
6920 -8
6921 -9
6922 -10
6923 -11
6924 -12
6925 -13
6926 -14
6927 -15
6928 -16
6929 -17
6930 -18
6931 -19
6932 -20
6933 -21
6934 -22
6935 -23
6936 -24
6937 -25
6938 -26
6939 -27
6940 -28
6941 -29
6942 -30
6943 -31
6944 -32
6945 -33
6946 -34
6947 -35
6948 -36
6949 -37
6950 -38
6951 -39
6952 -40
6953 -41
6954 -42
6955 -43
6956 -44
6957 -45
6958 -46
6959 -47
6960 -48
6961 -48
6962 -48
6963 -48
6964 -48
6965 -48
6966 -48
6967 -48
6968 -48
6969 -48
6970 -48
6971 -48
6972 -48
6973 -48
6974 -48
6975 -48
6976 -48
6977 -48
6978 -48
6979 -48
6980 -48
6981 -48
6982 -48
6983 -48
6984 -48
6985 -48
6986 -48
6987 -48
6988 -48
6989 -48
6990 -48
6991 -48
6992 -48
6993 -48
6994 -48
6995 -48
6996 -48
6997 -48
6998 -48
6999 -48
7000 -48
7001 -48
7002 -48
7003 -48
7004 -48
7005 -48
7006 -48
7007 -48
7008 -48
7009 -47
7010 -46
7011 -45
7012 -44
7013 -43
7014 -42
7015 -41
7016 -40
7017 -39
7018 -38
7019 -37
7020 -36
7021 -35
7022 -34
7023 -33
7024 -32
7025 -31
7026 -30
7027 -29
7028 -28
7029 -27
7030 -26
7031 -25
7032 -24
7033 -23
7034 -22
7035 -21
7036 -20
7037 -19
7038 -18
7039 -17
7040 -16
7041 -15
7042 -14
7043 -13
7044 -12
7045 -11
7046 -10
7047 -9
7048 -8
7049 -7
7050 -6
7051 -5
7052 -4
7053 -3
7054 -2
7055 -1
7056 0
7057 1
7058 2
7059 3
7060 4
7061 5
7062 6
7063 7
7064 8
7065 9
7066 10
7067 11
7068 12
7069 13
7070 14
7071 15
7072 16
7073 17
7074 18
7075 19
7076 20
7077 21
7078 22
7079 23
7080 24
7081 25
7082 26
7083 27
7084 28
7085 29
7086 30
7087 31
7088 32
7089 33
7090 34
7091 35
7092 36
7093 37
7094 38
7095 39
7096 40
7097 41
7098 42
7099 43
7100 44
7101 45
7102 46
7103 47
7104 48
7105 49
7106 49
7107 49
7108 49
7109 49
7110 49
7111 49
7112 49
7113 49
7114 49
7115 49
7116 49
7117 49
7118 49
7119 49
7120 49
7121 49
7122 49
7123 49
7124 49
7125 49
7126 49
7127 49
7128 49
7129 49
7130 49
7131 49
7132 49
7133 49
7134 49
7135 49
7136 49
7137 49
7138 49
7139 49
7140 49
7141 49
7142 49
7143 49
7144 49
7145 49
7146 49
7147 49
7148 49
7149 49
7150 49
7151 49
7152 49
7153 49
7154 49
7155 48
7156 47
7157 46
7158 45
7159 44
7160 43
7161 42
7162 41
7163 40
7164 39
7165 38
7166 37
7167 36
7168 35
7169 34
7170 33
7171 32
7172 31
7173 30
7174 29
7175 28
7176 27
7177 26
7178 25
7179 24
7180 23
7181 22
7182 21
7183 20
7184 19
7185 18
7186 17
7187 16
7188 15
7189 14
7190 13
7191 12
7192 11
7193 10
7194 9
7195 8
7196 7
7197 6
7198 5
7199 4
7200 3
7201 2
7202 1
7203 0
7204 -1
7205 -2
7206 -3
7207 -4
7208 -5
7209 -6
7210 -7
7211 -8
7212 -9
7213 -10
7214 -11
7215 -12
7216 -13
7217 -14
7218 -15
7219 -16
7220 -17
7221 -18
7222 -19
7223 -20
7224 -21
7225 -22
7226 -23
7227 -24
7228 -25
7229 -26
7230 -27
7231 -28
7232 -29
7233 -30
7234 -31
7235 -32
7236 -33
7237 -34
7238 -35
7239 -36
7240 -37
7241 -38
7242 -39
7243 -40
7244 -41
7245 -42
7246 -43
7247 -44
7248 -45
7249 -46
7250 -47
7251 -48
7252 -49
7253 -49
7254 -49
7255 -49
7256 -49
7257 -49
7258 -49
7259 -49
7260 -49
7261 -49
7262 -49
7263 -49
7264 -49
7265 -49
7266 -49
7267 -49
7268 -49
7269 -49
7270 -49
7271 -49
7272 -49
7273 -49
7274 -49
7275 -49
7276 -49
7277 -49
7278 -49
7279 -49
7280 -49
7281 -49
7282 -49
7283 -49
7284 -49
7285 -49
7286 -49
7287 -49
7288 -49
7289 -49
7290 -49
7291 -49
7292 -49
7293 -49
7294 -49
7295 -49
7296 -49
7297 -49
7298 -49
7299 -49
7300 -49
7301 -49
7302 -48
7303 -47
7304 -46
7305 -45
7306 -44
7307 -43
7308 -42
7309 -41
7310 -40
7311 -39
7312 -38
7313 -37
7314 -36
7315 -35
7316 -34
7317 -33
7318 -32
7319 -31
7320 -30
7321 -29
7322 -28
7323 -27
7324 -26
7325 -25
7326 -24
7327 -23
7328 -22
7329 -21
7330 -20
7331 -19
7332 -18
7333 -17
7334 -16
7335 -15
7336 -14
7337 -13
7338 -12
7339 -11
7340 -10
7341 -9
7342 -8
7343 -7
7344 -6
7345 -5
7346 -4
7347 -3
7348 -2
7349 -1
7350 0
7351 1
7352 2
7353 3
7354 4
7355 5
7356 6
7357 7
7358 8
7359 9
7360 10
7361 11
7362 12
7363 13
7364 14
7365 15
7366 16
7367 17
7368 18
7369 19
7370 20
7371 21
7372 22
7373 23
7374 24
7375 25
7376 26
7377 27
7378 28
7379 29
7380 30
7381 31
7382 32
7383 33
7384 34
7385 35
7386 36
7387 37
7388 38
7389 39
7390 40
7391 41
7392 42
7393 43
7394 44
7395 45
7396 46
7397 47
7398 48
7399 49
7400 50
7401 50
7402 50
7403 50
7404 50
7405 50
7406 50
7407 50
7408 50
7409 50
7410 50
7411 50
7412 50
7413 50
7414 50
7415 50
7416 50
7417 50
7418 50
7419 50
7420 50
7421 50
7422 50
7423 50
7424 50
7425 50
7426 50
7427 50
7428 50
7429 50
7430 50
7431 50
7432 50
7433 50
7434 50
7435 50
7436 50
7437 50
7438 50
7439 50
7440 50
7441 50
7442 50
7443 50
7444 50
7445 50
7446 50
7447 50
7448 50
7449 50
7450 50
7451 49
7452 48
7453 47
7454 46
7455 45
7456 44
7457 43
7458 42
7459 41
7460 40
7461 39
7462 38
7463 37
7464 36
7465 35
7466 34
7467 33
7468 32
7469 31
7470 30
7471 29
7472 28
7473 27
7474 26
7475 25
7476 24
7477 23
7478 22
7479 21
7480 20
7481 19
7482 18
7483 17
7484 16
7485 15
7486 14
7487 13
7488 12
7489 11
7490 10
7491 9
7492 8
7493 7
7494 6
7495 5
7496 4
7497 3
7498 2
7499 1
7500 0
7501 -1
7502 -2
7503 -3
7504 -4
7505 -5
7506 -6
7507 -7
7508 -8
7509 -9
7510 -10
7511 -11
7512 -12
7513 -13
7514 -14
7515 -15
7516 -16
7517 -17
7518 -18
7519 -19
7520 -20
7521 -21
7522 -22
7523 -23
7524 -24
7525 -25
7526 -26
7527 -27
7528 -28
7529 -29
7530 -30
7531 -31
7532 -32
7533 -33
7534 -34
7535 -35
7536 -36
7537 -37
7538 -38
7539 -39
7540 -40
7541 -41
7542 -42
7543 -43
7544 -44
7545 -45
7546 -46
7547 -47
7548 -48
7549 -49
7550 -50
7551 -50
7552 -50
7553 -50
7554 -50
7555 -50
7556 -50
7557 -50
7558 -50
7559 -50
7560 -50
7561 -50
7562 -50
7563 -50
7564 -50
7565 -50
7566 -50
7567 -50
7568 -50
7569 -50
7570 -50
7571 -50
7572 -50
7573 -50
7574 -50
7575 -50
7576 -50
7577 -50
7578 -50
7579 -50
7580 -50
7581 -50
7582 -50
7583 -50
7584 -50
7585 -50
7586 -50
7587 -50
7588 -50
7589 -50
7590 -50
7591 -50
7592 -50
7593 -50
7594 -50
7595 -50
7596 -50
7597 -50
7598 -50
7599 -50
7600 -50
7601 -49
7602 -48
7603 -47
7604 -46
7605 -45
7606 -44
7607 -43
7608 -42
7609 -41
7610 -40
7611 -39
7612 -38
7613 -37
7614 -36
7615 -35
7616 -34
7617 -33
7618 -32
7619 -31
7620 -30
7621 -29
7622 -28
7623 -27
7624 -26
7625 -25
7626 -24
7627 -23
7628 -22
7629 -21
7630 -20
7631 -19
7632 -18
7633 -17
7634 -16
7635 -15
7636 -14
7637 -13
7638 -12
7639 -11
7640 -10
7641 -9
7642 -8
7643 -7
7644 -6
7645 -5
7646 -4
7647 -3
7648 -2
7649 -1
7650 0
7651 1
7652 2
7653 3
7654 4
7655 5
7656 6
7657 7
7658 8
7659 9
7660 10
7661 11
7662 12
7663 13
7664 14
7665 15
7666 16
7667 17
7668 18
7669 19
7670 20
7671 21
7672 22
7673 23
7674 24
7675 25
7676 26
7677 27
7678 28
7679 29
7680 30
7681 31
7682 32
7683 33
7684 34
7685 35
7686 36
7687 37
7688 38
7689 39
7690 40
7691 41
7692 42
7693 43
7694 44
7695 45
7696 46
7697 47
7698 48
7699 49
7700 50
7701 51
7702 51
7703 51
7704 51
7705 51
7706 51
7707 51
7708 51
7709 51
7710 51
7711 51
7712 51
7713 51
7714 51
7715 51
7716 51
7717 51
7718 51
7719 51
7720 51
7721 51
7722 51
7723 51
7724 51
7725 51
7726 51
7727 51
7728 51
7729 51
7730 51
7731 51
7732 51
7733 51
7734 51
7735 51
7736 51
7737 51
7738 51
7739 51
7740 51
7741 51
7742 51
7743 51
7744 51
7745 51
7746 51
7747 51
7748 51
7749 51
7750 51
7751 51
7752 51
7753 50
7754 49
7755 48
7756 47
7757 46
7758 45
7759 44
7760 43
7761 42
7762 41
7763 40
7764 39
7765 38
7766 37
7767 36
7768 35
7769 34
7770 33
7771 32
7772 31
7773 30
7774 29
7775 28
7776 27
7777 26
7778 25
7779 24
7780 23
7781 22
7782 21
7783 20
7784 19
7785 18
7786 17
7787 16
7788 15
7789 14
7790 13
7791 12
7792 11
7793 10
7794 9
7795 8
7796 7
7797 6
7798 5
7799 4
7800 3
7801 2
7802 1
7803 0
7804 -1
7805 -2
7806 -3
7807 -4
7808 -5
7809 -6
7810 -7
7811 -8
7812 -9
7813 -10
7814 -11
7815 -12
7816 -13
7817 -14
7818 -15
7819 -16
7820 -17
7821 -18
7822 -19
7823 -20
7824 -21
7825 -22
7826 -23
7827 -24
7828 -25
7829 -26
7830 -27
7831 -28
7832 -29
7833 -30
7834 -31
7835 -32
7836 -33
7837 -34
7838 -35
7839 -36
7840 -37
7841 -38
7842 -39
7843 -40
7844 -41
7845 -42
7846 -43
7847 -44
7848 -45
7849 -46
7850 -47
7851 -48
7852 -49
7853 -50
7854 -51
7855 -51
7856 -51
7857 -51
7858 -51
7859 -51
7860 -51
7861 -51
7862 -51
7863 -51
7864 -51
7865 -51
7866 -51
7867 -51
7868 -51
7869 -51
7870 -51
7871 -51
7872 -51
7873 -51
7874 -51
7875 -51
7876 -51
7877 -51
7878 -51
7879 -51
7880 -51
7881 -51
7882 -51
7883 -51
7884 -51
7885 -51
7886 -51
7887 -51
7888 -51
7889 -51
7890 -51
7891 -51
7892 -51
7893 -51
7894 -51
7895 -51
7896 -51
7897 -51
7898 -51
7899 -51
7900 -51
7901 -51
7902 -51
7903 -51
7904 -51
7905 -51
7906 -50
7907 -49
7908 -48
7909 -47
7910 -46
7911 -45
7912 -44
7913 -43
7914 -42
7915 -41
7916 -40
7917 -39
7918 -38
7919 -37
7920 -36
7921 -35
7922 -34
7923 -33
7924 -32
7925 -31
7926 -30
7927 -29
7928 -28
7929 -27
7930 -26
7931 -25
7932 -24
7933 -23
7934 -22
7935 -21
7936 -20
7937 -19
7938 -18
7939 -17
7940 -16
7941 -15
7942 -14
7943 -13
7944 -12
7945 -11
7946 -10
7947 -9
7948 -8
7949 -7
7950 -6
7951 -5
7952 -4
7953 -3
7954 -2
7955 -1
7956 0
7957 1
7958 2
7959 3
7960 4
7961 5
7962 6
7963 7
7964 8
7965 9
7966 10
7967 11
7968 12
7969 13
7970 14
7971 15
7972 16
7973 17
7974 18
7975 19
7976 20
7977 21
7978 22
7979 23
7980 24
7981 25
7982 26
7983 27
7984 28
7985 29
7986 30
7987 31
7988 32
7989 33
7990 34
7991 35
7992 36
7993 37
7994 38
7995 39
7996 40
7997 41
7998 42
7999 43
8000 44
8001 45
8002 46
8003 47
8004 48
8005 49
8006 50
8007 51
8008 52
8009 52
8010 52
8011 52
8012 52
8013 52
8014 52
8015 52
8016 52
8017 52
8018 52
8019 52
8020 52
8021 52
8022 52
8023 52
8024 52
8025 52
8026 52
8027 52
8028 52
8029 52
8030 52
8031 52
8032 52
8033 52
8034 52
8035 52
8036 52
8037 52
8038 52
8039 52
8040 52
8041 52
8042 52
8043 52
8044 52
8045 52
8046 52
8047 52
8048 52
8049 52
8050 52
8051 52
8052 52
8053 52
8054 52
8055 52
8056 52
8057 52
8058 52
8059 52
8060 52
8061 51
8062 50
8063 49
8064 48
8065 47
8066 46
8067 45
8068 44
8069 43
8070 42
8071 41
8072 40
8073 39
8074 38
8075 37
8076 36
8077 35
8078 34
8079 33
8080 32
8081 31
8082 30
8083 29
8084 28
8085 27
8086 26
8087 25
8088 24
8089 23
8090 22
8091 21
8092 20
8093 19
8094 18
8095 17
8096 16
8097 15
8098 14
8099 13
8100 12
8101 11
8102 10
8103 9
8104 8
8105 7
8106 6
8107 5
8108 4
8109 3
8110 2
8111 1
8112 0
8113 -1
8114 -2
8115 -3
8116 -4
8117 -5
8118 -6
8119 -7
8120 -8
8121 -9
8122 -10
8123 -11
8124 -12
8125 -13
8126 -14
8127 -15
8128 -16
8129 -17
8130 -18
8131 -19
8132 -20
8133 -21
8134 -22
8135 -23
8136 -24
8137 -25
8138 -26
8139 -27
8140 -28
8141 -29
8142 -30
8143 -31
8144 -32
8145 -33
8146 -34
8147 -35
8148 -36
8149 -37
8150 -38
8151 -39
8152 -40
8153 -41
8154 -42
8155 -43
8156 -44
8157 -45
8158 -46
8159 -47
8160 -48
8161 -49
8162 -50
8163 -51
8164 -52
8165 -52
8166 -52
8167 -52
8168 -52
8169 -52
8170 -52
8171 -52
8172 -52
8173 -52
8174 -52
8175 -52
8176 -52
8177 -52
8178 -52
8179 -52
8180 -52
8181 -52
8182 -52
8183 -52
8184 -52
8185 -52
8186 -52
8187 -52
8188 -52
8189 -52
8190 -52
8191 -52
8192 -52
8193 -52
8194 -52
8195 -52
8196 -52
8197 -52
8198 -52
8199 -52
8200 -52
8201 -52
8202 -52
8203 -52
8204 -52
8205 -52
8206 -52
8207 -52
8208 -52
8209 -52
8210 -52
8211 -52
8212 -52
8213 -52
8214 -52
8215 -52
8216 -52
8217 -51
8218 -50
8219 -49
8220 -48
8221 -47
8222 -46
8223 -45
8224 -44
8225 -43
8226 -42
8227 -41
8228 -40
8229 -39
8230 -38
8231 -37
8232 -36
8233 -35
8234 -34
8235 -33
8236 -32
8237 -31
8238 -30
8239 -29
8240 -28
8241 -27
8242 -26
8243 -25
8244 -24
8245 -23
8246 -22
8247 -21
8248 -20
8249 -19
8250 -18
8251 -17
8252 -16
8253 -15
8254 -14
8255 -13
8256 -12
8257 -11
8258 -10
8259 -9
8260 -8
8261 -7
8262 -6
8263 -5
8264 -4
8265 -3
8266 -2
8267 -1
8268 0
8269 1
8270 2
8271 3
8272 4
8273 5
8274 6
8275 7
8276 8
8277 9
8278 10
8279 11
8280 12
8281 13
8282 14
8283 15
8284 16
8285 17
8286 18
8287 19
8288 20
8289 21
8290 22
8291 23
8292 24
8293 25
8294 26
8295 27
8296 28
8297 29
8298 30
8299 31
8300 32
8301 33
8302 34
8303 35
8304 36
8305 37
8306 38
8307 39
8308 40
8309 41
8310 42
8311 43
8312 44
8313 45
8314 46
8315 47
8316 48
8317 49
8318 50
8319 51
8320 52
8321 53
8322 53
8323 53
8324 53
8325 53
8326 53
8327 53
8328 53
8329 53
8330 53
8331 53
8332 53
8333 53
8334 53
8335 53
8336 53
8337 53
8338 53
8339 53
8340 53
8341 53
8342 53
8343 53
8344 53
8345 53
8346 53
8347 53
8348 53
8349 53
8350 53
8351 53
8352 53
8353 53
8354 53
8355 53
8356 53
8357 53
8358 53
8359 53
8360 53
8361 53
8362 53
8363 53
8364 53
8365 53
8366 53
8367 53
8368 53
8369 53
8370 53
8371 53
8372 53
8373 53
8374 53
8375 52
8376 51
8377 50
8378 49
8379 48
8380 47
8381 46
8382 45
8383 44
8384 43
8385 42
8386 41
8387 40
8388 39
8389 38
8390 37
8391 36
8392 35
8393 34
8394 33
8395 32
8396 31
8397 30
8398 29
8399 28
8400 27
8401 26
8402 25
8403 24
8404 23
8405 22
8406 21
8407 20
8408 19
8409 18
8410 17
8411 16
8412 15
8413 14
8414 13
8415 12
8416 11
8417 10
8418 9
8419 8
8420 7
8421 6
8422 5
8423 4
8424 3
8425 2
8426 1
8427 0
8428 -1
8429 -2
8430 -3
8431 -4
8432 -5
8433 -6
8434 -7
8435 -8
8436 -9
8437 -10
8438 -11
8439 -12
8440 -13
8441 -14
8442 -15
8443 -16
8444 -17
8445 -18
8446 -19
8447 -20
8448 -21
8449 -22
8450 -23
8451 -24
8452 -25
8453 -26
8454 -27
8455 -28
8456 -29
8457 -30
8458 -31
8459 -32
8460 -33
8461 -34
8462 -35
8463 -36
8464 -37
8465 -38
8466 -39
8467 -40
8468 -41
8469 -42
8470 -43
8471 -44
8472 -45
8473 -46
8474 -47
8475 -48
8476 -49
8477 -50
8478 -51
8479 -52
8480 -53
8481 -53
8482 -53
8483 -53
8484 -53
8485 -53
8486 -53
8487 -53
8488 -53
8489 -53
8490 -53
8491 -53
8492 -53
8493 -53
8494 -53
8495 -53
8496 -53
8497 -53
8498 -53
8499 -53
8500 -53
8501 -53
8502 -53
8503 -53
8504 -53
8505 -53
8506 -53
8507 -53
8508 -53
8509 -53
8510 -53
8511 -53
8512 -53
8513 -53
8514 -53
8515 -53
8516 -53
8517 -53
8518 -53
8519 -53
8520 -53
8521 -53
8522 -53
8523 -53
8524 -53
8525 -53
8526 -53
8527 -53
8528 -53
8529 -53
8530 -53
8531 -53
8532 -53
8533 -53
8534 -52
8535 -51
8536 -50
8537 -49
8538 -48
8539 -47
8540 -46
8541 -45
8542 -44
8543 -43
8544 -42
8545 -41
8546 -40
8547 -39
8548 -38
8549 -37
8550 -36
8551 -35
8552 -34
8553 -33
8554 -32
8555 -31
8556 -30
8557 -29
8558 -28
8559 -27
8560 -26
8561 -25
8562 -24
8563 -23
8564 -22
8565 -21
8566 -20
8567 -19
8568 -18
8569 -17
8570 -16
8571 -15
8572 -14
8573 -13
8574 -12
8575 -11
8576 -10
8577 -9
8578 -8
8579 -7
8580 -6
8581 -5
8582 -4
8583 -3
8584 -2
8585 -1
8586 0
8587 1
8588 2
8589 3
8590 4
8591 5
8592 6
8593 7
8594 8
8595 9
8596 10
8597 11
8598 12
8599 13
8600 14
8601 15
8602 16
8603 17
8604 18
8605 19
8606 20
8607 21
8608 22
8609 23
8610 24
8611 25
8612 26
8613 27
8614 28
8615 29
8616 30
8617 31
8618 32
8619 33
8620 34
8621 35
8622 36
8623 37
8624 38
8625 39
8626 40
8627 41
8628 42
8629 43
8630 44
8631 45
8632 46
8633 47
8634 48
8635 49
8636 50
8637 51
8638 52
8639 53
8640 54
8641 54
8642 54
8643 54
8644 54
8645 54
8646 54
8647 54
8648 54
8649 54
8650 54
8651 54
8652 54
8653 54
8654 54
8655 54
8656 54
8657 54
8658 54
8659 54
8660 54
8661 54
8662 54
8663 54
8664 54
8665 54
8666 54
8667 54
8668 54
8669 54
8670 54
8671 54
8672 54
8673 54
8674 54
8675 54
8676 54
8677 54
8678 54
8679 54
8680 54
8681 54
8682 54
8683 54
8684 54
8685 54
8686 54
8687 54
8688 54
8689 54
8690 54
8691 54
8692 54
8693 54
8694 54
8695 53
8696 52
8697 51
8698 50
8699 49
8700 48
8701 47
8702 46
8703 45
8704 44
8705 43
8706 42
8707 41
8708 40
8709 39
8710 38
8711 37
8712 36
8713 35
8714 34
8715 33
8716 32
8717 31
8718 30
8719 29
8720 28
8721 27
8722 26
8723 25
8724 24
8725 23
8726 22
8727 21
8728 20
8729 19
8730 18
8731 17
8732 16
8733 15
8734 14
8735 13
8736 12
8737 11
8738 10
8739 9
8740 8
8741 7
8742 6
8743 5
8744 4
8745 3
8746 2
8747 1
8748 0
8749 -1
8750 -2
8751 -3
8752 -4
8753 -5
8754 -6
8755 -7
8756 -8
8757 -9
8758 -10
8759 -11
8760 -12
8761 -13
8762 -14
8763 -15
8764 -16
8765 -17
8766 -18
8767 -19
8768 -20
8769 -21
8770 -22
8771 -23
8772 -24
8773 -25
8774 -26
8775 -27
8776 -28
8777 -29
8778 -30
8779 -31
8780 -32
8781 -33
8782 -34
8783 -35
8784 -36
8785 -37
8786 -38
8787 -39
8788 -40
8789 -41
8790 -42
8791 -43
8792 -44
8793 -45
8794 -46
8795 -47
8796 -48
8797 -49
8798 -50
8799 -51
8800 -52
8801 -53
8802 -54
8803 -54
8804 -54
8805 -54
8806 -54
8807 -54
8808 -54
8809 -54
8810 -54
8811 -54
8812 -54
8813 -54
8814 -54
8815 -54
8816 -54
8817 -54
8818 -54
8819 -54
8820 -54
8821 -54
8822 -54
8823 -54
8824 -54
8825 -54
8826 -54
8827 -54
8828 -54
8829 -54
8830 -54
8831 -54
8832 -54
8833 -54
8834 -54
8835 -54
8836 -54
8837 -54
8838 -54
8839 -54
8840 -54
8841 -54
8842 -54
8843 -54
8844 -54
8845 -54
8846 -54
8847 -54
8848 -54
8849 -54
8850 -54
8851 -54
8852 -54
8853 -54
8854 -54
8855 -54
8856 -54
8857 -53
8858 -52
8859 -51
8860 -50
8861 -49
8862 -48
8863 -47
8864 -46
8865 -45
8866 -44
8867 -43
8868 -42
8869 -41
8870 -40
8871 -39
8872 -38
8873 -37
8874 -36
8875 -35
8876 -34
8877 -33
8878 -32
8879 -31
8880 -30
8881 -29
8882 -28
8883 -27
8884 -26
8885 -25
8886 -24
8887 -23
8888 -22
8889 -21
8890 -20
8891 -19
8892 -18
8893 -17
8894 -16
8895 -15
8896 -14
8897 -13
8898 -12
8899 -11
8900 -10
8901 -9
8902 -8
8903 -7
8904 -6
8905 -5
8906 -4
8907 -3
8908 -2
8909 -1
8910 0
8911 1
8912 2
8913 3
8914 4
8915 5
8916 6
8917 7
8918 8
8919 9
8920 10
8921 11
8922 12
8923 13
8924 14
8925 15
8926 16
8927 17
8928 18
8929 19
8930 20
8931 21
8932 22
8933 23
8934 24
8935 25
8936 26
8937 27
8938 28
8939 29
8940 30
8941 31
8942 32
8943 33
8944 34
8945 35
8946 36
8947 37
8948 38
8949 39
8950 40
8951 41
8952 42
8953 43
8954 44
8955 45
8956 46
8957 47
8958 48
8959 49
8960 50
8961 51
8962 52
8963 53
8964 54
8965 55
8966 55
8967 55
8968 55
8969 55
8970 55
8971 55
8972 55
8973 55
8974 55
8975 55
8976 55
8977 55
8978 55
8979 55
8980 55
8981 55
8982 55
8983 55
8984 55
8985 55
8986 55
8987 55
8988 55
8989 55
8990 55
8991 55
8992 55
8993 55
8994 55
8995 55
8996 55
8997 55
8998 55
8999 55
9000 55
9001 55
9002 55
9003 55
9004 55
9005 55
9006 55
9007 55
9008 55
9009 55
9010 55
9011 55
9012 55
9013 55
9014 55
9015 55
9016 55
9017 55
9018 55
9019 55
9020 55
9021 54
9022 53
9023 52
9024 51
9025 50
9026 49
9027 48
9028 47
9029 46
9030 45
9031 44
9032 43
9033 42
9034 41
9035 40
9036 39
9037 38
9038 37
9039 36
9040 35
9041 34
9042 33
9043 32
9044 31
9045 30
9046 29
9047 28
9048 27
9049 26
9050 25
9051 24
9052 23
9053 22
9054 21
9055 20
9056 19
9057 18
9058 17
9059 16
9060 15
9061 14
9062 13
9063 12
9064 11
9065 10
9066 9
9067 8
9068 7
9069 6
9070 5
9071 4
9072 3
9073 2
9074 1
9075 0
9076 -1
9077 -2
9078 -3
9079 -4
9080 -5
9081 -6
9082 -7
9083 -8
9084 -9
9085 -10
9086 -11
9087 -12
9088 -13
9089 -14
9090 -15
9091 -16
9092 -17
9093 -18
9094 -19
9095 -20
9096 -21
9097 -22
9098 -23
9099 -24
9100 -25
9101 -26
9102 -27
9103 -28
9104 -29
9105 -30
9106 -31
9107 -32
9108 -33
9109 -34
9110 -35
9111 -36
9112 -37
9113 -38
9114 -39
9115 -40
9116 -41
9117 -42
9118 -43
9119 -44
9120 -45
9121 -46
9122 -47
9123 -48
9124 -49
9125 -50
9126 -51
9127 -52
9128 -53
9129 -54
9130 -55
9131 -55
9132 -55
9133 -55
9134 -55
9135 -55
9136 -55
9137 -55
9138 -55
9139 -55
9140 -55
9141 -55
9142 -55
9143 -55
9144 -55
9145 -55
9146 -55
9147 -55
9148 -55
9149 -55
9150 -55
9151 -55
9152 -55
9153 -55
9154 -55
9155 -55
9156 -55
9157 -55
9158 -55
9159 -55
9160 -55
9161 -55
9162 -55
9163 -55
9164 -55
9165 -55
9166 -55
9167 -55
9168 -55
9169 -55
9170 -55
9171 -55
9172 -55
9173 -55
9174 -55
9175 -55
9176 -55
9177 -55
9178 -55
9179 -55
9180 -55
9181 -55
9182 -55
9183 -55
9184 -55
9185 -55
9186 -54
9187 -53
9188 -52
9189 -51
9190 -50
9191 -49
9192 -48
9193 -47
9194 -46
9195 -45
9196 -44
9197 -43
9198 -42
9199 -41
9200 -40
9201 -39
9202 -38
9203 -37
9204 -36
9205 -35
9206 -34
9207 -33
9208 -32
9209 -31
9210 -30
9211 -29
9212 -28
9213 -27
9214 -26
9215 -25
9216 -24
9217 -23
9218 -22
9219 -21
9220 -20
9221 -19
9222 -18
9223 -17
9224 -16
9225 -15
9226 -14
9227 -13
9228 -12
9229 -11
9230 -10
9231 -9
9232 -8
9233 -7
9234 -6
9235 -5
9236 -4
9237 -3
9238 -2
9239 -1
9240 0
9241 1
9242 2
9243 3
9244 4
9245 5
9246 6
9247 7
9248 8
9249 9
9250 10
9251 11
9252 12
9253 13
9254 14
9255 15
9256 16
9257 17
9258 18
9259 19
9260 20
9261 21
9262 22
9263 23
9264 24
9265 25
9266 26
9267 27
9268 28
9269 29
9270 30
9271 31
9272 32
9273 33
9274 34
9275 35
9276 36
9277 37
9278 38
9279 39
9280 40
9281 41
9282 42
9283 43
9284 44
9285 45
9286 46
9287 47
9288 48
9289 49
9290 50
9291 51
9292 52
9293 53
9294 54
9295 55
9296 56
9297 56
9298 56
9299 56
9300 56
9301 56
9302 56
9303 56
9304 56
9305 56
9306 56
9307 56
9308 56
9309 56
9310 56
9311 56
9312 56
9313 56
9314 56
9315 56
9316 56
9317 56
9318 56
9319 56
9320 56
9321 56
9322 56
9323 56
9324 56
9325 56
9326 56
9327 56
9328 56
9329 56
9330 56
9331 56
9332 56
9333 56
9334 56
9335 56
9336 56
9337 56
9338 56
9339 56
9340 56
9341 56
9342 56
9343 56
9344 56
9345 56
9346 56
9347 56
9348 56
9349 56
9350 56
9351 56
9352 56
9353 55
9354 54
9355 53
9356 52
9357 51
9358 50
9359 49
9360 48
9361 47
9362 46
9363 45
9364 44
9365 43
9366 42
9367 41
9368 40
9369 39
9370 38
9371 37
9372 36
9373 35
9374 34
9375 33
9376 32
9377 31
9378 30
9379 29
9380 28
9381 27
9382 26
9383 25
9384 24
9385 23
9386 22
9387 21
9388 20
9389 19
9390 18
9391 17
9392 16
9393 15
9394 14
9395 13
9396 12
9397 11
9398 10
9399 9
9400 8
9401 7
9402 6
9403 5
9404 4
9405 3
9406 2
9407 1
9408 0
9409 -1
9410 -2
9411 -3
9412 -4
9413 -5
9414 -6
9415 -7
9416 -8
9417 -9
9418 -10
9419 -11
9420 -12
9421 -13
9422 -14
9423 -15
9424 -16
9425 -17
9426 -18
9427 -19
9428 -20
9429 -21
9430 -22
9431 -23
9432 -24
9433 -25
9434 -26
9435 -27
9436 -28
9437 -29
9438 -30
9439 -31
9440 -32
9441 -33
9442 -34
9443 -35
9444 -36
9445 -37
9446 -38
9447 -39
9448 -40
9449 -41
9450 -42
9451 -43
9452 -44
9453 -45
9454 -46
9455 -47
9456 -48
9457 -49
9458 -50
9459 -51
9460 -52
9461 -53
9462 -54
9463 -55
9464 -56
9465 -56
9466 -56
9467 -56
9468 -56
9469 -56
9470 -56
9471 -56
9472 -56
9473 -56
9474 -56
9475 -56
9476 -56
9477 -56
9478 -56
9479 -56
9480 -56
9481 -56
9482 -56
9483 -56
9484 -56
9485 -56
9486 -56
9487 -56
9488 -56
9489 -56
9490 -56
9491 -56
9492 -56
9493 -56
9494 -56
9495 -56
9496 -56
9497 -56
9498 -56
9499 -56
9500 -56
9501 -56
9502 -56
9503 -56
9504 -56
9505 -56
9506 -56
9507 -56
9508 -56
9509 -56
9510 -56
9511 -56
9512 -56
9513 -56
9514 -56
9515 -56
9516 -56
9517 -56
9518 -56
9519 -56
9520 -56
9521 -55
9522 -54
9523 -53
9524 -52
9525 -51
9526 -50
9527 -49
9528 -48
9529 -47
9530 -46
9531 -45
9532 -44
9533 -43
9534 -42
9535 -41
9536 -40
9537 -39
9538 -38
9539 -37
9540 -36
9541 -35
9542 -34
9543 -33
9544 -32
9545 -31
9546 -30
9547 -29
9548 -28
9549 -27
9550 -26
9551 -25
9552 -24
9553 -23
9554 -22
9555 -21
9556 -20
9557 -19
9558 -18
9559 -17
9560 -16
9561 -15
9562 -14
9563 -13
9564 -12
9565 -11
9566 -10
9567 -9
9568 -8
9569 -7
9570 -6
9571 -5
9572 -4
9573 -3
9574 -2
9575 -1
9576 0
9577 1
9578 2
9579 3
9580 4
9581 5
9582 6
9583 7
9584 8
9585 9
9586 10
9587 11
9588 12
9589 13
9590 14
9591 15
9592 16
9593 17
9594 18
9595 19
9596 20
9597 21
9598 22
9599 23
9600 24
9601 25
9602 26
9603 27
9604 28
9605 29
9606 30
9607 31
9608 32
9609 33
9610 34
9611 35
9612 36
9613 37
9614 38
9615 39
9616 40
9617 41
9618 42
9619 43
9620 44
9621 45
9622 46
9623 47
9624 48
9625 49
9626 50
9627 51
9628 52
9629 53
9630 54
9631 55
9632 56
9633 57
9634 57
9635 57
9636 57
9637 57
9638 57
9639 57
9640 57
9641 57
9642 57
9643 57
9644 57
9645 57
9646 57
9647 57
9648 57
9649 57
9650 57
9651 57
9652 57
9653 57
9654 57
9655 57
9656 57
9657 57
9658 57
9659 57
9660 57
9661 57
9662 57
9663 57
9664 57
9665 57
9666 57
9667 57
9668 57
9669 57
9670 57
9671 57
9672 57
9673 57
9674 57
9675 57
9676 57
9677 57
9678 57
9679 57
9680 57
9681 57
9682 57
9683 57
9684 57
9685 57
9686 57
9687 57
9688 57
9689 57
9690 57
9691 56
9692 55
9693 54
9694 53
9695 52
9696 51
9697 50
9698 49
9699 48
9700 47
9701 46
9702 45
9703 44
9704 43
9705 42
9706 41
9707 40
9708 39
9709 38
9710 37
9711 36
9712 35
9713 34
9714 33
9715 32
9716 31
9717 30
9718 29
9719 28
9720 27
9721 26
9722 25
9723 24
9724 23
9725 22
9726 21
9727 20
9728 19
9729 18
9730 17
9731 16
9732 15
9733 14
9734 13
9735 12
9736 11
9737 10
9738 9
9739 8
9740 7
9741 6
9742 5
9743 4
9744 3
9745 2
9746 1
9747 0
9748 -1
9749 -2
9750 -3
9751 -4
9752 -5
9753 -6
9754 -7
9755 -8
9756 -9
9757 -10
9758 -11
9759 -12
9760 -13
9761 -14
9762 -15
9763 -16
9764 -17
9765 -18
9766 -19
9767 -20
9768 -21
9769 -22
9770 -23
9771 -24
9772 -25
9773 -26
9774 -27
9775 -28
9776 -29
9777 -30
9778 -31
9779 -32
9780 -33
9781 -34
9782 -35
9783 -36
9784 -37
9785 -38
9786 -39
9787 -40
9788 -41
9789 -42
9790 -43
9791 -44
9792 -45
9793 -46
9794 -47
9795 -48
9796 -49
9797 -50
9798 -51
9799 -52
9800 -53
9801 -54
9802 -55
9803 -56
9804 -57
9805 -57
9806 -57
9807 -57
9808 -57
9809 -57
9810 -57
9811 -57
9812 -57
9813 -57
9814 -57
9815 -57
9816 -57
9817 -57
9818 -57
9819 -57
9820 -57
9821 -57
9822 -57
9823 -57
9824 -57
9825 -57
9826 -57
9827 -57
9828 -57
9829 -57
9830 -57
9831 -57
9832 -57
9833 -57
9834 -57
9835 -57
9836 -57
9837 -57
9838 -57
9839 -57
9840 -57
9841 -57
9842 -57
9843 -57
9844 -57
9845 -57
9846 -57
9847 -57
9848 -57
9849 -57
9850 -57
9851 -57
9852 -57
9853 -57
9854 -57
9855 -57
9856 -57
9857 -57
9858 -57
9859 -57
9860 -57
9861 -57
9862 -56
9863 -55
9864 -54
9865 -53
9866 -52
9867 -51
9868 -50
9869 -49
9870 -48
9871 -47
9872 -46
9873 -45
9874 -44
9875 -43
9876 -42
9877 -41
9878 -40
9879 -39
9880 -38
9881 -37
9882 -36
9883 -35
9884 -34
9885 -33
9886 -32
9887 -31
9888 -30
9889 -29
9890 -28
9891 -27
9892 -26
9893 -25
9894 -24
9895 -23
9896 -22
9897 -21
9898 -20
9899 -19
9900 -18
9901 -17
9902 -16
9903 -15
9904 -14
9905 -13
9906 -12
9907 -11
9908 -10
9909 -9
9910 -8
9911 -7
9912 -6
9913 -5
9914 -4
9915 -3
9916 -2
9917 -1
9918 0
9919 1
9920 2
9921 3
9922 4
9923 5
9924 6
9925 7
9926 8
9927 9
9928 10
9929 11
9930 12
9931 13
9932 14
9933 15
9934 16
9935 17
9936 18
9937 19
9938 20
9939 21
9940 22
9941 23
9942 24
9943 25
9944 26
9945 27
9946 28
9947 29
9948 30
9949 31
9950 32
9951 33
9952 34
9953 35
9954 36
9955 37
9956 38
9957 39
9958 40
9959 41
9960 42
9961 43
9962 44
9963 45
9964 46
9965 47
9966 48
9967 49
9968 50
9969 51
9970 52
9971 53
9972 54
9973 55
9974 56
9975 57
9976 58
9977 58
9978 58
9979 58
9980 58
9981 58
9982 58
9983 58
9984 58
9985 58
9986 58
9987 58
9988 58
9989 58
9990 58
9991 58
9992 58
9993 58
9994 58
9995 58
9996 58
9997 58
9998 58
9999 58
10000 58
10001 58
10002 58
10003 58
10004 58
10005 58
10006 58
10007 58
10008 58
10009 58
10010 58
10011 58
10012 58
10013 58
10014 58
10015 58
10016 58
10017 58
10018 58
10019 58
10020 58
10021 58
10022 58
10023 58
10024 58
10025 58
10026 58
10027 58
10028 58
10029 58
10030 58
10031 58
10032 58
10033 58
10034 58
10035 57
10036 56
10037 55
10038 54
10039 53
10040 52
10041 51
10042 50
10043 49
10044 48
10045 47
10046 46
10047 45
10048 44
10049 43
10050 42
10051 41
10052 40
10053 39
10054 38
10055 37
10056 36
10057 35
10058 34
10059 33
10060 32
10061 31
10062 30
10063 29
10064 28
10065 27
10066 26
10067 25
10068 24
10069 23
10070 22
10071 21
10072 20
10073 19
10074 18
10075 17
10076 16
10077 15
10078 14
10079 13
10080 12
10081 11
10082 10
10083 9
10084 8
10085 7
10086 6
10087 5
10088 4
10089 3
10090 2
10091 1
10092 0
