# A307016 b-file computed by Hugo Pfoertner 2019-03-26
0 0
1 0
2 1
3 1
4 0
5 -1
6 -1
7 1
8 2
9 1
10 -1
11 -2
12 -1
13 0
14 2
15 2
16 0
17 -2
18 -2
19 1
20 2
21 3
22 3
23 2
24 1
25 -1
26 -2
27 -3
28 -3
29 -2
30 -1
31 0
32 3
33 3
34 0
35 -3
36 -3
37 2
38 4
39 2
40 -2
41 -4
42 -2
43 1
44 3
45 4
46 4
47 3
48 1
49 -1
50 -3
51 -4
52 -4
53 -3
54 -1
55 0
56 4
57 4
58 0
59 -4
60 -4
61 2
62 3
63 5
64 5
65 3
66 2
67 -2
68 -3
69 -5
70 -5
71 -3
72 -2
73 1
74 4
75 5
76 5
77 4
78 1
79 -1
80 -4
81 -5
82 -5
83 -4
84 -1
85 0
86 5
87 5
88 0
89 -5
90 -5
91 3
92 6
93 3
94 -3
95 -6
96 -3
97 2
98 4
99 6
100 6
101 4
102 2
103 -2
104 -4
105 -6
106 -6
107 -4
108 -2
109 1
110 5
111 6
112 6
113 5
114 1
115 -1
116 -5
117 -6
118 -6
119 -5
120 -1
121 0
122 6
123 6
124 0
125 -6
126 -6
127 3
128 4
129 7
130 7
131 4
132 3
133 -3
134 -4
135 -7
136 -7
137 -4
138 -3
139 2
140 5
141 7
142 7
143 5
144 2
145 -2
146 -5
147 -7
148 -7
149 -5
150 -2
151 1
152 6
153 7
154 7
155 6
156 1
157 -1
158 -6
159 -7
160 -7
161 -6
162 -1
163 4
164 8
165 4
166 -4
167 -8
168 -4
169 0
170 3
171 5
172 7
173 8
174 8
175 7
176 5
177 3
178 0
179 -3
180 -5
181 -7
182 -8
183 -8
184 -7
185 -5
186 -3
187 2
188 6
189 8
190 8
191 6
192 2
193 -2
194 -6
195 -8
196 -8
197 -6
198 -2
199 1
200 7
201 8
202 8
203 7
204 1
205 -1
206 -7
207 -8
208 -8
209 -7
210 -1
211 4
212 5
213 9
214 9
215 5
216 4
217 -4
218 -5
219 -9
220 -9
221 -5
222 -4
223 3
224 6
225 9
226 9
227 6
228 3
229 -3
230 -6
231 -9
232 -9
233 -6
234 -3
235 0
236 8
237 8
238 0
239 -8
240 -8
241 2
242 7
243 9
244 9
245 7
246 2
247 -2
248 -7
249 -9
250 -9
251 -7
252 -2
253 1
254 8
255 9
256 9
257 8
258 1
259 -1
260 -8
261 -9
262 -9
263 -8
264 -1
265 5
266 10
267 5
268 -5
269 -10
270 -5
271 4
272 6
273 10
274 10
275 6
276 4
277 -4
278 -6
279 -10
280 -10
281 -6
282 -4
283 3
284 7
285 10
286 10
287 7
288 3
289 -3
290 -7
291 -10
292 -10
293 -7
294 -3
295 0
296 9
297 9
298 0
299 -9
300 -9
301 2
302 8
303 10
304 10
305 8
306 2
307 -2
308 -8
309 -10
310 -10
311 -8
312 -2
313 1
314 5
315 6
316 9
317 10
318 11
319 11
320 10
321 9
322 6
323 5
324 1
325 -1
326 -5
327 -6
328 -9
329 -10
330 -11
331 -11
332 -10
333 -9
334 -6
335 -5
336 -1
337 4
338 7
339 11
340 11
341 7
342 4
343 -4
344 -7
345 -11
346 -11
347 -7
348 -4
349 3
350 8
351 11
352 11
353 8
354 3
355 -3
356 -8
357 -11
358 -11
359 -8
360 -3
361 0
362 10
363 10
364 0
365 -10
366 -10
367 2
368 9
369 11
370 11
371 9
372 2
373 -2
374 -9
375 -11
376 -11
377 -9
378 -2
379 6
380 12
381 6
382 -6
383 -12
384 -6
385 5
386 7
387 12
388 12
389 7
390 5
391 -5
392 -7
393 -12
394 -12
395 -7
396 -5
397 1
398 10
399 11
400 11
401 10
402 1
403 -1
404 -10
405 -11
406 -11
407 -10
408 -1
409 4
410 8
411 12
412 12
413 8
414 4
415 -4
416 -8
417 -12
418 -12
419 -8
420 -4
421 3
422 9
423 12
424 12
425 9
426 3
427 -3
428 -9
429 -12
430 -12
431 -9
432 -3
433 0
434 11
435 11
436 0
437 -11
438 -11
439 2
440 10
441 12
442 12
443 10
444 2
445 -2
446 -10
447 -12
448 -12
449 -10
450 -2
451 6
452 7
453 13
454 13
455 7
456 6
457 -6
458 -7
459 -13
460 -13
461 -7
462 -6
463 5
464 8
465 13
466 13
467 8
468 5
469 -5
470 -8
471 -13
472 -13
473 -8
474 -5
475 1
476 4
477 9
478 11
479 12
480 13
481 13
482 12
483 11
484 9
485 4
486 1
487 -1
488 -4
489 -9
490 -11
491 -12
492 -13
493 -13
494 -12
495 -11
496 -9
497 -4
498 -1
499 3
500 10
501 13
502 13
503 10
504 3
505 -3
506 -10
507 -13
508 -13
509 -10
510 -3
511 0
512 12
513 12
514 0
515 -12
516 -12
517 2
518 7
519 11
520 13
521 14
522 13
523 11
524 7
525 2
526 -2
527 -7
528 -11
529 -13
530 -14
531 -13
532 -11
533 -7
534 -2
535 6
536 8
537 14
538 14
539 8
540 6
541 -6
542 -8
543 -14
544 -14
545 -8
546 -6
547 5
548 9
549 14
550 14
551 9
552 5
553 -5
554 -9
555 -14
556 -14
557 -9
558 -5
559 4
560 10
561 14
562 14
563 10
564 4
565 -4
566 -10
567 -14
568 -14
569 -10
570 -4
571 1
572 12
573 13
574 13
575 12
576 1
577 -1
578 -12
579 -13
580 -13
581 -12
582 -1
583 3
584 11
585 14
586 14
587 11
588 3
589 -3
590 -11
591 -14
592 -14
593 -11
594 -3
595 0
596 7
597 8
598 13
599 15
600 15
601 13
602 8
603 7
604 0
605 -7
606 -8
607 -13
608 -15
609 -15
610 -13
611 -8
612 -7
613 6
614 9
615 15
616 15
617 9
618 6
619 -6
620 -9
621 -15
622 -15
623 -9
624 -6
625 2
626 12
627 14
628 14
629 12
630 2
631 -2
632 -12
633 -14
634 -14
635 -12
636 -2
637 5
638 10
639 15
640 15
641 10
642 5
643 -5
644 -10
645 -15
646 -15
647 -10
648 -5
649 4
650 11
651 15
652 15
653 11
654 4
655 -4
656 -11
657 -15
658 -15
659 -11
660 -4
661 1
662 13
663 14
664 14
665 13
666 1
667 -1
668 -13
669 -14
670 -14
671 -13
672 -1
673 3
674 12
675 15
676 15
677 12
678 3
679 -3
680 -12
681 -15
682 -15
683 -12
684 -3
685 8
686 16
687 8
688 -8
689 -16
690 -8
691 7
692 9
693 16
694 16
695 9
696 7
697 -7
698 -9
699 -16
700 -16
701 -9
702 -7
703 0
704 6
705 10
706 14
707 16
708 16
709 14
710 10
711 6
712 0
713 -6
714 -10
715 -14
716 -16
717 -16
718 -14
719 -10
720 -6
721 2
722 13
723 15
724 15
725 13
726 2
727 -2
728 -13
729 -15
730 -15
731 -13
732 -2
733 5
734 11
735 16
736 16
737 11
738 5
739 -5
740 -11
741 -16
742 -16
743 -11
744 -5
745 4
746 12
747 16
748 16
749 12
750 4
751 -4
752 -12
753 -16
754 -16
755 -12
756 -4
757 1
758 14
759 15
760 15
761 14
762 1
763 -1
764 -14
765 -15
766 -15
767 -14
768 -1
769 3
770 8
771 9
772 13
773 16
774 17
775 17
776 16
777 13
778 9
779 8
780 3
781 -3
782 -8
783 -9
784 -13
785 -16
786 -17
787 -17
788 -16
789 -13
790 -9
791 -8
792 -3
793 7
794 10
795 17
796 17
797 10
798 7
799 -7
800 -10
801 -17
802 -17
803 -10
804 -7
805 6
806 11
807 17
808 17
809 11
810 6
811 -6
812 -11
813 -17
814 -17
815 -11
816 -6
817 0
818 15
819 15
820 0
821 -15
822 -15
823 2
824 14
825 16
826 16
827 14
828 2
829 -2
830 -14
831 -16
832 -16
833 -14
834 -2
835 5
836 12
837 17
838 17
839 12
840 5
841 -5
842 -12
843 -17
844 -17
845 -12
846 -5
847 4
848 13
849 17
850 17
851 13
852 4
853 -4
854 -13
855 -17
856 -17
857 -13
858 -4
859 1
860 15
861 16
862 16
863 15
864 1
865 -1
866 -15
867 -16
868 -16
869 -15
870 -1
871 9
872 18
873 9
874 -9
875 -18
876 -9
877 8
878 10
879 18
880 18
881 10
882 8
883 -8
884 -10
885 -18
886 -18
887 -10
888 -8
889 3
890 7
891 11
892 14
893 17
894 18
895 18
896 17
897 14
898 11
899 7
900 3
901 -3
902 -7
903 -11
904 -14
905 -17
906 -18
907 -18
908 -17
909 -14
910 -11
911 -7
912 -3
913 6
914 12
915 18
916 18
917 12
918 6
919 -6
920 -12
921 -18
922 -18
923 -12
924 -6
925 0
926 16
927 16
928 0
929 -16
930 -16
931 2
932 5
933 13
934 15
935 17
936 18
937 18
938 17
939 15
940 13
941 5
942 2
943 -2
944 -5
945 -13
946 -15
947 -17
948 -18
949 -18
950 -17
951 -15
952 -13
953 -5
954 -2
955 4
956 14
957 18
958 18
959 14
960 4
961 -4
962 -14
963 -18
964 -18
965 -14
966 -4
967 9
968 10
969 19
970 19
971 10
972 9
973 -9
974 -10
975 -19
976 -19
977 -10
978 -9
979 1
980 8
981 11
982 16
983 17
984 19
985 19
986 17
987 16
988 11
989 8
990 1
991 -1
992 -8
993 -11
994 -16
995 -17
996 -19
997 -19
998 -17
999 -16
1000 -11
1001 -8
1002 -1
1003 7
1004 12
1005 19
1006 19
1007 12
1008 7
1009 -7
1010 -12
1011 -19
1012 -19
1013 -12
1014 -7
1015 3
1016 15
1017 18
1018 18
1019 15
1020 3
1021 -3
1022 -15
1023 -18
1024 -18
1025 -15
1026 -3
1027 6
1028 13
1029 19
1030 19
1031 13
1032 6
1033 -6
1034 -13
1035 -19
1036 -19
1037 -13
1038 -6
1039 0
1040 17
1041 17
1042 0
1043 -17
1044 -17
1045 5
1046 14
1047 19
1048 19
1049 14
1050 5
1051 -5
1052 -14
1053 -19
1054 -19
1055 -14
1056 -5
1057 2
1058 16
1059 18
1060 18
1061 16
1062 2
1063 -2
1064 -16
1065 -18
1066 -18
1067 -16
1068 -2
1069 10
1070 20
1071 10
1072 -10
1073 -20
1074 -10
1075 4
1076 9
1077 11
1078 15
1079 19
1080 20
1081 20
1082 19
1083 15
1084 11
1085 9
1086 4
1087 -4
1088 -9
1089 -11
1090 -15
1091 -19
1092 -20
1093 -20
1094 -19
1095 -15
1096 -11
1097 -9
1098 -4
1099 8
1100 12
1101 20
1102 20
1103 12
1104 8
1105 -8
1106 -12
1107 -20
1108 -20
1109 -12
1110 -8
1111 1
1112 17
1113 18
1114 18
1115 17
1116 1
1117 -1
1118 -17
1119 -18
1120 -18
1121 -17
1122 -1
1123 7
1124 13
1125 20
1126 20
1127 13
1128 7
1129 -7
1130 -13
1131 -20
1132 -20
1133 -13
1134 -7
1135 3
1136 16
1137 19
1138 19
1139 16
1140 3
1141 -3
1142 -16
1143 -19
1144 -19
1145 -16
1146 -3
1147 6
1148 14
1149 20
1150 20
1151 14
1152 6
1153 -6
1154 -14
1155 -20
1156 -20
1157 -14
1158 -6
1159 0
1160 18
1161 18
1162 0
1163 -18
1164 -18
1165 5
1166 15
1167 20
1168 20
1169 15
1170 5
1171 -5
1172 -15
1173 -20
1174 -20
1175 -15
1176 -5
1177 2
1178 17
1179 19
1180 19
1181 17
1182 2
1183 -2
1184 -17
1185 -19
1186 -19
1187 -17
1188 -2
1189 10
1190 11
1191 21
1192 21
1193 11
1194 10
1195 -10
1196 -11
1197 -21
1198 -21
1199 -11
1200 -10
1201 9
1202 12
1203 21
1204 21
1205 12
1206 9
1207 -9
1208 -12
1209 -21
1210 -21
1211 -12
1212 -9
1213 4
1214 16
1215 20
1216 20
1217 16
1218 4
1219 -4
1220 -16
1221 -20
1222 -20
1223 -16
1224 -4
1225 8
1226 13
1227 21
1228 21
1229 13
1230 8
1231 -8
1232 -13
1233 -21
1234 -21
1235 -13
1236 -8
1237 1
1238 7
1239 14
1240 18
1241 19
1242 21
1243 21
1244 19
1245 18
1246 14
1247 7
1248 1
1249 -1
1250 -7
1251 -14
1252 -18
1253 -19
1254 -21
1255 -21
1256 -19
1257 -18
1258 -14
1259 -7
1260 -1
1261 3
1262 17
1263 20
1264 20
1265 17
1266 3
1267 -3
1268 -17
1269 -20
1270 -20
1271 -17
1272 -3
1273 6
1274 15
1275 21
1276 21
1277 15
1278 6
1279 -6
1280 -15
1281 -21
1282 -21
1283 -15
1284 -6
1285 0
1286 5
1287 16
1288 19
1289 21
1290 21
1291 19
1292 16
1293 5
1294 0
1295 -5
1296 -16
1297 -19
1298 -21
1299 -21
1300 -19
1301 -16
1302 -5
1303 11
1304 22
1305 11
1306 -11
1307 -22
1308 -11
1309 2
1310 10
1311 12
1312 18
1313 20
1314 22
1315 22
1316 20
1317 18
1318 12
1319 10
1320 2
1321 -2
1322 -10
1323 -12
1324 -18
1325 -20
1326 -22
1327 -22
1328 -20
1329 -18
1330 -12
1331 -10
1332 -2
1333 9
1334 13
1335 22
1336 22
1337 13
1338 9
1339 -9
1340 -13
1341 -22
1342 -22
1343 -13
1344 -9
1345 8
1346 14
1347 22
1348 22
1349 14
1350 8
1351 -8
1352 -14
1353 -22
1354 -22
1355 -14
1356 -8
1357 4
1358 17
1359 21
1360 21
1361 17
1362 4
1363 -4
1364 -17
1365 -21
1366 -21
1367 -17
1368 -4
1369 7
1370 15
1371 22
1372 22
1373 15
1374 7
1375 -7
1376 -15
1377 -22
1378 -22
1379 -15
1380 -7
1381 1
1382 19
1383 20
1384 20
1385 19
1386 1
1387 -1
1388 -19
1389 -20
1390 -20
1391 -19
1392 -1
1393 3
1394 18
1395 21
1396 21
1397 18
1398 3
1399 -3
1400 -18
1401 -21
1402 -21
1403 -18
1404 -3
1405 6
1406 16
1407 22
1408 22
1409 16
1410 6
1411 -6
1412 -16
1413 -22
1414 -22
1415 -16
1416 -6
1417 11
1418 12
1419 23
1420 23
1421 12
1422 11
1423 -11
1424 -12
1425 -23
1426 -23
1427 -12
1428 -11
1429 5
1430 10
1431 13
1432 17
1433 22
1434 23
1435 23
1436 22
1437 17
1438 13
1439 10
1440 5
1441 -5
1442 -10
1443 -13
1444 -17
1445 -22
1446 -23
1447 -23
1448 -22
1449 -17
1450 -13
1451 -10
1452 -5
1453 0
1454 20
1455 20
1456 0
1457 -20
1458 -20
1459 2
1460 9
1461 14
1462 19
1463 21
1464 23
1465 23
1466 21
1467 19
1468 14
1469 9
1470 2
1471 -2
1472 -9
1473 -14
1474 -19
1475 -21
1476 -23
1477 -23
1478 -21
1479 -19
1480 -14
1481 -9
1482 -2
1483 8
1484 15
1485 23
1486 23
1487 15
1488 8
1489 -8
1490 -15
1491 -23
1492 -23
1493 -15
1494 -8
1495 4
1496 18
1497 22
1498 22
1499 18
1500 4
1501 -4
1502 -18
1503 -22
1504 -22
1505 -18
1506 -4
1507 7
1508 16
1509 23
1510 23
1511 16
1512 7
1513 -7
1514 -16
1515 -23
1516 -23
1517 -16
1518 -7
1519 1
1520 20
1521 21
1522 21
1523 20
1524 1
1525 -1
1526 -20
1527 -21
1528 -21
1529 -20
1530 -1
1531 3
1532 6
1533 17
1534 19
1535 22
1536 23
1537 23
1538 22
1539 19
1540 17
1541 6
1542 3
1543 -3
1544 -6
1545 -17
1546 -19
1547 -22
1548 -23
1549 -23
1550 -22
1551 -19
1552 -17
1553 -6
1554 -3
1555 12
1556 24
1557 12
1558 -12
1559 -24
1560 -12
1561 11
1562 13
1563 24
1564 24
1565 13
1566 11
1567 -11
1568 -13
1569 -24
1570 -24
1571 -13
1572 -11
1573 10
1574 14
1575 24
1576 24
1577 14
1578 10
1579 -10
1580 -14
1581 -24
1582 -24
1583 -14
1584 -10
1585 5
1586 18
1587 23
1588 23
1589 18
1590 5
1591 -5
1592 -18
1593 -23
1594 -23
1595 -18
1596 -5
1597 0
1598 9
1599 15
1600 21
1601 24
1602 24
1603 21
1604 15
1605 9
1606 0
1607 -9
1608 -15
1609 -21
1610 -24
1611 -24
1612 -21
1613 -15
1614 -9
1615 2
1616 20
1617 22
1618 22
1619 20
1620 2
1621 -2
1622 -20
1623 -22
1624 -22
1625 -20
1626 -2
1627 8
1628 16
1629 24
1630 24
1631 16
1632 8
1633 -8
1634 -16
1635 -24
1636 -24
1637 -16
1638 -8
1639 4
1640 19
1641 23
1642 23
1643 19
1644 4
1645 -4
1646 -19
1647 -23
1648 -23
1649 -19
1650 -4
1651 7
1652 17
1653 24
1654 24
1655 17
1656 7
1657 -7
1658 -17
1659 -24
1660 -24
1661 -17
1662 -7
1663 1
1664 21
1665 22
1666 22
1667 21
1668 1
1669 -1
1670 -21
1671 -22
1672 -22
1673 -21
1674 -1
1675 6
1676 18
1677 24
1678 24
1679 18
1680 6
1681 -6
1682 -18
1683 -24
1684 -24
1685 -18
1686 -6
1687 3
1688 12
1689 13
1690 20
1691 23
1692 25
1693 25
1694 23
1695 20
1696 13
1697 12
1698 3
1699 -3
1700 -12
1701 -13
1702 -20
1703 -23
1704 -25
1705 -25
1706 -23
1707 -20
1708 -13
1709 -12
1710 -3
1711 11
1712 14
1713 25
1714 25
1715 14
1716 11
1717 -11
1718 -14
1719 -25
1720 -25
1721 -14
1722 -11
1723 10
1724 15
1725 25
1726 25
1727 15
1728 10
1729 -10
1730 -15
1731 -25
1732 -25
1733 -15
1734 -10
1735 5
1736 9
1737 16
1738 19
1739 24
1740 25
1741 25
1742 24
1743 19
1744 16
1745 9
1746 5
1747 -5
1748 -9
1749 -16
1750 -19
1751 -24
1752 -25
1753 -25
1754 -24
1755 -19
1756 -16
1757 -9
1758 -5
1759 0
1760 22
1761 22
1762 0
1763 -22
1764 -22
1765 2
1766 21
1767 23
1768 23
1769 21
1770 2
1771 -2
1772 -21
1773 -23
1774 -23
1775 -21
1776 -2
1777 8
1778 17
1779 25
1780 25
1781 17
1782 8
1783 -8
1784 -17
1785 -25
1786 -25
1787 -17
1788 -8
1789 4
1790 20
1791 24
1792 24
1793 20
1794 4
1795 -4
1796 -20
1797 -24
1798 -24
1799 -20
1800 -4
1801 7
1802 18
1803 25
1804 25
1805 18
1806 7
1807 -7
1808 -18
1809 -25
1810 -25
1811 -18
1812 -7
1813 1
1814 13
1815 22
1816 23
1817 26
1818 23
1819 22
1820 13
1821 1
1822 -1
1823 -13
1824 -22
1825 -23
1826 -26
1827 -23
1828 -22
1829 -13
1830 -1
1831 12
1832 14
1833 26
1834 26
1835 14
1836 12
1837 -12
1838 -14
1839 -26
1840 -26
1841 -14
1842 -12
1843 6
1844 11
1845 15
1846 19
1847 25
1848 26
1849 26
1850 25
1851 19
1852 15
1853 11
1854 6
1855 -6
1856 -11
1857 -15
1858 -19
1859 -25
1860 -26
1861 -26
1862 -25
1863 -19
1864 -15
1865 -11
1866 -6
1867 3
1868 21
1869 24
1870 24
1871 21
1872 3
1873 -3
1874 -21
1875 -24
1876 -24
1877 -21
1878 -3
1879 10
1880 16
1881 26
1882 26
1883 16
1884 10
1885 -10
1886 -16
1887 -26
1888 -26
1889 -16
1890 -10
1891 9
1892 17
1893 26
1894 26
1895 17
1896 9
1897 -9
1898 -17
1899 -26
1900 -26
1901 -17
1902 -9
1903 5
1904 20
1905 25
1906 25
1907 20
1908 5
1909 -5
1910 -20
1911 -25
1912 -25
1913 -20
1914 -5
1915 0
1916 23
1917 23
1918 0
1919 -23
1920 -23
1921 2
1922 8
1923 18
1924 22
1925 24
1926 26
1927 26
1928 24
1929 22
1930 18
1931 8
1932 2
1933 -2
1934 -8
1935 -18
1936 -22
1937 -24
1938 -26
1939 -26
1940 -24
1941 -22
1942 -18
1943 -8
1944 -2
1945 4
1946 21
1947 25
1948 25
1949 21
1950 4
1951 -4
1952 -21
1953 -25
1954 -25
1955 -21
1956 -4
1957 7
1958 19
1959 26
1960 26
1961 19
1962 7
1963 -7
1964 -19
1965 -26
1966 -26
1967 -19
1968 -7
1969 13
1970 14
1971 27
1972 27
1973 14
1974 13
1975 -13
1976 -14
1977 -27
1978 -27
1979 -14
1980 -13
1981 12
1982 15
1983 27
1984 27
1985 15
1986 12
1987 -12
1988 -15
1989 -27
1990 -27
1991 -15
1992 -12
1993 1
1994 11
1995 16
1996 23
1997 24
1998 27
1999 27
2000 24
2001 23
2002 16
2003 11
2004 1
2005 -1
2006 -11
2007 -16
2008 -23
2009 -24
2010 -27
2011 -27
2012 -24
2013 -23
2014 -16
2015 -11
2016 -1
2017 6
2018 20
2019 26
2020 26
2021 20
2022 6
2023 -6
2024 -20
2025 -26
2026 -26
2027 -20
2028 -6
2029 3
2030 10
2031 17
2032 22
2033 25
2034 27
2035 27
2036 25
2037 22
2038 17
2039 10
2040 3
2041 -3
2042 -10
2043 -17
2044 -22
2045 -25
2046 -27
2047 -27
2048 -25
2049 -22
2050 -17
2051 -10
2052 -3
2053 9
2054 18
2055 27
2056 27
2057 18
2058 9
2059 -9
2060 -18
2061 -27
2062 -27
2063 -18
2064 -9
2065 5
2066 21
2067 26
2068 26
2069 21
2070 5
2071 -5
2072 -21
2073 -26
2074 -26
2075 -21
2076 -5
2077 0
2078 24
2079 24
2080 0
2081 -24
2082 -24
2083 8
2084 19
2085 27
2086 27
2087 19
2088 8
2089 -8
2090 -19
2091 -27
2092 -27
2093 -19
2094 -8
2095 2
2096 23
2097 25
2098 25
2099 23
2100 2
2101 -2
2102 -23
2103 -25
2104 -25
2105 -23
2106 -2
2107 4
2108 14
2109 22
2110 26
2111 28
2112 26
2113 22
2114 14
2115 4
2116 -4
2117 -14
2118 -22
2119 -26
2120 -28
2121 -26
2122 -22
2123 -14
2124 -4
2125 7
2126 13
2127 15
2128 20
2129 27
2130 28
2131 28
2132 27
2133 20
2134 15
2135 13
2136 7
2137 -7
2138 -13
2139 -15
2140 -20
2141 -27
2142 -28
2143 -28
2144 -27
2145 -20
2146 -15
2147 -13
2148 -7
2149 12
2150 16
2151 28
2152 28
2153 16
2154 12
2155 -12
2156 -16
2157 -28
2158 -28
2159 -16
2160 -12
2161 11
2162 17
2163 28
2164 28
2165 17
2166 11
2167 -11
2168 -17
2169 -28
2170 -28
2171 -17
2172 -11
2173 1
2174 24
2175 25
2176 25
2177 24
2178 1
2179 -1
2180 -24
2181 -25
2182 -25
2183 -24
2184 -1
2185 6
2186 21
2187 27
2188 27
2189 21
2190 6
2191 -6
2192 -21
2193 -27
2194 -27
2195 -21
2196 -6
2197 10
2198 18
2199 28
2200 28
2201 18
2202 10
2203 -10
2204 -18
2205 -28
2206 -28
2207 -18
2208 -10
2209 3
2210 23
2211 26
2212 26
2213 23
2214 3
2215 -3
2216 -23
2217 -26
2218 -26
2219 -23
2220 -3
2221 9
2222 19
2223 28
2224 28
2225 19
2226 9
2227 -9
2228 -19
2229 -28
2230 -28
2231 -19
2232 -9
2233 5
2234 22
2235 27
2236 27
2237 22
2238 5
2239 -5
2240 -22
2241 -27
2242 -27
2243 -22
2244 -5
2245 8
2246 20
2247 28
2248 28
2249 20
2250 8
2251 -8
2252 -20
2253 -28
2254 -28
2255 -20
2256 -8
2257 0
2258 25
2259 25
2260 0
2261 -25
2262 -25
2263 2
2264 24
2265 26
2266 26
2267 24
2268 2
2269 -2
2270 -24
2271 -26
2272 -26
2273 -24
2274 -2
2275 14
2276 15
2277 29
2278 29
2279 15
2280 14
2281 -14
2282 -15
2283 -29
2284 -29
2285 -15
2286 -14
2287 13
2288 16
2289 29
2290 29
2291 16
2292 13
2293 -13
2294 -16
2295 -29
2296 -29
2297 -16
2298 -13
2299 4
2300 7
2301 12
2302 17
2303 21
2304 23
2305 27
2306 28
2307 29
2308 29
2309 28
2310 27
2311 23
2312 21
2313 17
2314 12
2315 7
2316 4
2317 -4
2318 -7
2319 -12
2320 -17
2321 -21
2322 -23
2323 -27
2324 -28
2325 -29
2326 -29
2327 -28
2328 -27
2329 -23
2330 -21
2331 -17
2332 -12
2333 -7
2334 -4
2335 11
2336 18
2337 29
2338 29
2339 18
2340 11
2341 -11
2342 -18
2343 -29
2344 -29
2345 -18
2346 -11
2347 1
2348 10
2349 19
2350 25
2351 26
2352 29
2353 29
2354 26
2355 25
2356 19
2357 10
2358 1
2359 -1
2360 -10
2361 -19
2362 -25
2363 -26
2364 -29
2365 -29
2366 -26
2367 -25
2368 -19
2369 -10
2370 -1
2371 6
2372 22
2373 28
2374 28
2375 22
2376 6
2377 -6
2378 -22
2379 -28
2380 -28
2381 -22
2382 -6
2383 3
2384 24
2385 27
2386 27
2387 24
2388 3
2389 -3
2390 -24
2391 -27
2392 -27
2393 -24
2394 -3
2395 9
2396 20
2397 29
2398 29
2399 20
2400 9
2401 -9
2402 -20
2403 -29
2404 -29
2405 -20
2406 -9
2407 5
2408 23
2409 28
2410 28
2411 23
2412 5
2413 -5
2414 -23
2415 -28
2416 -28
2417 -23
2418 -5
2419 8
2420 21
2421 29
2422 29
2423 21
2424 8
2425 -8
2426 -21
2427 -29
2428 -29
2429 -21
2430 -8
2431 15
2432 30
2433 15
2434 -15
2435 -30
2436 -15
2437 0
2438 14
2439 16
2440 26
2441 30
2442 30
2443 26
2444 16
2445 14
2446 0
2447 -14
2448 -16
2449 -26
2450 -30
2451 -30
2452 -26
2453 -16
2454 -14
2455 2
2456 13
2457 17
2458 25
2459 27
2460 30
2461 30
2462 27
2463 25
2464 17
2465 13
2466 2
2467 -2
2468 -13
2469 -17
2470 -25
2471 -27
2472 -30
2473 -30
2474 -27
2475 -25
2476 -17
2477 -13
2478 -2
2479 12
2480 18
2481 30
2482 30
2483 18
2484 12
2485 -12
2486 -18
2487 -30
2488 -30
2489 -18
2490 -12
2491 7
2492 22
2493 29
2494 29
2495 22
2496 7
2497 -7
2498 -22
2499 -29
2500 -29
2501 -22
2502 -7
2503 4
2504 24
2505 28
2506 28
2507 24
2508 4
2509 -4
2510 -24
2511 -28
2512 -28
2513 -24
2514 -4
2515 11
2516 19
2517 30
2518 30
2519 19
2520 11
2521 -11
2522 -19
2523 -30
2524 -30
2525 -19
2526 -11
2527 10
2528 20
2529 30
2530 30
2531 20
2532 10
2533 -10
2534 -20
2535 -30
2536 -30
2537 -20
2538 -10
2539 1
2540 6
2541 23
2542 26
2543 27
2544 29
2545 29
2546 27
2547 26
2548 23
2549 6
2550 1
2551 -1
2552 -6
2553 -23
2554 -26
2555 -27
2556 -29
2557 -29
2558 -27
2559 -26
2560 -23
2561 -6
2562 -1
2563 3
2564 25
2565 28
2566 28
2567 25
2568 3
2569 -3
2570 -25
2571 -28
2572 -28
2573 -25
2574 -3
2575 9
2576 21
2577 30
2578 30
2579 21
2580 9
2581 -9
2582 -21
2583 -30
2584 -30
2585 -21
2586 -9
2587 5
2588 15
2589 16
2590 24
2591 29
2592 31
2593 31
2594 29
2595 24
2596 16
2597 15
2598 5
2599 -5
2600 -15
2601 -16
2602 -24
2603 -29
2604 -31
2605 -31
2606 -29
2607 -24
2608 -16
2609 -15
2610 -5
2611 14
2612 17
2613 31
2614 31
2615 17
2616 14
2617 -14
2618 -17
2619 -31
2620 -31
2621 -17
2622 -14
2623 8
2624 22
2625 30
2626 30
2627 22
2628 8
2629 -8
2630 -22
2631 -30
2632 -30
2633 -22
2634 -8
2635 13
2636 18
2637 31
2638 31
2639 18
2640 13
2641 -13
2642 -18
2643 -31
2644 -31
2645 -18
2646 -13
2647 0
2648 27
2649 27
2650 0
2651 -27
2652 -27
2653 2
2654 26
2655 28
2656 28
2657 26
2658 2
2659 -2
2660 -26
2661 -28
2662 -28
2663 -26
2664 -2
2665 12
2666 19
2667 31
2668 31
2669 19
2670 12
2671 -12
2672 -19
2673 -31
2674 -31
2675 -19
2676 -12
2677 7
2678 23
2679 30
2680 30
2681 23
2682 7
2683 -7
2684 -23
2685 -30
2686 -30
2687 -23
2688 -7
2689 4
2690 11
2691 20
2692 25
2693 29
2694 31
2695 31
2696 29
2697 25
2698 20
2699 11
2700 4
2701 -4
2702 -11
2703 -20
2704 -25
2705 -29
2706 -31
2707 -31
2708 -29
2709 -25
2710 -20
2711 -11
2712 -4
2713 10
2714 21
2715 31
2716 31
2717 21
2718 10
2719 -10
2720 -21
2721 -31
2722 -31
2723 -21
2724 -10
2725 6
2726 24
2727 30
2728 30
2729 24
2730 6
2731 -6
2732 -24
2733 -30
2734 -30
2735 -24
2736 -6
2737 1
2738 27
2739 28
2740 28
2741 27
2742 1
2743 -1
2744 -27
2745 -28
2746 -28
2747 -27
2748 -1
2749 3
2750 9
2751 22
2752 26
2753 29
2754 31
2755 31
2756 29
2757 26
2758 22
2759 9
2760 3
2761 -3
2762 -9
2763 -22
2764 -26
2765 -29
2766 -31
2767 -31
2768 -29
2769 -26
2770 -22
2771 -9
2772 -3
2773 16
2774 32
2775 16
2776 -16
2777 -32
2778 -16
2779 15
2780 17
2781 32
2782 32
2783 17
2784 15
2785 -15
2786 -17
2787 -32
2788 -32
2789 -17
2790 -15
2791 14
2792 18
2793 32
2794 32
2795 18
2796 14
2797 -14
2798 -18
2799 -32
2800 -32
2801 -18
2802 -14
2803 5
2804 25
2805 30
2806 30
2807 25
2808 5
2809 -5
2810 -25
2811 -30
2812 -30
2813 -25
2814 -5
2815 8
2816 13
2817 19
2818 23
2819 31
2820 32
2821 32
2822 31
2823 23
2824 19
2825 13
2826 8
2827 -8
2828 -13
2829 -19
2830 -23
2831 -31
2832 -32
2833 -32
2834 -31
2835 -23
2836 -19
2837 -13
2838 -8
2839 0
2840 12
2841 20
2842 28
2843 32
2844 32
2845 28
2846 20
2847 12
2848 0
2849 -12
2850 -20
2851 -28
2852 -32
2853 -32
2854 -28
2855 -20
2856 -12
2857 2
2858 27
2859 29
2860 29
2861 27
2862 2
2863 -2
2864 -27
2865 -29
2866 -29
2867 -27
2868 -2
2869 7
2870 11
2871 21
2872 24
2873 31
2874 32
2875 32
2876 31
2877 24
2878 21
2879 11
2880 7
2881 -7
2882 -11
2883 -21
2884 -24
2885 -31
2886 -32
2887 -32
2888 -31
2889 -24
2890 -21
2891 -11
2892 -7
2893 4
2894 26
2895 30
2896 30
2897 26
2898 4
2899 -4
2900 -26
2901 -30
2902 -30
2903 -26
2904 -4
2905 10
2906 22
2907 32
2908 32
2909 22
2910 10
2911 -10
2912 -22
2913 -32
2914 -32
2915 -22
2916 -10
2917 6
2918 25
2919 31
2920 31
2921 25
2922 6
2923 -6
2924 -25
2925 -31
2926 -31
2927 -25
2928 -6
2929 1
2930 28
2931 29
2932 29
2933 28
2934 1
2935 -1
2936 -28
2937 -29
2938 -29
2939 -28
2940 -1
2941 9
2942 16
2943 17
2944 23
2945 32
2946 33
2947 33
2948 32
2949 23
2950 17
2951 16
2952 9
2953 -9
2954 -16
2955 -17
2956 -23
2957 -32
2958 -33
2959 -33
2960 -32
2961 -23
2962 -17
2963 -16
2964 -9
2965 3
2966 15
2967 18
2968 27
2969 30
2970 33
2971 33
2972 30
2973 27
2974 18
2975 15
2976 3
2977 -3
2978 -15
2979 -18
2980 -27
2981 -30
2982 -33
2983 -33
2984 -30
2985 -27
2986 -18
2987 -15
2988 -3
2989 14
2990 19
2991 33
2992 33
2993 19
2994 14
2995 -14
2996 -19
2997 -33
2998 -33
2999 -19
3000 -14
3001 13
3002 20
3003 33
3004 33
3005 20
3006 13
3007 -13
3008 -20
3009 -33
3010 -33
3011 -20
3012 -13
3013 5
3014 26
3015 31
3016 31
3017 26
3018 5
3019 -5
3020 -26
3021 -31
3022 -31
3023 -26
3024 -5
3025 8
3026 24
3027 32
3028 32
3029 24
3030 8
3031 -8
3032 -24
3033 -32
3034 -32
3035 -24
3036 -8
3037 12
3038 21
3039 33
3040 33
3041 21
3042 12
3043 -12
3044 -21
3045 -33
3046 -33
3047 -21
3048 -12
3049 0
3050 29
3051 29
3052 0
3053 -29
3054 -29
3055 2
3056 28
3057 30
3058 30
3059 28
3060 2
3061 -2
3062 -28
3063 -30
3064 -30
3065 -28
3066 -2
3067 11
3068 22
3069 33
3070 33
3071 22
3072 11
3073 -11
3074 -22
3075 -33
3076 -33
3077 -22
3078 -11
3079 7
3080 25
3081 32
3082 32
3083 25
3084 7
3085 -7
3086 -25
3087 -32
3088 -32
3089 -25
3090 -7
3091 4
3092 27
3093 31
3094 31
3095 27
3096 4
3097 -4
3098 -27
3099 -31
3100 -31
3101 -27
3102 -4
3103 10
3104 23
3105 33
3106 33
3107 23
3108 10
3109 -10
3110 -23
3111 -33
3112 -33
3113 -23
3114 -10
3115 17
3116 34
3117 17
3118 -17
3119 -34
3120 -17
3121 6
3122 16
3123 18
3124 26
3125 32
3126 34
3127 34
3128 32
3129 26
3130 18
3131 16
3132 6
3133 -6
3134 -16
3135 -18
3136 -26
3137 -32
3138 -34
3139 -34
3140 -32
3141 -26
3142 -18
3143 -16
3144 -6
3145 1
3146 15
3147 19
3148 29
3149 30
3150 34
3151 34
3152 30
3153 29
3154 19
3155 15
3156 1
3157 -1
3158 -15
3159 -19
3160 -29
3161 -30
3162 -34
3163 -34
3164 -30
3165 -29
3166 -19
3167 -15
3168 -1
3169 9
3170 24
3171 33
3172 33
3173 24
3174 9
3175 -9
3176 -24
3177 -33
3178 -33
3179 -24
3180 -9
3181 14
3182 20
3183 34
3184 34
3185 20
3186 14
3187 -14
3188 -20
3189 -34
3190 -34
3191 -20
3192 -14
3193 3
3194 28
3195 31
3196 31
3197 28
3198 3
3199 -3
3200 -28
3201 -31
3202 -31
3203 -28
3204 -3
3205 13
3206 21
3207 34
3208 34
3209 21
3210 13
3211 -13
3212 -21
3213 -34
3214 -34
3215 -21
3216 -13
3217 5
3218 8
3219 25
3220 27
3221 32
3222 33
3223 33
3224 32
3225 27
3226 25
3227 8
3228 5
3229 -5
3230 -8
3231 -25
3232 -27
3233 -32
3234 -33
3235 -33
3236 -32
3237 -27
3238 -25
3239 -8
3240 -5
3241 12
3242 22
3243 34
3244 34
3245 22
3246 12
3247 -12
3248 -22
3249 -34
3250 -34
3251 -22
3252 -12
3253 0
3254 30
3255 30
3256 0
3257 -30
3258 -30
3259 2
3260 11
3261 23
3262 29
3263 31
3264 34
3265 34
3266 31
3267 29
3268 23
3269 11
3270 2
3271 -2
3272 -11
3273 -23
3274 -29
3275 -31
3276 -34
3277 -34
3278 -31
3279 -29
3280 -23
3281 -11
3282 -2
3283 7
3284 26
3285 33
3286 33
3287 26
3288 7
3289 -7
3290 -26
3291 -33
3292 -33
3293 -26
3294 -7
3295 4
3296 28
3297 32
3298 32
3299 28
3300 4
3301 -4
3302 -28
3303 -32
3304 -32
3305 -28
3306 -4
3307 10
3308 24
3309 34
3310 34
3311 24
3312 10
3313 -10
3314 -24
3315 -34
3316 -34
3317 -24
3318 -10
3319 17
3320 18
3321 35
3322 35
3323 18
3324 17
3325 -17
3326 -18
3327 -35
3328 -35
3329 -18
3330 -17
3331 16
3332 19
3333 35
3334 35
3335 19
3336 16
3337 -16
3338 -19
3339 -35
3340 -35
3341 -19
3342 -16
3343 15
3344 20
3345 35
3346 35
3347 20
3348 15
3349 -15
3350 -20
3351 -35
3352 -35
3353 -20
3354 -15
3355 6
3356 27
3357 33
3358 33
3359 27
3360 6
3361 -6
3362 -27
3363 -33
3364 -33
3365 -27
3366 -6
3367 1
3368 9
3369 14
3370 21
3371 25
3372 30
3373 31
3374 34
3375 35
3376 35
3377 34
3378 31
3379 30
3380 25
3381 21
3382 14
3383 9
3384 1
3385 -1
3386 -9
3387 -14
3388 -21
3389 -25
3390 -30
3391 -31
3392 -34
3393 -35
3394 -35
3395 -34
3396 -31
3397 -30
3398 -25
3399 -21
3400 -14
3401 -9
3402 -1
3403 3
3404 29
3405 32
3406 32
3407 29
3408 3
3409 -3
3410 -29
3411 -32
3412 -32
3413 -29
3414 -3
3415 13
3416 22
3417 35
3418 35
3419 22
3420 13
3421 -13
3422 -22
3423 -35
3424 -35
3425 -22
3426 -13
3427 8
3428 26
3429 34
3430 34
3431 26
3432 8
3433 -8
3434 -26
3435 -34
3436 -34
3437 -26
3438 -8
3439 5
3440 12
3441 23
3442 28
3443 33
3444 35
3445 35
3446 33
3447 28
3448 23
3449 12
3450 5
3451 -5
3452 -12
3453 -23
3454 -28
3455 -33
3456 -35
3457 -35
3458 -33
3459 -28
3460 -23
3461 -12
3462 -5
3463 0
3464 11
3465 24
3466 31
3467 35
3468 35
3469 31
3470 24
3471 11
3472 0
3473 -11
3474 -24
3475 -31
3476 -35
3477 -35
3478 -31
3479 -24
3480 -11
3481 2
3482 30
3483 32
3484 32
3485 30
3486 2
3487 -2
3488 -30
3489 -32
3490 -32
3491 -30
3492 -2
3493 7
3494 27
3495 34
3496 34
3497 27
3498 7
3499 -7
3500 -27
3501 -34
3502 -34
3503 -27
3504 -7
3505 18
3506 36
3507 18
3508 -18
3509 -36
3510 -18
3511 4
3512 17
3513 19
3514 29
3515 33
3516 36
3517 36
3518 33
3519 29
3520 19
3521 17
3522 4
3523 -4
3524 -17
3525 -19
3526 -29
3527 -33
3528 -36
3529 -36
3530 -33
3531 -29
3532 -19
3533 -17
3534 -4
3535 10
3536 25
3537 35
3538 35
3539 25
3540 10
3541 -10
3542 -25
3543 -35
3544 -35
3545 -25
3546 -10
3547 16
3548 20
3549 36
3550 36
3551 20
3552 16
3553 -16
3554 -20
3555 -36
3556 -36
3557 -20
3558 -16
3559 15
3560 21
3561 36
3562 36
3563 21
3564 15
3565 -15
3566 -21
3567 -36
3568 -36
3569 -21
3570 -15
3571 6
3572 14
3573 22
3574 28
3575 34
3576 36
3577 36
3578 34
3579 28
3580 22
3581 14
3582 6
3583 -6
3584 -14
3585 -22
3586 -28
3587 -34
3588 -36
3589 -36
3590 -34
3591 -28
3592 -22
3593 -14
3594 -6
3595 9
3596 26
3597 35
3598 35
3599 26
3600 9
3601 -9
3602 -26
3603 -35
3604 -35
3605 -26
3606 -9
3607 1
3608 31
3609 32
3610 32
3611 31
3612 1
3613 -1
3614 -31
3615 -32
3616 -32
3617 -31
3618 -1
3619 13
3620 23
3621 36
3622 36
3623 23
3624 13
3625 -13
3626 -23
3627 -36
3628 -36
3629 -23
3630 -13
3631 3
3632 30
3633 33
3634 33
3635 30
3636 3
3637 -3
3638 -30
3639 -33
3640 -33
3641 -30
3642 -3
3643 12
3644 24
3645 36
3646 36
3647 24
3648 12
3649 -12
3650 -24
3651 -36
3652 -36
3653 -24
3654 -12
3655 8
3656 27
3657 35
3658 35
3659 27
3660 8
3661 -8
3662 -27
3663 -35
3664 -35
3665 -27
3666 -8
3667 5
3668 29
3669 34
3670 34
3671 29
3672 5
3673 -5
3674 -29
3675 -34
3676 -34
3677 -29
3678 -5
3679 11
3680 25
3681 36
3682 36
3683 25
3684 11
3685 -11
3686 -25
3687 -36
3688 -36
3689 -25
3690 -11
3691 0
3692 32
3693 32
3694 0
3695 -32
3696 -32
3697 2
3698 18
3699 19
3700 31
3701 33
3702 37
3703 37
3704 33
3705 31
3706 19
3707 18
3708 2
3709 -2
3710 -18
3711 -19
3712 -31
3713 -33
3714 -37
3715 -37
3716 -33
3717 -31
3718 -19
3719 -18
3720 -2
3721 7
3722 17
3723 20
3724 28
3725 35
3726 37
3727 37
3728 35
3729 28
3730 20
3731 17
3732 7
3733 -7
3734 -17
3735 -20
3736 -28
3737 -35
3738 -37
3739 -37
3740 -35
3741 -28
3742 -20
3743 -17
3744 -7
3745 16
3746 21
3747 37
3748 37
3749 21
3750 16
3751 -16
3752 -21
3753 -37
3754 -37
3755 -21
3756 -16
3757 4
3758 10
3759 26
3760 30
3761 34
3762 36
3763 36
3764 34
3765 30
3766 26
3767 10
3768 4
3769 -4
3770 -10
3771 -26
3772 -30
3773 -34
3774 -36
3775 -36
3776 -34
3777 -30
3778 -26
3779 -10
3780 -4
3781 15
3782 22
3783 37
3784 37
3785 22
3786 15
3787 -15
3788 -22
3789 -37
3790 -37
3791 -22
3792 -15
3793 14
3794 23
3795 37
3796 37
3797 23
3798 14
3799 -14
3800 -23
3801 -37
3802 -37
3803 -23
3804 -14
3805 6
3806 29
3807 35
3808 35
3809 29
3810 6
3811 -6
3812 -29
3813 -35
3814 -35
3815 -29
3816 -6
3817 9
3818 27
3819 36
3820 36
3821 27
3822 9
3823 -9
3824 -27
3825 -36
3826 -36
3827 -27
3828 -9
3829 1
3830 13
3831 24
3832 32
3833 33
3834 37
3835 37
3836 33
3837 32
3838 24
3839 13
3840 1
3841 -1
3842 -13
3843 -24
3844 -32
3845 -33
3846 -37
3847 -37
3848 -33
3849 -32
3850 -24
3851 -13
3852 -1
3853 3
3854 31
3855 34
3856 34
3857 31
3858 3
3859 -3
3860 -31
3861 -34
3862 -34
3863 -31
3864 -3
3865 12
3866 25
3867 37
3868 37
3869 25
3870 12
3871 -12
3872 -25
3873 -37
3874 -37
3875 -25
3876 -12
3877 8
3878 28
3879 36
3880 36
3881 28
3882 8
3883 -8
3884 -28
3885 -36
3886 -36
3887 -28
3888 -8
3889 5
3890 30
3891 35
3892 35
3893 30
3894 5
3895 -5
3896 -30
3897 -35
3898 -35
3899 -30
3900 -5
3901 11
3902 19
3903 26
3904 37
3905 38
3906 37
3907 26
3908 19
3909 11
3910 -11
3911 -19
3912 -26
3913 -37
3914 -38
3915 -37
3916 -26
3917 -19
3918 -11
3919 18
3920 20
3921 38
3922 38
3923 20
3924 18
3925 -18
3926 -20
3927 -38
3928 -38
3929 -20
3930 -18
3931 17
3932 21
3933 38
3934 38
3935 21
3936 17
3937 -17
3938 -21
3939 -38
3940 -38
3941 -21
3942 -17
3943 0
3944 33
3945 33
3946 0
3947 -33
3948 -33
3949 2
3950 16
3951 22
3952 32
3953 34
3954 38
3955 38
3956 34
3957 32
3958 22
3959 16
3960 2
3961 -2
3962 -16
3963 -22
3964 -32
3965 -34
3966 -38
3967 -38
3968 -34
3969 -32
3970 -22
3971 -16
3972 -2
3973 7
3974 29
3975 36
3976 36
3977 29
3978 7
3979 -7
3980 -29
3981 -36
3982 -36
3983 -29
3984 -7
3985 10
3986 15
3987 23
3988 27
3989 37
3990 38
3991 38
3992 37
3993 27
3994 23
3995 15
3996 10
3997 -10
3998 -15
3999 -23
4000 -27
4001 -37
4002 -38
4003 -38
4004 -37
4005 -27
4006 -23
4007 -15
4008 -10
4009 4
4010 31
4011 35
4012 35
4013 31
4014 4
4015 -4
4016 -31
4017 -35
4018 -35
4019 -31
4020 -4
4021 14
4022 24
4023 38
4024 38
4025 24
4026 14
4027 -14
4028 -24
4029 -38
4030 -38
4031 -24
4032 -14
4033 6
4034 30
4035 36
4036 36
4037 30
4038 6
4039 -6
4040 -30
4041 -36
4042 -36
4043 -30
4044 -6
4045 9
4046 28
4047 37
4048 37
4049 28
4050 9
4051 -9
4052 -28
4053 -37
4054 -37
4055 -28
4056 -9
4057 13
4058 25
4059 38
4060 38
4061 25
4062 13
4063 -13
4064 -25
4065 -38
4066 -38
4067 -25
4068 -13
4069 1
4070 33
4071 34
4072 34
4073 33
4074 1
4075 -1
4076 -33
4077 -34
4078 -34
4079 -33
4080 -1
4081 3
4082 32
4083 35
4084 35
4085 32
4086 3
4087 -3
4088 -32
4089 -35
4090 -35
4091 -32
4092 -3
4093 12
4094 26
4095 38
4096 38
4097 26
4098 12
4099 -12
4100 -26
4101 -38
4102 -38
4103 -26
4104 -12
4105 8
4106 29
4107 37
4108 37
4109 29
4110 8
4111 -8
4112 -29
4113 -37
4114 -37
4115 -29
4116 -8
4117 5
4118 19
4119 20
4120 31
4121 36
4122 39
4123 39
4124 36
4125 31
4126 20
4127 19
4128 5
4129 -5
4130 -19
4131 -20
4132 -31
4133 -36
4134 -39
4135 -39
4136 -36
4137 -31
4138 -20
4139 -19
4140 -5
4141 18
4142 21
4143 39
4144 39
4145 21
4146 18
4147 -18
4148 -21
4149 -39
4150 -39
4151 -21
4152 -18
4153 11
4154 17
4155 22
4156 27
4157 38
4158 39
4159 39
4160 38
4161 27
4162 22
4163 17
4164 11
4165 -11
4166 -17
4167 -22
4168 -27
4169 -38
4170 -39
4171 -39
4172 -38
4173 -27
4174 -22
4175 -17
4176 -11
4177 16
4178 23
4179 39
4180 39
4181 23
4182 16
4183 -16
4184 -23
4185 -39
4186 -39
4187 -23
4188 -16
4189 0
4190 34
4191 34
4192 0
4193 -34
4194 -34
4195 2
4196 7
4197 30
4198 33
4199 35
4200 37
4201 37
4202 35
4203 33
4204 30
4205 7
4206 2
4207 -2
4208 -7
4209 -30
4210 -33
4211 -35
4212 -37
4213 -37
4214 -35
4215 -33
4216 -30
4217 -7
4218 -2
4219 15
4220 24
4221 39
4222 39
4223 24
4224 15
4225 -15
4226 -24
4227 -39
4228 -39
4229 -24
4230 -15
4231 10
4232 28
4233 38
4234 38
4235 28
4236 10
4237 -10
4238 -28
4239 -38
4240 -38
4241 -28
4242 -10
4243 4
4244 32
4245 36
4246 36
4247 32
4248 4
4249 -4
4250 -32
4251 -36
4252 -36
4253 -32
4254 -4
4255 14
4256 25
4257 39
4258 39
4259 25
4260 14
4261 -14
4262 -25
4263 -39
4264 -39
4265 -25
4266 -14
4267 6
4268 9
4269 13
4270 26
4271 29
4272 31
4273 37
4274 38
4275 39
4276 39
4277 38
4278 37
4279 31
4280 29
4281 26
4282 13
4283 9
4284 6
4285 -6
4286 -9
4287 -13
4288 -26
4289 -29
4290 -31
4291 -37
4292 -38
4293 -39
4294 -39
4295 -38
4296 -37
4297 -31
4298 -29
4299 -26
4300 -13
4301 -9
4302 -6
4303 1
4304 34
4305 35
4306 35
4307 34
4308 1
4309 -1
4310 -34
4311 -35
4312 -35
4313 -34
4314 -1
4315 3
4316 12
4317 27
4318 33
4319 36
4320 39
4321 39
4322 36
4323 33
4324 27
4325 12
4326 3
4327 -3
4328 -12
4329 -27
4330 -33
4331 -36
4332 -39
4333 -39
4334 -36
4335 -33
4336 -27
4337 -12
4338 -3
4339 20
4340 40
4341 20
4342 -20
4343 -40
4344 -20
4345 19
4346 21
4347 40
4348 40
4349 21
4350 19
4351 -19
4352 -21
4353 -40
4354 -40
4355 -21
4356 -19
4357 8
4358 18
4359 22
4360 30
4361 38
4362 40
4363 40
4364 38
4365 30
4366 22
4367 18
4368 8
4369 -8
4370 -18
4371 -22
4372 -30
4373 -38
4374 -40
4375 -40
4376 -38
4377 -30
4378 -22
4379 -18
4380 -8
4381 5
4382 17
4383 23
4384 32
4385 37
4386 40
4387 40
4388 37
4389 32
4390 23
4391 17
4392 5
4393 -5
4394 -17
4395 -23
4396 -32
4397 -37
4398 -40
4399 -40
4400 -37
4401 -32
4402 -23
4403 -17
4404 -5
4405 11
4406 28
4407 39
4408 39
4409 28
4410 11
4411 -11
4412 -28
4413 -39
4414 -39
4415 -28
4416 -11
4417 16
4418 24
4419 40
4420 40
4421 24
4422 16
4423 -16
4424 -24
4425 -40
4426 -40
4427 -24
4428 -16
4429 0
4430 15
4431 25
4432 35
4433 40
4434 40
4435 35
4436 25
4437 15
4438 0
4439 -15
4440 -25
4441 -35
4442 -40
4443 -40
4444 -35
4445 -25
4446 -15
4447 7
4448 31
4449 38
4450 38
4451 31
4452 7
4453 -7
4454 -31
4455 -38
4456 -38
4457 -31
4458 -7
4459 2
4460 34
4461 36
4462 36
4463 34
4464 2
4465 -2
4466 -34
4467 -36
4468 -36
4469 -34
4470 -2
4471 10
4472 29
4473 39
4474 39
4475 29
4476 10
4477 -10
4478 -29
4479 -39
4480 -39
4481 -29
4482 -10
4483 14
4484 26
4485 40
4486 40
4487 26
4488 14
4489 -14
4490 -26
4491 -40
4492 -40
4493 -26
4494 -14
4495 4
4496 33
4497 37
4498 37
4499 33
4500 4
4501 -4
4502 -33
4503 -37
4504 -37
4505 -33
4506 -4
4507 13
4508 27
4509 40
4510 40
4511 27
4512 13
4513 -13
4514 -27
4515 -40
4516 -40
4517 -27
4518 -13
4519 9
4520 30
4521 39
4522 39
4523 30
4524 9
4525 -9
4526 -30
4527 -39
4528 -39
4529 -30
4530 -9
4531 6
4532 32
4533 38
4534 38
4535 32
4536 6
4537 -6
4538 -32
4539 -38
4540 -38
4541 -32
4542 -6
4543 1
4544 20
4545 21
4546 35
4547 36
4548 41
4549 41
4550 36
4551 35
4552 21
4553 20
4554 1
4555 -1
4556 -20
4557 -21
4558 -35
4559 -36
4560 -41
4561 -41
4562 -36
4563 -35
4564 -21
4565 -20
4566 -1
4567 19
4568 22
4569 41
4570 41
4571 22
4572 19
4573 -19
4574 -22
4575 -41
4576 -41
4577 -22
4578 -19
4579 12
4580 28
4581 40
4582 40
4583 28
4584 12
4585 -12
4586 -28
4587 -40
4588 -40
4589 -28
4590 -12
4591 3
4592 18
4593 23
4594 34
4595 37
4596 41
4597 41
4598 37
4599 34
4600 23
4601 18
4602 3
4603 -3
4604 -18
4605 -23
4606 -34
4607 -37
4608 -41
4609 -41
4610 -37
4611 -34
4612 -23
4613 -18
4614 -3
4615 8
4616 17
4617 24
4618 31
4619 39
4620 41
4621 41
4622 39
4623 31
4624 24
4625 17
4626 8
4627 -8
4628 -17
4629 -24
4630 -31
4631 -39
4632 -41
4633 -41
4634 -39
4635 -31
4636 -24
4637 -17
4638 -8
4639 5
4640 33
4641 38
4642 38
4643 33
4644 5
4645 -5
4646 -33
4647 -38
4648 -38
4649 -33
4650 -5
4651 11
4652 16
4653 25
4654 29
4655 40
4656 41
4657 41
4658 40
4659 29
4660 25
4661 16
4662 11
4663 -11
4664 -16
4665 -25
4666 -29
4667 -40
4668 -41
4669 -41
4670 -40
4671 -29
4672 -25
4673 -16
4674 -11
4675 15
4676 26
4677 41
4678 41
4679 26
4680 15
4681 -15
4682 -26
4683 -41
4684 -41
4685 -26
4686 -15
4687 0
4688 36
4689 36
4690 0
4691 -36
4692 -36
4693 7
4694 32
4695 39
4696 39
4697 32
4698 7
4699 -7
4700 -32
4701 -39
4702 -39
4703 -32
4704 -7
4705 2
4706 35
4707 37
4708 37
4709 35
4710 2
4711 -2
4712 -35
4713 -37
4714 -37
4715 -35
4716 -2
4717 10
4718 30
4719 40
4720 40
4721 30
4722 10
4723 -10
4724 -30
4725 -40
4726 -40
4727 -30
4728 -10
4729 14
4730 27
4731 41
4732 41
4733 27
4734 14
4735 -14
4736 -27
4737 -41
4738 -41
4739 -27
4740 -14
4741 4
4742 34
4743 38
4744 38
4745 34
4746 4
4747 -4
4748 -34
4749 -38
4750 -38
4751 -34
4752 -4
4753 13
4754 28
4755 41
4756 41
4757 28
4758 13
4759 -13
4760 -28
4761 -41
4762 -41
4763 -28
4764 -13
4765 9
4766 31
4767 40
4768 40
4769 31
4770 9
4771 -9
4772 -31
4773 -40
4774 -40
4775 -31
4776 -9
4777 6
4778 21
4779 33
4780 39
4781 42
4782 39
4783 33
4784 21
4785 6
4786 -6
4787 -21
4788 -33
4789 -39
4790 -42
4791 -39
4792 -33
4793 -21
4794 -6
4795 20
4796 22
4797 42
4798 42
4799 22
4800 20
4801 -20
4802 -22
4803 -42
4804 -42
4805 -22
4806 -20
4807 19
4808 23
4809 42
4810 42
4811 23
4812 19
4813 -19
4814 -23
4815 -42
4816 -42
4817 -23
4818 -19
4819 18
4820 24
4821 42
4822 42
4823 24
4824 18
4825 -18
4826 -24
4827 -42
4828 -42
4829 -24
4830 -18
4831 1
4832 12
4833 29
4834 36
4835 37
4836 41
4837 41
4838 37
4839 36
4840 29
4841 12
4842 1
4843 -1
4844 -12
4845 -29
4846 -36
4847 -37
4848 -41
4849 -41
4850 -37
4851 -36
4852 -29
4853 -12
4854 -1
4855 3
4856 17
4857 25
4858 35
4859 38
4860 42
4861 42
4862 38
4863 35
4864 25
4865 17
4866 3
4867 -3
4868 -17
4869 -25
4870 -35
4871 -38
4872 -42
4873 -42
4874 -38
4875 -35
4876 -25
4877 -17
4878 -3
4879 8
4880 32
4881 40
4882 40
4883 32
4884 8
4885 -8
4886 -32
4887 -40
4888 -40
4889 -32
4890 -8
4891 16
4892 26
4893 42
4894 42
4895 26
4896 16
4897 -16
4898 -26
4899 -42
4900 -42
4901 -26
4902 -16
4903 5
4904 11
4905 30
4906 34
4907 39
4908 41
4909 41
4910 39
4911 34
4912 30
4913 11
4914 5
4915 -5
4916 -11
4917 -30
4918 -34
4919 -39
4920 -41
4921 -41
4922 -39
4923 -34
4924 -30
4925 -11
4926 -5
4927 15
4928 27
4929 42
4930 42
4931 27
4932 15
4933 -15
4934 -27
4935 -42
4936 -42
4937 -27
4938 -15
4939 0
4940 7
4941 33
4942 37
4943 40
4944 40
4945 37
4946 33
4947 7
4948 0
4949 -7
4950 -33
4951 -37
4952 -40
4953 -40
4954 -37
4955 -33
4956 -7
4957 10
4958 31
4959 41
4960 41
4961 31
4962 10
4963 -10
4964 -31
4965 -41
4966 -41
4967 -31
4968 -10
4969 2
4970 14
4971 28
4972 36
4973 38
4974 42
4975 42
4976 38
4977 36
4978 28
4979 14
4980 2
4981 -2
4982 -14
4983 -28
4984 -36
4985 -38
4986 -42
4987 -42
4988 -38
4989 -36
4990 -28
4991 -14
4992 -2
4993 4
4994 35
4995 39
4996 39
4997 35
4998 4
4999 -4
5000 -35
5001 -39
5002 -39
5003 -35
5004 -4
5005 13
5006 21
5007 22
5008 29
5009 42
5010 43
5011 43
5012 42
5013 29
5014 22
5015 21
5016 13
5017 -13
5018 -21
5019 -22
5020 -29
5021 -42
5022 -43
5023 -43
5024 -42
5025 -29
5026 -22
5027 -21
5028 -13
5029 20
5030 23
5031 43
5032 43
5033 23
5034 20
5035 -20
5036 -23
5037 -43
5038 -43
5039 -23
5040 -20
5041 9
5042 19
5043 24
5044 32
5045 41
5046 43
5047 43
5048 41
5049 32
5050 24
5051 19
5052 9
5053 -9
5054 -19
5055 -24
5056 -32
5057 -41
5058 -43
5059 -43
5060 -41
5061 -32
5062 -24
5063 -19
5064 -9
5065 6
5066 34
5067 40
5068 40
5069 34
5070 6
5071 -6
5072 -34
5073 -40
5074 -40
5075 -34
5076 -6
5077 18
5078 25
5079 43
5080 43
5081 25
5082 18
5083 -18
5084 -25
5085 -43
5086 -43
5087 -25
5088 -18
5089 12
5090 30
5091 42
5092 42
5093 30
5094 12
5095 -12
5096 -30
5097 -42
5098 -42
5099 -30
5100 -12
5101 1
5102 17
5103 26
5104 37
5105 38
5106 43
5107 43
5108 38
5109 37
5110 26
5111 17
5112 1
5113 -1
5114 -17
5115 -26
5116 -37
5117 -38
5118 -43
5119 -43
5120 -38
5121 -37
5122 -26
5123 -17
5124 -1
5125 3
5126 36
5127 39
5128 39
5129 36
5130 3
5131 -3
5132 -36
5133 -39
5134 -39
5135 -36
5136 -3
5137 8
5138 16
5139 27
5140 33
5141 41
5142 43
5143 43
5144 41
5145 33
5146 27
5147 16
5148 8
5149 -8
5150 -16
5151 -27
5152 -33
5153 -41
5154 -43
5155 -43
5156 -41
5157 -33
5158 -27
5159 -16
5160 -8
5161 11
5162 31
5163 42
5164 42
5165 31
5166 11
5167 -11
5168 -31
5169 -42
5170 -42
5171 -31
5172 -11
5173 5
5174 35
5175 40
5176 40
5177 35
5178 5
5179 -5
5180 -35
5181 -40
5182 -40
5183 -35
5184 -5
5185 15
5186 28
5187 43
5188 43
5189 28
5190 15
5191 -15
5192 -28
5193 -43
5194 -43
5195 -28
5196 -15
5197 7
5198 14
5199 29
5200 34
5201 41
5202 43
5203 43
5204 41
5205 34
5206 29
5207 14
5208 7
5209 -7
5210 -14
5211 -29
5212 -34
5213 -41
5214 -43
5215 -43
5216 -41
5217 -34
5218 -29
5219 -14
5220 -7
5221 0
5222 10
5223 32
5224 38
5225 42
5226 42
5227 38
5228 32
5229 10
5230 0
5231 -10
5232 -32
5233 -38
5234 -42
5235 -42
5236 -38
5237 -32
5238 -10
5239 2
5240 37
5241 39
5242 39
5243 37
5244 2
5245 -2
5246 -37
5247 -39
5248 -39
5249 -37
5250 -2
5251 22
5252 44
5253 22
5254 -22
5255 -44
5256 -22
5257 21
5258 23
5259 44
5260 44
5261 23
5262 21
5263 -21
5264 -23
5265 -44
5266 -44
5267 -23
5268 -21
5269 4
5270 20
5271 24
5272 36
5273 40
5274 44
5275 44
5276 40
5277 36
5278 24
5279 20
5280 4
5281 -4
5282 -20
5283 -24
5284 -36
5285 -40
5286 -44
5287 -44
5288 -40
5289 -36
5290 -24
5291 -20
5292 -4
5293 13
5294 30
5295 43
5296 43
5297 30
5298 13
5299 -13
5300 -30
5301 -43
5302 -43
5303 -30
5304 -13
5305 19
5306 25
5307 44
5308 44
5309 25
5310 19
5311 -19
5312 -25
5313 -44
5314 -44
5315 -25
5316 -19
5317 9
5318 33
5319 42
5320 42
5321 33
5322 9
5323 -9
5324 -33
5325 -42
5326 -42
5327 -33
5328 -9
5329 18
5330 26
5331 44
5332 44
5333 26
5334 18
5335 -18
5336 -26
5337 -44
5338 -44
5339 -26
5340 -18
5341 6
5342 35
5343 41
5344 41
5345 35
5346 6
5347 -6
5348 -35
5349 -41
5350 -41
5351 -35
5352 -6
5353 12
5354 17
5355 27
5356 31
5357 43
5358 44
5359 44
5360 43
5361 31
5362 27
5363 17
5364 12
5365 -12
5366 -17
5367 -27
5368 -31
5369 -43
5370 -44
5371 -44
5372 -43
5373 -31
5374 -27
5375 -17
5376 -12
5377 1
5378 38
5379 39
5380 39
5381 38
5382 1
5383 -1
5384 -38
5385 -39
5386 -39
5387 -38
5388 -1
5389 16
5390 28
5391 44
5392 44
5393 28
5394 16
5395 -16
5396 -28
5397 -44
5398 -44
5399 -28
5400 -16
5401 3
5402 37
5403 40
5404 40
5405 37
5406 3
5407 -3
5408 -37
5409 -40
5410 -40
5411 -37
5412 -3
5413 8
5414 34
5415 42
5416 42
5417 34
5418 8
5419 -8
5420 -34
5421 -42
5422 -42
5423 -34
5424 -8
5425 11
5426 32
5427 43
5428 43
5429 32
5430 11
5431 -11
5432 -32
5433 -43
5434 -43
5435 -32
5436 -11
5437 5
5438 15
5439 29
5440 36
5441 41
5442 44
5443 44
5444 41
5445 36
5446 29
5447 15
5448 5
5449 -5
5450 -15
5451 -29
5452 -36
5453 -41
5454 -44
5455 -44
5456 -41
5457 -36
5458 -29
5459 -15
5460 -5
5461 14
5462 30
5463 44
5464 44
5465 30
5466 14
5467 -14
5468 -30
5469 -44
5470 -44
5471 -30
5472 -14
5473 7
5474 10
5475 22
5476 23
5477 33
5478 35
5479 42
5480 43
5481 45
5482 45
5483 43
5484 42
5485 35
5486 33
5487 23
5488 22
5489 10
5490 7
5491 -7
5492 -10
5493 -22
5494 -23
5495 -33
5496 -35
5497 -42
5498 -43
5499 -45
5500 -45
5501 -43
5502 -42
5503 -35
5504 -33
5505 -23
5506 -22
5507 -10
5508 -7
5509 0
5510 21
5511 24
5512 39
5513 45
5514 45
5515 39
5516 24
5517 21
5518 0
5519 -21
5520 -24
5521 -39
5522 -45
5523 -45
5524 -39
5525 -24
5526 -21
5527 2
5528 38
5529 40
5530 40
5531 38
5532 2
5533 -2
5534 -38
5535 -40
5536 -40
5537 -38
5538 -2
5539 20
5540 25
5541 45
5542 45
5543 25
5544 20
5545 -20
5546 -25
5547 -45
5548 -45
5549 -25
5550 -20
5551 19
5552 26
5553 45
5554 45
5555 26
5556 19
5557 -19
5558 -26
5559 -45
5560 -45
5561 -26
5562 -19
5563 4
5564 13
5565 31
5566 37
5567 41
5568 44
5569 44
5570 41
5571 37
5572 31
5573 13
5574 4
5575 -4
5576 -13
5577 -31
5578 -37
5579 -41
5580 -44
5581 -44
5582 -41
5583 -37
5584 -31
5585 -13
5586 -4
5587 18
5588 27
5589 45
5590 45
5591 27
5592 18
5593 -18
5594 -27
5595 -45
5596 -45
5597 -27
5598 -18
5599 9
5600 34
5601 43
5602 43
5603 34
5604 9
5605 -9
5606 -34
5607 -43
5608 -43
5609 -34
5610 -9
5611 6
5612 36
5613 42
5614 42
5615 36
5616 6
5617 -6
5618 -36
5619 -42
5620 -42
5621 -36
5622 -6
5623 17
5624 28
5625 45
5626 45
5627 28
5628 17
5629 -17
5630 -28
5631 -45
5632 -45
5633 -28
5634 -17
5635 12
5636 32
5637 44
5638 44
5639 32
5640 12
5641 -12
5642 -32
5643 -44
5644 -44
5645 -32
5646 -12
5647 1
5648 16
5649 29
5650 39
5651 40
5652 45
5653 45
5654 40
5655 39
5656 29
5657 16
5658 1
5659 -1
5660 -16
5661 -29
5662 -39
5663 -40
5664 -45
5665 -45
5666 -40
5667 -39
5668 -29
5669 -16
5670 -1
5671 3
5672 38
5673 41
5674 41
5675 38
5676 3
5677 -3
5678 -38
5679 -41
5680 -41
5681 -38
5682 -3
5683 8
5684 35
5685 43
5686 43
5687 35
5688 8
5689 -8
5690 -35
5691 -43
5692 -43
5693 -35
5694 -8
5695 11
5696 33
5697 44
5698 44
5699 33
5700 11
5701 -11
5702 -33
5703 -44
5704 -44
5705 -33
5706 -11
5707 15
5708 30
5709 45
5710 45
5711 30
5712 15
5713 -15
5714 -30
5715 -45
5716 -45
5717 -30
5718 -15
5719 5
5720 37
5721 42
5722 42
5723 37
5724 5
5725 -5
5726 -37
5727 -42
5728 -42
5729 -37
5730 -5
5731 23
5732 46
5733 23
5734 -23
5735 -46
5736 -23
5737 22
5738 24
5739 46
5740 46
5741 24
5742 22
5743 -22
5744 -24
5745 -46
5746 -46
5747 -24
5748 -22
5749 14
5750 21
5751 25
5752 31
5753 45
5754 46
5755 46
5756 45
5757 31
5758 25
5759 21
5760 14
5761 -14
5762 -21
5763 -25
5764 -31
5765 -45
5766 -46
5767 -46
5768 -45
5769 -31
5770 -25
5771 -21
5772 -14
5773 10
5774 20
5775 26
5776 34
5777 44
5778 46
5779 46
5780 44
5781 34
5782 26
5783 20
5784 10
5785 -10
5786 -20
5787 -26
5788 -34
5789 -44
5790 -46
5791 -46
5792 -44
5793 -34
5794 -26
5795 -20
5796 -10
5797 7
5798 36
5799 43
5800 43
5801 36
5802 7
5803 -7
5804 -36
5805 -43
5806 -43
5807 -36
5808 -7
5809 0
5810 40
5811 40
5812 0
5813 -40
5814 -40
5815 2
5816 19
5817 27
5818 39
5819 41
5820 46
5821 46
5822 41
5823 39
5824 27
5825 19
5826 2
5827 -2
5828 -19
5829 -27
5830 -39
5831 -41
5832 -46
5833 -46
5834 -41
5835 -39
5836 -27
5837 -19
5838 -2
5839 13
5840 32
5841 45
5842 45
5843 32
5844 13
5845 -13
5846 -32
5847 -45
5848 -45
5849 -32
5850 -13
5851 4
5852 18
5853 28
5854 38
5855 42
5856 46
5857 46
5858 42
5859 38
5860 28
5861 18
5862 4
5863 -4
5864 -18
5865 -28
5866 -38
5867 -42
5868 -46
5869 -46
5870 -42
5871 -38
5872 -28
5873 -18
5874 -4
5875 9
5876 35
5877 44
5878 44
5879 35
5880 9
5881 -9
5882 -35
5883 -44
5884 -44
5885 -35
5886 -9
5887 17
5888 29
5889 46
5890 46
5891 29
5892 17
5893 -17
5894 -29
5895 -46
5896 -46
5897 -29
5898 -17
5899 6
5900 37
5901 43
5902 43
5903 37
5904 6
5905 -6
5906 -37
5907 -43
5908 -43
5909 -37
5910 -6
5911 12
5912 33
5913 45
5914 45
5915 33
5916 12
5917 -12
5918 -33
5919 -45
5920 -45
5921 -33
5922 -12
5923 16
5924 30
5925 46
5926 46
5927 30
5928 16
5929 -16
5930 -30
5931 -46
5932 -46
5933 -30
5934 -16
5935 1
5936 40
5937 41
5938 41
5939 40
5940 1
5941 -1
5942 -40
5943 -41
5944 -41
5945 -40
5946 -1
5947 3
5948 39
5949 42
5950 42
5951 39
5952 3
5953 -3
5954 -39
5955 -42
5956 -42
5957 -39
5958 -3
5959 8
5960 36
5961 44
5962 44
5963 36
5964 8
5965 -8
5966 -36
5967 -44
5968 -44
5969 -36
5970 -8
5971 11
5972 15
5973 31
5974 34
5975 45
5976 46
5977 46
5978 45
5979 34
5980 31
5981 15
5982 11
5983 -11
5984 -15
5985 -31
5986 -34
5987 -45
5988 -46
5989 -46
5990 -45
5991 -34
5992 -31
5993 -15
5994 -11
5995 23
5996 24
5997 47
5998 47
5999 24
6000 23
6001 -23
6002 -24
6003 -47
6004 -47
6005 -24
6006 -23
6007 5
6008 22
6009 25
6010 38
6011 43
6012 47
6013 47
6014 43
6015 38
6016 25
6017 22
6018 5
6019 -5
6020 -22
6021 -25
6022 -38
6023 -43
6024 -47
6025 -47
6026 -43
6027 -38
6028 -25
6029 -22
6030 -5
6031 21
6032 26
6033 47
6034 47
6035 26
6036 21
6037 -21
6038 -26
6039 -47
6040 -47
6041 -26
6042 -21
6043 14
6044 32
6045 46
6046 46
6047 32
6048 14
6049 -14
6050 -32
6051 -46
6052 -46
6053 -32
6054 -14
6055 20
6056 27
6057 47
6058 47
6059 27
6060 20
6061 -20
6062 -27
6063 -47
6064 -47
6065 -27
6066 -20
6067 10
6068 35
6069 45
6070 45
6071 35
6072 10
6073 -10
6074 -35
6075 -45
6076 -45
6077 -35
6078 -10
6079 7
6080 19
6081 28
6082 37
6083 44
6084 47
6085 47
6086 44
6087 37
6088 28
6089 19
6090 7
6091 -7
6092 -19
6093 -28
6094 -37
6095 -44
6096 -47
6097 -47
6098 -44
6099 -37
6100 -28
6101 -19
6102 -7
6103 0
6104 41
6105 41
6106 0
6107 -41
6108 -41
6109 2
6110 40
6111 42
6112 42
6113 40
6114 2
6115 -2
6116 -40
6117 -42
6118 -42
6119 -40
6120 -2
6121 13
6122 18
6123 29
6124 33
6125 46
6126 47
6127 47
6128 46
6129 33
6130 29
6131 18
6132 13
6133 -13
6134 -18
6135 -29
6136 -33
6137 -46
6138 -47
6139 -47
6140 -46
6141 -33
6142 -29
6143 -18
6144 -13
6145 4
6146 39
6147 43
6148 43
6149 39
6150 4
6151 -4
6152 -39
6153 -43
6154 -43
6155 -39
6156 -4
6157 17
6158 30
6159 47
6160 47
6161 30
6162 17
6163 -17
6164 -30
6165 -47
6166 -47
6167 -30
6168 -17
6169 9
6170 36
6171 45
6172 45
6173 36
6174 9
6175 -9
6176 -36
6177 -45
6178 -45
6179 -36
6180 -9
6181 6
6182 12
6183 34
6184 38
6185 44
6186 46
6187 46
6188 44
6189 38
6190 34
6191 12
6192 6
6193 -6
6194 -12
6195 -34
6196 -38
6197 -44
6198 -46
6199 -46
6200 -44
6201 -38
6202 -34
6203 -12
6204 -6
6205 16
6206 31
6207 47
6208 47
6209 31
6210 16
6211 -16
6212 -31
6213 -47
6214 -47
6215 -31
6216 -16
6217 1
6218 41
6219 42
6220 42
6221 41
6222 1
6223 -1
6224 -41
6225 -42
6226 -42
6227 -41
6228 -1
6229 24
6230 48
6231 24
6232 -24
6233 -48
6234 -24
6235 3
6236 8
6237 15
6238 23
6239 25
6240 32
6241 37
6242 40
6243 43
6244 45
6245 47
6246 48
6247 48
6248 47
6249 45
6250 43
6251 40
6252 37
6253 32
6254 25
6255 23
6256 15
6257 8
6258 3
6259 -3
6260 -8
6261 -15
6262 -23
6263 -25
6264 -32
6265 -37
6266 -40
6267 -43
6268 -45
6269 -47
6270 -48
6271 -48
6272 -47
6273 -45
6274 -43
6275 -40
6276 -37
6277 -32
6278 -25
6279 -23
6280 -15
6281 -8
6282 -3
6283 11
6284 35
6285 46
6286 46
6287 35
6288 11
6289 -11
6290 -35
6291 -46
6292 -46
6293 -35
6294 -11
6295 22
6296 26
6297 48
6298 48
6299 26
6300 22
6301 -22
6302 -26
6303 -48
6304 -48
6305 -26
6306 -22
6307 21
6308 27
6309 48
6310 48
6311 27
6312 21
6313 -21
6314 -27
6315 -48
6316 -48
6317 -27
6318 -21
6319 5
6320 39
6321 44
6322 44
6323 39
6324 5
6325 -5
6326 -39
6327 -44
6328 -44
6329 -39
6330 -5
6331 20
6332 28
6333 48
6334 48
6335 28
6336 20
6337 -20
6338 -28
6339 -48
6340 -48
6341 -28
6342 -20
6343 14
6344 33
6345 47
6346 47
6347 33
6348 14
6349 -14
6350 -33
6351 -47
6352 -47
6353 -33
6354 -14
6355 19
6356 29
6357 48
6358 48
6359 29
6360 19
6361 -19
6362 -29
6363 -48
6364 -48
6365 -29
6366 -19
6367 10
6368 36
6369 46
6370 46
6371 36
6372 10
6373 -10
6374 -36
6375 -46
6376 -46
6377 -36
6378 -10
6379 7
6380 38
6381 45
6382 45
6383 38
6384 7
6385 -7
6386 -38
6387 -45
6388 -45
6389 -38
6390 -7
6391 0
6392 18
6393 30
6394 42
6395 48
6396 48
6397 42
6398 30
6399 18
6400 0
6401 -18
6402 -30
6403 -42
6404 -48
6405 -48
6406 -42
6407 -30
6408 -18
6409 2
6410 13
6411 34
6412 41
6413 43
6414 47
6415 47
6416 43
6417 41
6418 34
6419 13
6420 2
6421 -2
6422 -13
6423 -34
6424 -41
6425 -43
6426 -47
6427 -47
6428 -43
6429 -41
6430 -34
6431 -13
6432 -2
6433 4
6434 40
6435 44
6436 44
6437 40
6438 4
6439 -4
6440 -40
6441 -44
6442 -44
6443 -40
6444 -4
6445 17
6446 31
6447 48
6448 48
6449 31
6450 17
6451 -17
6452 -31
6453 -48
6454 -48
6455 -31
6456 -17
6457 9
6458 37
6459 46
6460 46
6461 37
6462 9
6463 -9
6464 -37
6465 -46
6466 -46
6467 -37
6468 -9
6469 12
6470 35
6471 47
6472 47
6473 35
6474 12
6475 -12
6476 -35
6477 -47
6478 -47
6479 -35
6480 -12
6481 6
6482 39
6483 45
6484 45
6485 39
6486 6
6487 -6
6488 -39
6489 -45
6490 -45
6491 -39
6492 -6
6493 16
6494 32
6495 48
6496 48
6497 32
6498 16
6499 -16
6500 -32
6501 -48
6502 -48
6503 -32
6504 -16
6505 24
6506 25
6507 49
6508 49
6509 25
6510 24
6511 -24
6512 -25
6513 -49
6514 -49
6515 -25
6516 -24
6517 23
6518 26
6519 49
6520 49
6521 26
6522 23
6523 -23
6524 -26
6525 -49
6526 -49
6527 -26
6528 -23
6529 1
6530 22
6531 27
6532 42
6533 43
6534 49
6535 49
6536 43
6537 42
6538 27
6539 22
6540 1
6541 -1
6542 -22
6543 -27
6544 -42
6545 -43
6546 -49
6547 -49
6548 -43
6549 -42
6550 -27
6551 -22
6552 -1
6553 15
6554 33
6555 48
6556 48
6557 33
6558 15
6559 -15
6560 -33
6561 -48
6562 -48
6563 -33
6564 -15
6565 8
6566 38
6567 46
6568 46
6569 38
6570 8
6571 -8
6572 -38
6573 -46
6574 -46
6575 -38
6576 -8
6577 3
6578 11
6579 21
6580 28
6581 36
6582 41
6583 44
6584 47
6585 49
6586 49
6587 47
6588 44
6589 41
6590 36
6591 28
6592 21
6593 11
6594 3
6595 -3
6596 -11
6597 -21
6598 -28
6599 -36
6600 -41
6601 -44
6602 -47
6603 -49
6604 -49
6605 -47
6606 -44
6607 -41
6608 -36
6609 -28
6610 -21
6611 -11
6612 -3
6613 20
6614 29
6615 49
6616 49
6617 29
6618 20
6619 -20
6620 -29
6621 -49
6622 -49
6623 -29
6624 -20
6625 5
6626 40
6627 45
6628 45
6629 40
6630 5
6631 -5
6632 -40
6633 -45
6634 -45
6635 -40
6636 -5
6637 14
6638 34
6639 48
6640 48
6641 34
6642 14
6643 -14
6644 -34
6645 -48
6646 -48
6647 -34
6648 -14
6649 19
6650 30
6651 49
6652 49
6653 30
6654 19
6655 -19
6656 -30
6657 -49
6658 -49
6659 -30
6660 -19
6661 10
6662 37
6663 47
6664 47
6665 37
6666 10
6667 -10
6668 -37
6669 -47
6670 -47
6671 -37
6672 -10
6673 7
6674 18
6675 31
6676 39
6677 46
6678 49
6679 49
6680 46
6681 39
6682 31
6683 18
6684 7
6685 -7
6686 -18
6687 -31
6688 -39
6689 -46
6690 -49
6691 -49
6692 -46
6693 -39
6694 -31
6695 -18
6696 -7
6697 0
6698 13
6699 35
6700 43
6701 48
6702 48
6703 43
6704 35
6705 13
6706 0
6707 -13
6708 -35
6709 -43
6710 -48
6711 -48
6712 -43
6713 -35
6714 -13
6715 2
6716 42
6717 44
6718 44
6719 42
6720 2
6721 -2
6722 -42
6723 -44
6724 -44
6725 -42
6726 -2
6727 17
6728 32
6729 49
6730 49
6731 32
6732 17
6733 -17
6734 -32
6735 -49
6736 -49
6737 -32
6738 -17
6739 4
6740 41
6741 45
6742 45
6743 41
6744 4
6745 -4
6746 -41
6747 -45
6748 -45
6749 -41
6750 -4
6751 9
6752 38
6753 47
6754 47
6755 38
6756 9
6757 -9
6758 -38
6759 -47
6760 -47
6761 -38
6762 -9
6763 12
6764 36
6765 48
6766 48
6767 36
6768 12
6769 -12
6770 -36
6771 -48
6772 -48
6773 -36
6774 -12
6775 16
6776 33
6777 49
6778 49
6779 33
6780 16
6781 -16
6782 -33
6783 -49
6784 -49
6785 -33
6786 -16
6787 25
6788 50
6789 25
6790 -25
6791 -50
6792 -25
6793 6
6794 24
6795 26
6796 40
6797 46
6798 50
6799 50
6800 46
6801 40
6802 26
6803 24
6804 6
6805 -6
6806 -24
6807 -26
6808 -40
6809 -46
6810 -50
6811 -50
6812 -46
6813 -40
6814 -26
6815 -24
6816 -6
6817 23
6818 27
6819 50
6820 50
6821 27
6822 23
6823 -23
6824 -27
6825 -50
6826 -50
6827 -27
6828 -23
6829 22
6830 28
6831 50
6832 50
6833 28
6834 22
6835 -22
6836 -28
6837 -50
6838 -50
6839 -28
6840 -22
6841 15
6842 21
6843 29
6844 34
6845 49
6846 50
6847 50
6848 49
6849 34
6850 29
6851 21
6852 15
6853 -15
6854 -21
6855 -29
6856 -34
6857 -49
6858 -50
6859 -50
6860 -49
6861 -34
6862 -29
6863 -21
6864 -15
6865 1
6866 43
6867 44
6868 44
6869 43
6870 1
6871 -1
6872 -43
6873 -44
6874 -44
6875 -43
6876 -1
6877 8
6878 11
6879 37
6880 39
6881 47
6882 48
6883 48
6884 47
6885 39
6886 37
6887 11
6888 8
6889 -8
6890 -11
6891 -37
6892 -39
6893 -47
6894 -48
6895 -48
6896 -47
6897 -39
6898 -37
6899 -11
6900 -8
6901 3
6902 42
6903 45
6904 45
6905 42
6906 3
6907 -3
6908 -42
6909 -45
6910 -45
6911 -42
6912 -3
6913 20
6914 30
6915 50
6916 50
6917 30
6918 20
6919 -20
6920 -30
6921 -50
6922 -50
6923 -30
6924 -20
6925 5
6926 14
6927 19
6928 31
6929 35
6930 41
6931 46
6932 49
6933 50
6934 50
6935 49
6936 46
6937 41
6938 35
6939 31
6940 19
6941 14
6942 5
6943 -5
6944 -14
6945 -19
6946 -31
6947 -35
6948 -41
6949 -46
6950 -49
6951 -50
6952 -50
6953 -49
6954 -46
6955 -41
6956 -35
6957 -31
6958 -19
6959 -14
6960 -5
6961 10
6962 18
6963 32
6964 38
6965 48
6966 50
6967 50
6968 48
6969 38
6970 32
6971 18
6972 10
6973 -10
6974 -18
6975 -32
6976 -38
6977 -48
6978 -50
6979 -50
6980 -48
6981 -38
6982 -32
6983 -18
6984 -10
6985 7
6986 40
6987 47
6988 47
6989 40
6990 7
6991 -7
6992 -40
6993 -47
6994 -47
6995 -40
6996 -7
6997 13
6998 36
6999 49
7000 49
7001 36
7002 13
7003 -13
7004 -36
7005 -49
7006 -49
7007 -36
7008 -13
7009 0
7010 44
7011 44
7012 0
7013 -44
7014 -44
7015 2
7016 17
7017 33
7018 43
7019 45
7020 50
7021 50
7022 45
7023 43
7024 33
7025 17
7026 2
7027 -2
7028 -17
7029 -33
7030 -43
7031 -45
7032 -50
7033 -50
7034 -45
7035 -43
7036 -33
7037 -17
7038 -2
7039 4
7040 42
7041 46
7042 46
7043 42
7044 4
7045 -4
7046 -42
7047 -46
7048 -46
7049 -42
7050 -4
7051 25
7052 26
7053 51
7054 51
7055 26
7056 25
7057 -25
7058 -26
7059 -51
7060 -51
7061 -26
7062 -25
7063 9
7064 24
7065 27
7066 39
7067 48
7068 51
7069 51
7070 48
7071 39
7072 27
7073 24
7074 9
7075 -9
7076 -24
7077 -27
7078 -39
7079 -48
7080 -51
7081 -51
7082 -48
7083 -39
7084 -27
7085 -24
7086 -9
7087 16
7088 34
7089 50
7090 50
7091 34
7092 16
7093 -16
7094 -34
7095 -50
7096 -50
7097 -34
7098 -16
7099 12
7100 23
7101 28
7102 37
7103 49
7104 51
7105 51
7106 49
7107 37
7108 28
7109 23
7110 12
7111 -12
7112 -23
7113 -28
7114 -37
7115 -49
7116 -51
7117 -51
7118 -49
7119 -37
7120 -28
7121 -23
7122 -12
7123 6
7124 22
7125 29
7126 41
7127 47
7128 51
7129 51
7130 47
7131 41
7132 29
7133 22
7134 6
7135 -6
7136 -22
7137 -29
7138 -41
7139 -47
7140 -51
7141 -51
7142 -47
7143 -41
7144 -29
7145 -22
7146 -6
7147 21
7148 30
7149 51
7150 51
7151 30
7152 21
7153 -21
7154 -30
7155 -51
7156 -51
7157 -30
7158 -21
7159 15
7160 35
7161 50
7162 50
7163 35
7164 15
7165 -15
7166 -35
7167 -50
7168 -50
7169 -35
7170 -15
7171 1
7172 20
7173 31
7174 44
7175 45
7176 51
7177 51
7178 45
7179 44
7180 31
7181 20
7182 1
7183 -1
7184 -20
7185 -31
7186 -44
7187 -45
7188 -51
7189 -51
7190 -45
7191 -44
7192 -31
7193 -20
7194 -1
7195 11
7196 38
7197 49
7198 49
7199 38
7200 11
7201 -11
7202 -38
7203 -49
7204 -49
7205 -38
7206 -11
7207 8
7208 40
7209 48
7210 48
7211 40
7212 8
7213 -8
7214 -40
7215 -48
7216 -48
7217 -40
7218 -8
7219 3
7220 43
7221 46
7222 46
7223 43
7224 3
7225 -3
7226 -43
7227 -46
7228 -46
7229 -43
7230 -3
7231 19
7232 32
7233 51
7234 51
7235 32
7236 19
7237 -19
7238 -32
7239 -51
7240 -51
7241 -32
7242 -19
7243 14
7244 36
7245 50
7246 50
7247 36
7248 14
7249 -14
7250 -36
7251 -50
7252 -50
7253 -36
7254 -14
7255 5
7256 42
7257 47
7258 47
7259 42
7260 5
7261 -5
7262 -42
7263 -47
7264 -47
7265 -42
7266 -5
7267 18
7268 33
7269 51
7270 51
7271 33
7272 18
7273 -18
7274 -33
7275 -51
7276 -51
7277 -33
7278 -18
7279 10
7280 39
7281 49
7282 49
7283 39
7284 10
7285 -10
7286 -39
7287 -49
7288 -49
7289 -39
7290 -10
7291 7
7292 41
7293 48
7294 48
7295 41
7296 7
7297 -7
7298 -41
7299 -48
7300 -48
7301 -41
7302 -7
7303 13
7304 37
7305 50
7306 50
7307 37
7308 13
7309 -13
7310 -37
7311 -50
7312 -50
7313 -37
7314 -13
7315 17
7316 34
7317 51
7318 51
7319 34
7320 17
7321 -17
7322 -34
7323 -51
7324 -51
7325 -34
7326 -17
7327 0
7328 45
7329 45
7330 0
7331 -45
7332 -45
7333 2
7334 26
7335 44
7336 46
7337 52
7338 46
7339 44
7340 26
7341 2
7342 -2
7343 -26
7344 -44
7345 -46
7346 -52
7347 -46
7348 -44
7349 -26
7350 -2
7351 25
7352 27
7353 52
7354 52
7355 27
7356 25
7357 -25
7358 -27
7359 -52
7360 -52
7361 -27
7362 -25
7363 24
7364 28
7365 52
7366 52
7367 28
7368 24
7369 -24
7370 -28
7371 -52
7372 -52
7373 -28
7374 -24
7375 4
7376 23
7377 29
7378 43
7379 47
7380 52
7381 52
7382 47
7383 43
7384 29
7385 23
7386 4
7387 -4
7388 -23
7389 -29
7390 -43
7391 -47
7392 -52
7393 -52
7394 -47
7395 -43
7396 -29
7397 -23
7398 -4
7399 9
7400 16
7401 35
7402 40
7403 49
7404 51
7405 51
7406 49
7407 40
7408 35
7409 16
7410 9
7411 -9
7412 -16
7413 -35
7414 -40
7415 -49
7416 -51
7417 -51
7418 -49
7419 -40
7420 -35
7421 -16
7422 -9
7423 12
7424 22
7425 30
7426 38
7427 50
7428 52
7429 52
7430 50
7431 38
7432 30
7433 22
7434 12
7435 -12
7436 -22
7437 -30
7438 -38
7439 -50
7440 -52
7441 -52
7442 -50
7443 -38
7444 -30
7445 -22
7446 -12
7447 6
7448 42
7449 48
7450 48
7451 42
7452 6
7453 -6
7454 -42
7455 -48
7456 -48
7457 -42
7458 -6
7459 21
7460 31
7461 52
7462 52
7463 31
7464 21
7465 -21
7466 -31
7467 -52
7468 -52
7469 -31
7470 -21
7471 15
7472 36
7473 51
7474 51
7475 36
7476 15
7477 -15
7478 -36
7479 -51
7480 -51
7481 -36
7482 -15
7483 20
7484 32
7485 52
7486 52
7487 32
7488 20
7489 -20
7490 -32
7491 -52
7492 -52
7493 -32
7494 -20
7495 1
7496 11
7497 39
7498 45
7499 46
7500 50
7501 50
7502 46
7503 45
7504 39
7505 11
7506 1
7507 -1
7508 -11
7509 -39
7510 -45
7511 -46
7512 -50
7513 -50
7514 -46
7515 -45
7516 -39
7517 -11
7518 -1
7519 8
7520 41
7521 49
7522 49
7523 41
7524 8
7525 -8
7526 -41
7527 -49
7528 -49
7529 -41
7530 -8
7531 3
7532 19
7533 33
7534 44
7535 47
7536 52
7537 52
7538 47
7539 44
7540 33
7541 19
7542 3
7543 -3
7544 -19
7545 -33
7546 -44
7547 -47
7548 -52
7549 -52
7550 -47
7551 -44
7552 -33
7553 -19
7554 -3
7555 14
7556 37
7557 51
7558 51
7559 37
7560 14
7561 -14
7562 -37
7563 -51
7564 -51
7565 -37
7566 -14
7567 5
7568 43
7569 48
7570 48
7571 43
7572 5
7573 -5
7574 -43
7575 -48
7576 -48
7577 -43
7578 -5
7579 18
7580 34
7581 52
7582 52
7583 34
7584 18
7585 -18
7586 -34
7587 -52
7588 -52
7589 -34
7590 -18
7591 10
7592 40
7593 50
7594 50
7595 40
7596 10
7597 -10
7598 -40
7599 -50
7600 -50
7601 -40
7602 -10
7603 7
7604 13
7605 26
7606 27
7607 38
7608 42
7609 49
7610 51
7611 53
7612 53
7613 51
7614 49
7615 42
7616 38
7617 27
7618 26
7619 13
7620 7
7621 -7
7622 -13
7623 -26
7624 -27
7625 -38
7626 -42
7627 -49
7628 -51
7629 -53
7630 -53
7631 -51
7632 -49
7633 -42
7634 -38
7635 -27
7636 -26
7637 -13
7638 -7
7639 17
7640 25
7641 28
7642 35
7643 52
7644 53
7645 53
7646 52
7647 35
7648 28
7649 25
7650 17
7651 -17
7652 -25
7653 -28
7654 -35
7655 -52
7656 -53
7657 -53
7658 -52
7659 -35
7660 -28
7661 -25
7662 -17
7663 24
7664 29
7665 53
7666 53
7667 29
7668 24
7669 -24
7670 -29
7671 -53
7672 -53
7673 -29
7674 -24
7675 0
7676 46
7677 46
7678 0
7679 -46
7680 -46
7681 2
7682 23
7683 30
7684 45
7685 47
7686 53
7687 53
7688 47
7689 45
7690 30
7691 23
7692 2
7693 -2
7694 -23
7695 -30
7696 -45
7697 -47
7698 -53
7699 -53
7700 -47
7701 -45
7702 -30
7703 -23
7704 -2
7705 22
7706 31
7707 53
7708 53
7709 31
7710 22
7711 -22
7712 -31
7713 -53
7714 -53
7715 -31
7716 -22
7717 4
7718 16
7719 36
7720 44
7721 48
7722 52
7723 52
7724 48
7725 44
7726 36
7727 16
7728 4
7729 -4
7730 -16
7731 -36
7732 -44
7733 -48
7734 -52
7735 -52
7736 -48
7737 -44
7738 -36
7739 -16
7740 -4
7741 9
7742 41
7743 50
7744 50
7745 41
7746 9
7747 -9
7748 -41
7749 -50
7750 -50
7751 -41
7752 -9
7753 12
7754 39
7755 51
7756 51
7757 39
7758 12
7759 -12
7760 -39
7761 -51
7762 -51
7763 -39
7764 -12
7765 21
7766 32
7767 53
7768 53
7769 32
7770 21
7771 -21
7772 -32
7773 -53
7774 -53
7775 -32
7776 -21
7777 6
7778 43
7779 49
7780 49
7781 43
7782 6
7783 -6
7784 -43
7785 -49
7786 -49
7787 -43
7788 -6
7789 15
7790 20
7791 33
7792 37
7793 52
7794 53
7795 53
7796 52
7797 37
7798 33
7799 20
7800 15
7801 -15
7802 -20
7803 -33
7804 -37
7805 -52
7806 -53
7807 -53
7808 -52
7809 -37
7810 -33
7811 -20
7812 -15
7813 11
7814 40
7815 51
7816 51
7817 40
7818 11
7819 -11
7820 -40
7821 -51
7822 -51
7823 -40
7824 -11
7825 1
7826 19
7827 34
7828 46
7829 47
7830 53
7831 53
7832 47
7833 46
7834 34
7835 19
7836 1
7837 -1
7838 -19
7839 -34
7840 -46
7841 -47
7842 -53
7843 -53
7844 -47
7845 -46
7846 -34
7847 -19
7848 -1
7849 8
7850 42
7851 50
7852 50
7853 42
7854 8
7855 -8
7856 -42
7857 -50
7858 -50
7859 -42
7860 -8
7861 3
7862 45
7863 48
7864 48
7865 45
7866 3
7867 -3
7868 -45
7869 -48
7870 -48
7871 -45
7872 -3
7873 14
7874 38
7875 52
7876 52
7877 38
7878 14
7879 -14
7880 -38
7881 -52
7882 -52
7883 -38
7884 -14
7885 18
7886 35
7887 53
7888 53
7889 35
7890 18
7891 -18
7892 -35
7893 -53
7894 -53
7895 -35
7896 -18
7897 5
7898 44
7899 49
7900 49
7901 44
7902 5
7903 -5
7904 -44
7905 -49
7906 -49
7907 -44
7908 -5
7909 27
7910 54
7911 27
7912 -27
7913 -54
7914 -27
7915 26
7916 28
7917 54
7918 54
7919 28
7920 26
7921 -26
7922 -28
7923 -54
7924 -54
7925 -28
7926 -26
7927 10
7928 25
7929 29
7930 41
7931 51
7932 54
7933 54
7934 51
7935 41
7936 29
7937 25
7938 10
7939 -10
7940 -25
7941 -29
7942 -41
7943 -51
7944 -54
7945 -54
7946 -51
7947 -41
7948 -29
7949 -25
7950 -10
7951 24
7952 30
7953 54
7954 54
7955 30
7956 24
7957 -24
7958 -30
7959 -54
7960 -54
7961 -30
7962 -24
7963 13
7964 17
7965 36
7966 39
7967 52
7968 53
7969 53
7970 52
7971 39
7972 36
7973 17
7974 13
7975 -13
7976 -17
7977 -36
7978 -39
7979 -52
7980 -53
7981 -53
7982 -52
7983 -39
7984 -36
7985 -17
7986 -13
7987 7
7988 43
7989 50
7990 50
7991 43
7992 7
7993 -7
7994 -43
7995 -50
7996 -50
7997 -43
7998 -7
7999 23
8000 31
8001 54
8002 54
8003 31
8004 23
8005 -23
8006 -31
8007 -54
8008 -54
8009 -31
8010 -23
8011 0
8012 47
8013 47
8014 0
8015 -47
8016 -47
8017 2
8018 22
8019 32
8020 46
8021 48
8022 54
8023 54
8024 48
8025 46
8026 32
8027 22
8028 2
8029 -2
8030 -22
8031 -32
8032 -46
8033 -48
8034 -54
8035 -54
8036 -48
8037 -46
8038 -32
8039 -22
8040 -2
8041 16
8042 37
8043 53
8044 53
8045 37
8046 16
8047 -16
8048 -37
8049 -53
8050 -53
8051 -37
8052 -16
8053 4
8054 45
8055 49
8056 49
8057 45
8058 4
8059 -4
8060 -45
8061 -49
8062 -49
8063 -45
8064 -4
8065 9
8066 21
8067 33
8068 42
8069 51
8070 54
8071 54
8072 51
8073 42
8074 33
8075 21
8076 9
8077 -9
8078 -21
8079 -33
8080 -42
8081 -51
8082 -54
8083 -54
8084 -51
8085 -42
8086 -33
8087 -21
8088 -9
8089 12
8090 40
8091 52
8092 52
8093 40
8094 12
8095 -12
8096 -40
8097 -52
8098 -52
8099 -40
8100 -12
8101 6
8102 20
8103 34
8104 44
8105 50
8106 54
8107 54
8108 50
8109 44
8110 34
8111 20
8112 6
8113 -6
8114 -20
8115 -34
8116 -44
8117 -50
8118 -54
8119 -54
8120 -50
8121 -44
8122 -34
8123 -20
8124 -6
8125 15
8126 38
8127 53
8128 53
8129 38
8130 15
8131 -15
8132 -38
8133 -53
8134 -53
8135 -38
8136 -15
8137 19
8138 35
8139 54
8140 54
8141 35
8142 19
8143 -19
8144 -35
8145 -54
8146 -54
8147 -35
8148 -19
8149 11
8150 41
8151 52
8152 52
8153 41
8154 11
8155 -11
8156 -41
8157 -52
8158 -52
8159 -41
8160 -11
8161 1
8162 8
8163 43
8164 47
8165 48
8166 51
8167 51
8168 48
8169 47
8170 43
8171 8
8172 1
8173 -1
8174 -8
8175 -43
8176 -47
8177 -48
8178 -51
8179 -51
8180 -48
8181 -47
8182 -43
8183 -8
8184 -1
8185 3
8186 14
8187 39
8188 46
8189 49
8190 53
8191 53
8192 49
8193 46
8194 39
8195 14
8196 3
8197 -3
8198 -14
8199 -39
8200 -46
8201 -49
8202 -53
8203 -53
8204 -49
8205 -46
8206 -39
8207 -14
8208 -3
8209 18
8210 36
8211 54
8212 54
8213 36
8214 18
8215 -18
8216 -36
8217 -54
8218 -54
8219 -36
8220 -18
8221 27
8222 28
8223 55
8224 55
8225 28
8226 27
8227 -27
8228 -28
8229 -55
8230 -55
8231 -28
8232 -27
8233 26
8234 29
8235 55
8236 55
8237 29
8238 26
8239 -26
8240 -29
8241 -55
8242 -55
8243 -29
8244 -26
8245 5
8246 25
8247 30
8248 45
8249 50
8250 55
8251 55
8252 50
8253 45
8254 30
8255 25
8256 5
8257 -5
8258 -25
8259 -30
8260 -45
8261 -50
8262 -55
8263 -55
8264 -50
8265 -45
8266 -30
8267 -25
8268 -5
8269 24
8270 31
8271 55
8272 55
8273 31
8274 24
8275 -24
8276 -31
8277 -55
8278 -55
8279 -31
8280 -24
8281 10
8282 42
8283 52
8284 52
8285 42
8286 10
8287 -10
8288 -42
8289 -52
8290 -52
8291 -42
8292 -10
8293 17
8294 37
8295 54
8296 54
8297 37
8298 17
8299 -17
8300 -37
8301 -54
8302 -54
8303 -37
8304 -17
8305 13
8306 23
8307 32
8308 40
8309 53
8310 55
8311 55
8312 53
8313 40
8314 32
8315 23
8316 13
8317 -13
8318 -23
8319 -32
8320 -40
8321 -53
8322 -55
8323 -55
8324 -53
8325 -40
8326 -32
8327 -23
8328 -13
8329 7
8330 44
8331 51
8332 51
8333 44
8334 7
8335 -7
8336 -44
8337 -51
8338 -51
8339 -44
8340 -7
8341 22
8342 33
8343 55
8344 55
8345 33
8346 22
8347 -22
8348 -33
8349 -55
8350 -55
8351 -33
8352 -22
8353 0
8354 48
8355 48
8356 0
8357 -48
8358 -48
8359 2
8360 47
8361 49
8362 49
8363 47
8364 2
8365 -2
8366 -47
8367 -49
8368 -49
8369 -47
8370 -2
8371 16
8372 38
8373 54
8374 54
8375 38
8376 16
8377 -16
8378 -38
8379 -54
8380 -54
8381 -38
8382 -16
8383 21
8384 34
8385 55
8386 55
8387 34
8388 21
8389 -21
8390 -34
8391 -55
8392 -55
8393 -34
8394 -21
8395 4
8396 46
8397 50
8398 50
8399 46
8400 4
8401 -4
8402 -46
8403 -50
8404 -50
8405 -46
8406 -4
8407 9
8408 12
8409 41
8410 43
8411 52
8412 53
8413 53
8414 52
8415 43
8416 41
8417 12
8418 9
8419 -9
8420 -12
8421 -41
8422 -43
8423 -52
8424 -53
8425 -53
8426 -52
8427 -43
8428 -41
8429 -12
8430 -9
8431 20
8432 35
8433 55
8434 55
8435 35
8436 20
8437 -20
8438 -35
8439 -55
8440 -55
8441 -35
8442 -20
8443 6
8444 15
8445 39
8446 45
8447 51
8448 54
8449 54
8450 51
8451 45
8452 39
8453 15
8454 6
8455 -6
8456 -15
8457 -39
8458 -45
8459 -51
8460 -54
8461 -54
8462 -51
8463 -45
8464 -39
8465 -15
8466 -6
8467 19
8468 36
8469 55
8470 55
8471 36
8472 19
8473 -19
8474 -36
8475 -55
8476 -55
8477 -36
8478 -19
8479 11
8480 42
8481 53
8482 53
8483 42
8484 11
8485 -11
8486 -42
8487 -53
8488 -53
8489 -42
8490 -11
8491 8
8492 28
8493 44
8494 52
8495 56
8496 52
8497 44
8498 28
8499 8
8500 -8
8501 -28
8502 -44
8503 -52
8504 -56
8505 -52
8506 -44
8507 -28
8508 -8
8509 1
8510 27
8511 29
8512 48
8513 49
8514 56
8515 56
8516 49
8517 48
8518 29
8519 27
8520 1
8521 -1
8522 -27
8523 -29
8524 -48
8525 -49
8526 -56
8527 -56
8528 -49
8529 -48
8530 -29
8531 -27
8532 -1
8533 14
8534 26
8535 30
8536 40
8537 54
8538 56
8539 56
8540 54
8541 40
8542 30
8543 26
8544 14
8545 -14
8546 -26
8547 -30
8548 -40
8549 -54
8550 -56
8551 -56
8552 -54
8553 -40
8554 -30
8555 -26
8556 -14
8557 3
8558 18
8559 37
8560 47
8561 50
8562 55
8563 55
8564 50
8565 47
8566 37
8567 18
8568 3
8569 -3
8570 -18
8571 -37
8572 -47
8573 -50
8574 -55
8575 -55
8576 -50
8577 -47
8578 -37
8579 -18
8580 -3
8581 25
8582 31
8583 56
8584 56
8585 31
8586 25
8587 -25
8588 -31
8589 -56
8590 -56
8591 -31
8592 -25
8593 24
8594 32
8595 56
8596 56
8597 32
8598 24
8599 -24
8600 -32
8601 -56
8602 -56
8603 -32
8604 -24
8605 5
8606 46
8607 51
8608 51
8609 46
8610 5
8611 -5
8612 -46
8613 -51
8614 -51
8615 -46
8616 -5
8617 23
8618 33
8619 56
8620 56
8621 33
8622 23
8623 -23
8624 -33
8625 -56
8626 -56
8627 -33
8628 -23
8629 10
8630 17
8631 38
8632 43
8633 53
8634 55
8635 55
8636 53
8637 43
8638 38
8639 17
8640 10
8641 -10
8642 -17
8643 -38
8644 -43
8645 -53
8646 -55
8647 -55
8648 -53
8649 -43
8650 -38
8651 -17
8652 -10
8653 13
8654 41
8655 54
8656 54
8657 41
8658 13
8659 -13
8660 -41
8661 -54
8662 -54
8663 -41
8664 -13
8665 22
8666 34
8667 56
8668 56
8669 34
8670 22
8671 -22
8672 -34
8673 -56
8674 -56
8675 -34
8676 -22
8677 7
8678 45
8679 52
8680 52
8681 45
8682 7
8683 -7
8684 -45
8685 -52
8686 -52
8687 -45
8688 -7
8689 0
8690 16
8691 21
8692 35
8693 39
8694 49
8695 55
8696 56
8697 56
8698 55
8699 49
8700 39
8701 35
8702 21
8703 16
8704 0
8705 -16
8706 -21
8707 -35
8708 -39
8709 -49
8710 -55
8711 -56
8712 -56
8713 -55
8714 -49
8715 -39
8716 -35
8717 -21
8718 -16
8719 2
8720 48
8721 50
8722 50
8723 48
8724 2
8725 -2
8726 -48
8727 -50
8728 -50
8729 -48
8730 -2
8731 12
8732 42
8733 54
8734 54
8735 42
8736 12
8737 -12
8738 -42
8739 -54
8740 -54
8741 -42
8742 -12
8743 4
8744 9
8745 44
8746 47
8747 51
8748 53
8749 53
8750 51
8751 47
8752 44
8753 9
8754 4
8755 -4
8756 -9
8757 -44
8758 -47
8759 -51
8760 -53
8761 -53
8762 -51
8763 -47
8764 -44
8765 -9
8766 -4
8767 20
8768 36
8769 56
8770 56
8771 36
8772 20
8773 -20
8774 -36
8775 -56
8776 -56
8777 -36
8778 -20
8779 15
8780 40
8781 55
8782 55
8783 40
8784 15
8785 -15
8786 -40
8787 -55
8788 -55
8789 -40
8790 -15
8791 6
8792 46
8793 52
8794 52
8795 46
8796 6
8797 -6
8798 -46
8799 -52
8800 -52
8801 -46
8802 -6
8803 19
8804 37
8805 56
8806 56
8807 37
8808 19
8809 -19
8810 -37
8811 -56
8812 -56
8813 -37
8814 -19
8815 28
8816 29
8817 57
8818 57
8819 29
8820 28
8821 -28
8822 -29
8823 -57
8824 -57
8825 -29
8826 -28
8827 27
8828 30
8829 57
8830 57
8831 30
8832 27
8833 -27
8834 -30
8835 -57
8836 -57
8837 -30
8838 -27
8839 11
8840 26
8841 31
8842 43
8843 54
8844 57
8845 57
8846 54
8847 43
8848 31
8849 26
8850 11
8851 -11
8852 -26
8853 -31
8854 -43
8855 -54
8856 -57
8857 -57
8858 -54
8859 -43
8860 -31
8861 -26
8862 -11
8863 8
8864 25
8865 32
8866 45
8867 53
8868 57
8869 57
8870 53
8871 45
8872 32
8873 25
8874 8
8875 -8
8876 -25
8877 -32
8878 -45
8879 -53
8880 -57
8881 -57
8882 -53
8883 -45
8884 -32
8885 -25
8886 -8
8887 1
8888 14
8889 41
8890 49
8891 50
8892 55
8893 55
8894 50
8895 49
8896 41
8897 14
8898 1
8899 -1
8900 -14
8901 -41
8902 -49
8903 -50
8904 -55
8905 -55
8906 -50
8907 -49
8908 -41
8909 -14
8910 -1
8911 18
8912 38
8913 56
8914 56
8915 38
8916 18
8917 -18
8918 -38
8919 -56
8920 -56
8921 -38
8922 -18
8923 3
8924 24
8925 33
8926 48
8927 51
8928 57
8929 57
8930 51
8931 48
8932 33
8933 24
8934 3
8935 -3
8936 -24
8937 -33
8938 -48
8939 -51
8940 -57
8941 -57
8942 -51
8943 -48
8944 -33
8945 -24
8946 -3
8947 23
8948 34
8949 57
8950 57
8951 34
8952 23
8953 -23
8954 -34
8955 -57
8956 -57
8957 -34
8958 -23
8959 5
8960 47
8961 52
8962 52
8963 47
8964 5
8965 -5
8966 -47
8967 -52
8968 -52
8969 -47
8970 -5
8971 17
8972 39
8973 56
8974 56
8975 39
8976 17
8977 -17
8978 -39
8979 -56
8980 -56
8981 -39
8982 -17
8983 10
8984 44
8985 54
8986 54
8987 44
8988 10
8989 -10
8990 -44
8991 -54
8992 -54
8993 -44
8994 -10
8995 13
8996 22
8997 35
8998 42
8999 55
9000 57
9001 57
9002 55
9003 42
9004 35
9005 22
9006 13
9007 -13
9008 -22
9009 -35
9010 -42
9011 -55
9012 -57
9013 -57
9014 -55
9015 -42
9016 -35
9017 -22
9018 -13
9019 7
9020 46
9021 53
9022 53
9023 46
9024 7
9025 -7
9026 -46
9027 -53
9028 -53
9029 -46
9030 -7
9031 21
9032 36
9033 57
9034 57
9035 36
9036 21
9037 -21
9038 -36
9039 -57
9040 -57
9041 -36
9042 -21
9043 16
9044 40
9045 56
9046 56
9047 40
9048 16
9049 -16
9050 -40
9051 -56
9052 -56
9053 -40
9054 -16
9055 0
9056 50
9057 50
9058 0
9059 -50
9060 -50
