# A307012 b-file computed by Hugo Pfoertner 2019-03-26
0 0
1 0
2 1
3 1
4 0
5 -1
6 -1
7 -1
8 0
9 1
10 2
11 2
12 2
13 1
14 0
15 -1
16 -2
17 -2
18 -2
19 -2
20 -1
21 0
22 1
23 2
24 3
25 3
26 3
27 3
28 2
29 1
30 0
31 -1
32 -2
33 -3
34 -3
35 -3
36 -3
37 -3
38 -2
39 -1
40 0
41 1
42 2
43 3
44 4
45 4
46 4
47 4
48 4
49 3
50 2
51 1
52 0
53 -1
54 -2
55 -3
56 -4
57 -4
58 -4
59 -4
60 -4
61 -4
62 -3
63 -2
64 -1
65 0
66 1
67 2
68 3
69 4
70 5
71 5
72 5
73 5
74 5
75 5
76 4
77 3
78 2
79 1
80 0
81 -1
82 -2
83 -3
84 -4
85 -5
86 -5
87 -5
88 -5
89 -5
90 -5
91 -5
92 -4
93 -3
94 -2
95 -1
96 0
97 1
98 2
99 3
100 4
101 5
102 6
103 6
104 6
105 6
106 6
107 6
108 6
109 5
110 4
111 3
112 2
113 1
114 0
115 -1
116 -2
117 -3
118 -4
119 -5
120 -6
121 -6
122 -6
123 -6
124 -6
125 -6
126 -6
127 -6
128 -5
129 -4
130 -3
131 -2
132 -1
133 0
134 1
135 2
136 3
137 4
138 5
139 6
140 7
141 7
142 7
143 7
144 7
145 7
146 7
147 7
148 6
149 5
150 4
151 3
152 2
153 1
154 0
155 -1
156 -2
157 -3
158 -4
159 -5
160 -6
161 -7
162 -7
163 -7
164 -7
165 -7
166 -7
167 -7
168 -7
169 -7
170 -6
171 -5
172 -4
173 -3
174 -2
175 -1
176 0
177 1
178 2
179 3
180 4
181 5
182 6
183 7
184 8
185 8
186 8
187 8
188 8
189 8
190 8
191 8
192 8
193 7
194 6
195 5
196 4
197 3
198 2
199 1
200 0
201 -1
202 -2
203 -3
204 -4
205 -5
206 -6
207 -7
208 -8
209 -8
210 -8
211 -8
212 -8
213 -8
214 -8
215 -8
216 -8
217 -8
218 -7
219 -6
220 -5
221 -4
222 -3
223 -2
224 -1
225 0
226 1
227 2
228 3
229 4
230 5
231 6
232 7
233 8
234 9
235 9
236 9
237 9
238 9
239 9
240 9
241 9
242 9
243 9
244 8
245 7
246 6
247 5
248 4
249 3
250 2
251 1
252 0
253 -1
254 -2
255 -3
256 -4
257 -5
258 -6
259 -7
260 -8
261 -9
262 -9
263 -9
264 -9
265 -9
266 -9
267 -9
268 -9
269 -9
270 -9
271 -9
272 -8
273 -7
274 -6
275 -5
276 -4
277 -3
278 -2
279 -1
280 0
281 1
282 2
283 3
284 4
285 5
286 6
287 7
288 8
289 9
290 10
291 10
292 10
293 10
294 10
295 10
296 10
297 10
298 10
299 10
300 10
301 9
302 8
303 7
304 6
305 5
306 4
307 3
308 2
309 1
310 0
311 -1
312 -2
313 -3
314 -4
315 -5
316 -6
317 -7
318 -8
319 -9
320 -10
321 -10
322 -10
323 -10
324 -10
325 -10
326 -10
327 -10
328 -10
329 -10
330 -10
331 -10
332 -9
333 -8
334 -7
335 -6
336 -5
337 -4
338 -3
339 -2
340 -1
341 0
342 1
343 2
344 3
345 4
346 5
347 6
348 7
349 8
350 9
351 10
352 11
353 11
354 11
355 11
356 11
357 11
358 11
359 11
360 11
361 11
362 11
363 11
364 10
365 9
366 8
367 7
368 6
369 5
370 4
371 3
372 2
373 1
374 0
375 -1
376 -2
377 -3
378 -4
379 -5
380 -6
381 -7
382 -8
383 -9
384 -10
385 -11
386 -11
387 -11
388 -11
389 -11
390 -11
391 -11
392 -11
393 -11
394 -11
395 -11
396 -11
397 -11
398 -10
399 -9
400 -8
401 -7
402 -6
403 -5
404 -4
405 -3
406 -2
407 -1
408 0
409 1
410 2
411 3
412 4
413 5
414 6
415 7
416 8
417 9
418 10
419 11
420 12
421 12
422 12
423 12
424 12
425 12
426 12
427 12
428 12
429 12
430 12
431 12
432 12
433 11
434 10
435 9
436 8
437 7
438 6
439 5
440 4
441 3
442 2
443 1
444 0
445 -1
446 -2
447 -3
448 -4
449 -5
450 -6
451 -7
452 -8
453 -9
454 -10
455 -11
456 -12
457 -12
458 -12
459 -12
460 -12
461 -12
462 -12
463 -12
464 -12
465 -12
466 -12
467 -12
468 -12
469 -12
470 -11
471 -10
472 -9
473 -8
474 -7
475 -6
476 -5
477 -4
478 -3
479 -2
480 -1
481 0
482 1
483 2
484 3
485 4
486 5
487 6
488 7
489 8
490 9
491 10
492 11
493 12
494 13
495 13
496 13
497 13
498 13
499 13
500 13
501 13
502 13
503 13
504 13
505 13
506 13
507 13
508 12
509 11
510 10
511 9
512 8
513 7
514 6
515 5
516 4
517 3
518 2
519 1
520 0
521 -1
522 -2
523 -3
524 -4
525 -5
526 -6
527 -7
528 -8
529 -9
530 -10
531 -11
532 -12
533 -13
534 -13
535 -13
536 -13
537 -13
538 -13
539 -13
540 -13
541 -13
542 -13
543 -13
544 -13
545 -13
546 -13
547 -13
548 -12
549 -11
550 -10
551 -9
552 -8
553 -7
554 -6
555 -5
556 -4
557 -3
558 -2
559 -1
560 0
561 1
562 2
563 3
564 4
565 5
566 6
567 7
568 8
569 9
570 10
571 11
572 12
573 13
574 14
575 14
576 14
577 14
578 14
579 14
580 14
581 14
582 14
583 14
584 14
585 14
586 14
587 14
588 14
589 13
590 12
591 11
592 10
593 9
594 8
595 7
596 6
597 5
598 4
599 3
600 2
601 1
602 0
603 -1
604 -2
605 -3
606 -4
607 -5
608 -6
609 -7
610 -8
611 -9
612 -10
613 -11
614 -12
615 -13
616 -14
617 -14
618 -14
619 -14
620 -14
621 -14
622 -14
623 -14
624 -14
625 -14
626 -14
627 -14
628 -14
629 -14
630 -14
631 -14
632 -13
633 -12
634 -11
635 -10
636 -9
637 -8
638 -7
639 -6
640 -5
641 -4
642 -3
643 -2
644 -1
645 0
646 1
647 2
648 3
649 4
650 5
651 6
652 7
653 8
654 9
655 10
656 11
657 12
658 13
659 14
660 15
661 15
662 15
663 15
664 15
665 15
666 15
667 15
668 15
669 15
670 15
671 15
672 15
673 15
674 15
675 15
676 14
677 13
678 12
679 11
680 10
681 9
682 8
683 7
684 6
685 5
686 4
687 3
688 2
689 1
690 0
691 -1
692 -2
693 -3
694 -4
695 -5
696 -6
697 -7
698 -8
699 -9
700 -10
701 -11
702 -12
703 -13
704 -14
705 -15
706 -15
707 -15
708 -15
709 -15
710 -15
711 -15
712 -15
713 -15
714 -15
715 -15
716 -15
717 -15
718 -15
719 -15
720 -15
721 -15
722 -14
723 -13
724 -12
725 -11
726 -10
727 -9
728 -8
729 -7
730 -6
731 -5
732 -4
733 -3
734 -2
735 -1
736 0
737 1
738 2
739 3
740 4
741 5
742 6
743 7
744 8
745 9
746 10
747 11
748 12
749 13
750 14
751 15
752 16
753 16
754 16
755 16
756 16
757 16
758 16
759 16
760 16
761 16
762 16
763 16
764 16
765 16
766 16
767 16
768 16
769 15
770 14
771 13
772 12
773 11
774 10
775 9
776 8
777 7
778 6
779 5
780 4
781 3
782 2
783 1
784 0
785 -1
786 -2
787 -3
788 -4
789 -5
790 -6
791 -7
792 -8
793 -9
794 -10
795 -11
796 -12
797 -13
798 -14
799 -15
800 -16
801 -16
802 -16
803 -16
804 -16
805 -16
806 -16
807 -16
808 -16
809 -16
810 -16
811 -16
812 -16
813 -16
814 -16
815 -16
816 -16
817 -16
818 -15
819 -14
820 -13
821 -12
822 -11
823 -10
824 -9
825 -8
826 -7
827 -6
828 -5
829 -4
830 -3
831 -2
832 -1
833 0
834 1
835 2
836 3
837 4
838 5
839 6
840 7
841 8
842 9
843 10
844 11
845 12
846 13
847 14
848 15
849 16
850 17
851 17
852 17
853 17
854 17
855 17
856 17
857 17
858 17
859 17
860 17
861 17
862 17
863 17
864 17
865 17
866 17
867 17
868 16
869 15
870 14
871 13
872 12
873 11
874 10
875 9
876 8
877 7
878 6
879 5
880 4
881 3
882 2
883 1
884 0
885 -1
886 -2
887 -3
888 -4
889 -5
890 -6
891 -7
892 -8
893 -9
894 -10
895 -11
896 -12
897 -13
898 -14
899 -15
900 -16
901 -17
902 -17
903 -17
904 -17
905 -17
906 -17
907 -17
908 -17
909 -17
910 -17
911 -17
912 -17
913 -17
914 -17
915 -17
916 -17
917 -17
918 -17
919 -17
920 -16
921 -15
922 -14
923 -13
924 -12
925 -11
926 -10
927 -9
928 -8
929 -7
930 -6
931 -5
932 -4
933 -3
934 -2
935 -1
936 0
937 1
938 2
939 3
940 4
941 5
942 6
943 7
944 8
945 9
946 10
947 11
948 12
949 13
950 14
951 15
952 16
953 17
954 18
955 18
956 18
957 18
958 18
959 18
960 18
961 18
962 18
963 18
964 18
965 18
966 18
967 18
968 18
969 18
970 18
971 18
972 18
973 17
974 16
975 15
976 14
977 13
978 12
979 11
980 10
981 9
982 8
983 7
984 6
985 5
986 4
987 3
988 2
989 1
990 0
991 -1
992 -2
993 -3
994 -4
995 -5
996 -6
997 -7
998 -8
999 -9
1000 -10
1001 -11
1002 -12
1003 -13
1004 -14
1005 -15
1006 -16
1007 -17
1008 -18
1009 -18
1010 -18
1011 -18
1012 -18
1013 -18
1014 -18
1015 -18
1016 -18
1017 -18
1018 -18
1019 -18
1020 -18
1021 -18
1022 -18
1023 -18
1024 -18
1025 -18
1026 -18
1027 -18
1028 -17
1029 -16
1030 -15
1031 -14
1032 -13
1033 -12
1034 -11
1035 -10
1036 -9
1037 -8
1038 -7
1039 -6
1040 -5
1041 -4
1042 -3
1043 -2
1044 -1
1045 0
1046 1
1047 2
1048 3
1049 4
1050 5
1051 6
1052 7
1053 8
1054 9
1055 10
1056 11
1057 12
1058 13
1059 14
1060 15
1061 16
1062 17
1063 18
1064 19
1065 19
1066 19
1067 19
1068 19
1069 19
1070 19
1071 19
1072 19
1073 19
1074 19
1075 19
1076 19
1077 19
1078 19
1079 19
1080 19
1081 19
1082 19
1083 19
1084 18
1085 17
1086 16
1087 15
1088 14
1089 13
1090 12
1091 11
1092 10
1093 9
1094 8
1095 7
1096 6
1097 5
1098 4
1099 3
1100 2
1101 1
1102 0
1103 -1
1104 -2
1105 -3
1106 -4
1107 -5
1108 -6
1109 -7
1110 -8
1111 -9
1112 -10
1113 -11
1114 -12
1115 -13
1116 -14
1117 -15
1118 -16
1119 -17
1120 -18
1121 -19
1122 -19
1123 -19
1124 -19
1125 -19
1126 -19
1127 -19
1128 -19
1129 -19
1130 -19
1131 -19
1132 -19
1133 -19
1134 -19
1135 -19
1136 -19
1137 -19
1138 -19
1139 -19
1140 -19
1141 -19
1142 -18
1143 -17
1144 -16
1145 -15
1146 -14
1147 -13
1148 -12
1149 -11
1150 -10
1151 -9
1152 -8
1153 -7
1154 -6
1155 -5
1156 -4
1157 -3
1158 -2
1159 -1
1160 0
1161 1
1162 2
1163 3
1164 4
1165 5
1166 6
1167 7
1168 8
1169 9
1170 10
1171 11
1172 12
1173 13
1174 14
1175 15
1176 16
1177 17
1178 18
1179 19
1180 20
1181 20
1182 20
1183 20
1184 20
1185 20
1186 20
1187 20
1188 20
1189 20
1190 20
1191 20
1192 20
1193 20
1194 20
1195 20
1196 20
1197 20
1198 20
1199 20
1200 20
1201 19
1202 18
1203 17
1204 16
1205 15
1206 14
1207 13
1208 12
1209 11
1210 10
1211 9
1212 8
1213 7
1214 6
1215 5
1216 4
1217 3
1218 2
1219 1
1220 0
1221 -1
1222 -2
1223 -3
1224 -4
1225 -5
1226 -6
1227 -7
1228 -8
1229 -9
1230 -10
1231 -11
1232 -12
1233 -13
1234 -14
1235 -15
1236 -16
1237 -17
1238 -18
1239 -19
1240 -20
1241 -20
1242 -20
1243 -20
1244 -20
1245 -20
1246 -20
1247 -20
1248 -20
1249 -20
1250 -20
1251 -20
1252 -20
1253 -20
1254 -20
1255 -20
1256 -20
1257 -20
1258 -20
1259 -20
1260 -20
1261 -20
1262 -19
1263 -18
1264 -17
1265 -16
1266 -15
1267 -14
1268 -13
1269 -12
1270 -11
1271 -10
1272 -9
1273 -8
1274 -7
1275 -6
1276 -5
1277 -4
1278 -3
1279 -2
1280 -1
1281 0
1282 1
1283 2
1284 3
1285 4
1286 5
1287 6
1288 7
1289 8
1290 9
1291 10
1292 11
1293 12
1294 13
1295 14
1296 15
1297 16
1298 17
1299 18
1300 19
1301 20
1302 21
1303 21
1304 21
1305 21
1306 21
1307 21
1308 21
1309 21
1310 21
1311 21
1312 21
1313 21
1314 21
1315 21
1316 21
1317 21
1318 21
1319 21
1320 21
1321 21
1322 21
1323 21
1324 20
1325 19
1326 18
1327 17
1328 16
1329 15
1330 14
1331 13
1332 12
1333 11
1334 10
1335 9
1336 8
1337 7
1338 6
1339 5
1340 4
1341 3
1342 2
1343 1
1344 0
1345 -1
1346 -2
1347 -3
1348 -4
1349 -5
1350 -6
1351 -7
1352 -8
1353 -9
1354 -10
1355 -11
1356 -12
1357 -13
1358 -14
1359 -15
1360 -16
1361 -17
1362 -18
1363 -19
1364 -20
1365 -21
1366 -21
1367 -21
1368 -21
1369 -21
1370 -21
1371 -21
1372 -21
1373 -21
1374 -21
1375 -21
1376 -21
1377 -21
1378 -21
1379 -21
1380 -21
1381 -21
1382 -21
1383 -21
1384 -21
1385 -21
1386 -21
1387 -21
1388 -20
1389 -19
1390 -18
1391 -17
1392 -16
1393 -15
1394 -14
1395 -13
1396 -12
1397 -11
1398 -10
1399 -9
1400 -8
1401 -7
1402 -6
1403 -5
1404 -4
1405 -3
1406 -2
1407 -1
1408 0
1409 1
1410 2
1411 3
1412 4
1413 5
1414 6
1415 7
1416 8
1417 9
1418 10
1419 11
1420 12
1421 13
1422 14
1423 15
1424 16
1425 17
1426 18
1427 19
1428 20
1429 21
1430 22
1431 22
1432 22
1433 22
1434 22
1435 22
1436 22
1437 22
1438 22
1439 22
1440 22
1441 22
1442 22
1443 22
1444 22
1445 22
1446 22
1447 22
1448 22
1449 22
1450 22
1451 22
1452 22
1453 21
1454 20
1455 19
1456 18
1457 17
1458 16
1459 15
1460 14
1461 13
1462 12
1463 11
1464 10
1465 9
1466 8
1467 7
1468 6
1469 5
1470 4
1471 3
1472 2
1473 1
1474 0
1475 -1
1476 -2
1477 -3
1478 -4
1479 -5
1480 -6
1481 -7
1482 -8
1483 -9
1484 -10
1485 -11
1486 -12
1487 -13
1488 -14
1489 -15
1490 -16
1491 -17
1492 -18
1493 -19
1494 -20
1495 -21
1496 -22
1497 -22
1498 -22
1499 -22
1500 -22
1501 -22
1502 -22
1503 -22
1504 -22
1505 -22
1506 -22
1507 -22
1508 -22
1509 -22
1510 -22
1511 -22
1512 -22
1513 -22
1514 -22
1515 -22
1516 -22
1517 -22
1518 -22
1519 -22
1520 -21
1521 -20
1522 -19
1523 -18
1524 -17
1525 -16
1526 -15
1527 -14
1528 -13
1529 -12
1530 -11
1531 -10
1532 -9
1533 -8
1534 -7
1535 -6
1536 -5
1537 -4
1538 -3
1539 -2
1540 -1
1541 0
1542 1
1543 2
1544 3
1545 4
1546 5
1547 6
1548 7
1549 8
1550 9
1551 10
1552 11
1553 12
1554 13
1555 14
1556 15
1557 16
1558 17
1559 18
1560 19
1561 20
1562 21
1563 22
1564 23
1565 23
1566 23
1567 23
1568 23
1569 23
1570 23
1571 23
1572 23
1573 23
1574 23
1575 23
1576 23
1577 23
1578 23
1579 23
1580 23
1581 23
1582 23
1583 23
1584 23
1585 23
1586 23
1587 23
1588 22
1589 21
1590 20
1591 19
1592 18
1593 17
1594 16
1595 15
1596 14
1597 13
1598 12
1599 11
1600 10
1601 9
1602 8
1603 7
1604 6
1605 5
1606 4
1607 3
1608 2
1609 1
1610 0
1611 -1
1612 -2
1613 -3
1614 -4
1615 -5
1616 -6
1617 -7
1618 -8
1619 -9
1620 -10
1621 -11
1622 -12
1623 -13
1624 -14
1625 -15
1626 -16
1627 -17
1628 -18
1629 -19
1630 -20
1631 -21
1632 -22
1633 -23
1634 -23
1635 -23
1636 -23
1637 -23
1638 -23
1639 -23
1640 -23
1641 -23
1642 -23
1643 -23
1644 -23
1645 -23
1646 -23
1647 -23
1648 -23
1649 -23
1650 -23
1651 -23
1652 -23
1653 -23
1654 -23
1655 -23
1656 -23
1657 -23
1658 -22
1659 -21
1660 -20
1661 -19
1662 -18
1663 -17
1664 -16
1665 -15
1666 -14
1667 -13
1668 -12
1669 -11
1670 -10
1671 -9
1672 -8
1673 -7
1674 -6
1675 -5
1676 -4
1677 -3
1678 -2
1679 -1
1680 0
1681 1
1682 2
1683 3
1684 4
1685 5
1686 6
1687 7
1688 8
1689 9
1690 10
1691 11
1692 12
1693 13
1694 14
1695 15
1696 16
1697 17
1698 18
1699 19
1700 20
1701 21
1702 22
1703 23
1704 24
1705 24
1706 24
1707 24
1708 24
1709 24
1710 24
1711 24
1712 24
1713 24
1714 24
1715 24
1716 24
1717 24
1718 24
1719 24
1720 24
1721 24
1722 24
1723 24
1724 24
1725 24
1726 24
1727 24
1728 24
1729 23
1730 22
1731 21
1732 20
1733 19
1734 18
1735 17
1736 16
1737 15
1738 14
1739 13
1740 12
1741 11
1742 10
1743 9
1744 8
1745 7
1746 6
1747 5
1748 4
1749 3
1750 2
1751 1
1752 0
1753 -1
1754 -2
1755 -3
1756 -4
1757 -5
1758 -6
1759 -7
1760 -8
1761 -9
1762 -10
1763 -11
1764 -12
1765 -13
1766 -14
1767 -15
1768 -16
1769 -17
1770 -18
1771 -19
1772 -20
1773 -21
1774 -22
1775 -23
1776 -24
1777 -24
1778 -24
1779 -24
1780 -24
1781 -24
1782 -24
1783 -24
1784 -24
1785 -24
1786 -24
1787 -24
1788 -24
1789 -24
1790 -24
1791 -24
1792 -24
1793 -24
1794 -24
1795 -24
1796 -24
1797 -24
1798 -24
1799 -24
1800 -24
1801 -24
1802 -23
1803 -22
1804 -21
1805 -20
1806 -19
1807 -18
1808 -17
1809 -16
1810 -15
1811 -14
1812 -13
1813 -12
1814 -11
1815 -10
1816 -9
1817 -8
1818 -7
1819 -6
1820 -5
1821 -4
1822 -3
1823 -2
1824 -1
1825 0
1826 1
1827 2
1828 3
1829 4
1830 5
1831 6
1832 7
1833 8
1834 9
1835 10
1836 11
1837 12
1838 13
1839 14
1840 15
1841 16
1842 17
1843 18
1844 19
1845 20
1846 21
1847 22
1848 23
1849 24
1850 25
1851 25
1852 25
1853 25
1854 25
1855 25
1856 25
1857 25
1858 25
1859 25
1860 25
1861 25
1862 25
1863 25
1864 25
1865 25
1866 25
1867 25
1868 25
1869 25
1870 25
1871 25
1872 25
1873 25
1874 25
1875 25
1876 24
1877 23
1878 22
1879 21
1880 20
1881 19
1882 18
1883 17
1884 16
1885 15
1886 14
1887 13
1888 12
1889 11
1890 10
1891 9
1892 8
1893 7
1894 6
1895 5
1896 4
1897 3
1898 2
1899 1
1900 0
1901 -1
1902 -2
1903 -3
1904 -4
1905 -5
1906 -6
1907 -7
1908 -8
1909 -9
1910 -10
1911 -11
1912 -12
1913 -13
1914 -14
1915 -15
1916 -16
1917 -17
1918 -18
1919 -19
1920 -20
1921 -21
1922 -22
1923 -23
1924 -24
1925 -25
1926 -25
1927 -25
1928 -25
1929 -25
1930 -25
1931 -25
1932 -25
1933 -25
1934 -25
1935 -25
1936 -25
1937 -25
1938 -25
1939 -25
1940 -25
1941 -25
1942 -25
1943 -25
1944 -25
1945 -25
1946 -25
1947 -25
1948 -25
1949 -25
1950 -25
1951 -25
1952 -24
1953 -23
1954 -22
1955 -21
1956 -20
1957 -19
1958 -18
1959 -17
1960 -16
1961 -15
1962 -14
1963 -13
1964 -12
1965 -11
1966 -10
1967 -9
1968 -8
1969 -7
1970 -6
1971 -5
1972 -4
1973 -3
1974 -2
1975 -1
1976 0
1977 1
1978 2
1979 3
1980 4
1981 5
1982 6
1983 7
1984 8
1985 9
1986 10
1987 11
1988 12
1989 13
1990 14
1991 15
1992 16
1993 17
1994 18
1995 19
1996 20
1997 21
1998 22
1999 23
2000 24
2001 25
2002 26
2003 26
2004 26
2005 26
2006 26
2007 26
2008 26
2009 26
2010 26
2011 26
2012 26
2013 26
2014 26
2015 26
2016 26
2017 26
2018 26
2019 26
2020 26
2021 26
2022 26
2023 26
2024 26
2025 26
2026 26
2027 26
2028 26
2029 25
2030 24
2031 23
2032 22
2033 21
2034 20
2035 19
2036 18
2037 17
2038 16
2039 15
2040 14
2041 13
2042 12
2043 11
2044 10
2045 9
2046 8
2047 7
2048 6
2049 5
2050 4
2051 3
2052 2
2053 1
2054 0
2055 -1
2056 -2
2057 -3
2058 -4
2059 -5
2060 -6
2061 -7
2062 -8
2063 -9
2064 -10
2065 -11
2066 -12
2067 -13
2068 -14
2069 -15
2070 -16
2071 -17
2072 -18
2073 -19
2074 -20
2075 -21
2076 -22
2077 -23
2078 -24
2079 -25
2080 -26
2081 -26
2082 -26
2083 -26
2084 -26
2085 -26
2086 -26
2087 -26
2088 -26
2089 -26
2090 -26
2091 -26
2092 -26
2093 -26
2094 -26
2095 -26
2096 -26
2097 -26
2098 -26
2099 -26
2100 -26
2101 -26
2102 -26
2103 -26
2104 -26
2105 -26
2106 -26
2107 -26
2108 -25
2109 -24
2110 -23
2111 -22
2112 -21
2113 -20
2114 -19
2115 -18
2116 -17
2117 -16
2118 -15
2119 -14
2120 -13
2121 -12
2122 -11
2123 -10
2124 -9
2125 -8
2126 -7
2127 -6
2128 -5
2129 -4
2130 -3
2131 -2
2132 -1
2133 0
2134 1
2135 2
2136 3
2137 4
2138 5
2139 6
2140 7
2141 8
2142 9
2143 10
2144 11
2145 12
2146 13
2147 14
2148 15
2149 16
2150 17
2151 18
2152 19
2153 20
2154 21
2155 22
2156 23
2157 24
2158 25
2159 26
2160 27
2161 27
2162 27
2163 27
2164 27
2165 27
2166 27
2167 27
2168 27
2169 27
2170 27
2171 27
2172 27
2173 27
2174 27
2175 27
2176 27
2177 27
2178 27
2179 27
2180 27
2181 27
2182 27
2183 27
2184 27
2185 27
2186 27
2187 27
2188 26
2189 25
2190 24
2191 23
2192 22
2193 21
2194 20
2195 19
2196 18
2197 17
2198 16
2199 15
2200 14
2201 13
2202 12
2203 11
2204 10
2205 9
2206 8
2207 7
2208 6
2209 5
2210 4
2211 3
2212 2
2213 1
2214 0
2215 -1
2216 -2
2217 -3
2218 -4
2219 -5
2220 -6
2221 -7
2222 -8
2223 -9
2224 -10
2225 -11
2226 -12
2227 -13
2228 -14
2229 -15
2230 -16
2231 -17
2232 -18
2233 -19
2234 -20
2235 -21
2236 -22
2237 -23
2238 -24
2239 -25
2240 -26
2241 -27
2242 -27
2243 -27
2244 -27
2245 -27
2246 -27
2247 -27
2248 -27
2249 -27
2250 -27
2251 -27
2252 -27
2253 -27
2254 -27
2255 -27
2256 -27
2257 -27
2258 -27
2259 -27
2260 -27
2261 -27
2262 -27
2263 -27
2264 -27
2265 -27
2266 -27
2267 -27
2268 -27
2269 -27
2270 -26
2271 -25
2272 -24
2273 -23
2274 -22
2275 -21
2276 -20
2277 -19
2278 -18
2279 -17
2280 -16
2281 -15
2282 -14
2283 -13
2284 -12
2285 -11
2286 -10
2287 -9
2288 -8
2289 -7
2290 -6
2291 -5
2292 -4
2293 -3
2294 -2
2295 -1
2296 0
2297 1
2298 2
2299 3
2300 4
2301 5
2302 6
2303 7
2304 8
2305 9
2306 10
2307 11
2308 12
2309 13
2310 14
2311 15
2312 16
2313 17
2314 18
2315 19
2316 20
2317 21
2318 22
2319 23
2320 24
2321 25
2322 26
2323 27
2324 28
2325 28
2326 28
2327 28
2328 28
2329 28
2330 28
2331 28
2332 28
2333 28
2334 28
2335 28
2336 28
2337 28
2338 28
2339 28
2340 28
2341 28
2342 28
2343 28
2344 28
2345 28
2346 28
2347 28
2348 28
2349 28
2350 28
2351 28
2352 28
2353 27
2354 26
2355 25
2356 24
2357 23
2358 22
2359 21
2360 20
2361 19
2362 18
2363 17
2364 16
2365 15
2366 14
2367 13
2368 12
2369 11
2370 10
2371 9
2372 8
2373 7
2374 6
2375 5
2376 4
2377 3
2378 2
2379 1
2380 0
2381 -1
2382 -2
2383 -3
2384 -4
2385 -5
2386 -6
2387 -7
2388 -8
2389 -9
2390 -10
2391 -11
2392 -12
2393 -13
2394 -14
2395 -15
2396 -16
2397 -17
2398 -18
2399 -19
2400 -20
2401 -21
2402 -22
2403 -23
2404 -24
2405 -25
2406 -26
2407 -27
2408 -28
2409 -28
2410 -28
2411 -28
2412 -28
2413 -28
2414 -28
2415 -28
2416 -28
2417 -28
2418 -28
2419 -28
2420 -28
2421 -28
2422 -28
2423 -28
2424 -28
2425 -28
2426 -28
2427 -28
2428 -28
2429 -28
2430 -28
2431 -28
2432 -28
2433 -28
2434 -28
2435 -28
2436 -28
2437 -28
2438 -27
2439 -26
2440 -25
2441 -24
2442 -23
2443 -22
2444 -21
2445 -20
2446 -19
2447 -18
2448 -17
2449 -16
2450 -15
2451 -14
2452 -13
2453 -12
2454 -11
2455 -10
2456 -9
2457 -8
2458 -7
2459 -6
2460 -5
2461 -4
2462 -3
2463 -2
2464 -1
2465 0
2466 1
2467 2
2468 3
2469 4
2470 5
2471 6
2472 7
2473 8
2474 9
2475 10
2476 11
2477 12
2478 13
2479 14
2480 15
2481 16
2482 17
2483 18
2484 19
2485 20
2486 21
2487 22
2488 23
2489 24
2490 25
2491 26
2492 27
2493 28
2494 29
2495 29
2496 29
2497 29
2498 29
2499 29
2500 29
2501 29
2502 29
2503 29
2504 29
2505 29
2506 29
2507 29
2508 29
2509 29
2510 29
2511 29
2512 29
2513 29
2514 29
2515 29
2516 29
2517 29
2518 29
2519 29
2520 29
2521 29
2522 29
2523 29
2524 28
2525 27
2526 26
2527 25
2528 24
2529 23
2530 22
2531 21
2532 20
2533 19
2534 18
2535 17
2536 16
2537 15
2538 14
2539 13
2540 12
2541 11
2542 10
2543 9
2544 8
2545 7
2546 6
2547 5
2548 4
2549 3
2550 2
2551 1
2552 0
2553 -1
2554 -2
2555 -3
2556 -4
2557 -5
2558 -6
2559 -7
2560 -8
2561 -9
2562 -10
2563 -11
2564 -12
2565 -13
2566 -14
2567 -15
2568 -16
2569 -17
2570 -18
2571 -19
2572 -20
2573 -21
2574 -22
2575 -23
2576 -24
2577 -25
2578 -26
2579 -27
2580 -28
2581 -29
2582 -29
2583 -29
2584 -29
2585 -29
2586 -29
2587 -29
2588 -29
2589 -29
2590 -29
2591 -29
2592 -29
2593 -29
2594 -29
2595 -29
2596 -29
2597 -29
2598 -29
2599 -29
2600 -29
2601 -29
2602 -29
2603 -29
2604 -29
2605 -29
2606 -29
2607 -29
2608 -29
2609 -29
2610 -29
2611 -29
2612 -28
2613 -27
2614 -26
2615 -25
2616 -24
2617 -23
2618 -22
2619 -21
2620 -20
2621 -19
2622 -18
2623 -17
2624 -16
2625 -15
2626 -14
2627 -13
2628 -12
2629 -11
2630 -10
2631 -9
2632 -8
2633 -7
2634 -6
2635 -5
2636 -4
2637 -3
2638 -2
2639 -1
2640 0
2641 1
2642 2
2643 3
2644 4
2645 5
2646 6
2647 7
2648 8
2649 9
2650 10
2651 11
2652 12
2653 13
2654 14
2655 15
2656 16
2657 17
2658 18
2659 19
2660 20
2661 21
2662 22
2663 23
2664 24
2665 25
2666 26
2667 27
2668 28
2669 29
2670 30
2671 30
2672 30
2673 30
2674 30
2675 30
2676 30
2677 30
2678 30
2679 30
2680 30
2681 30
2682 30
2683 30
2684 30
2685 30
2686 30
2687 30
2688 30
2689 30
2690 30
2691 30
2692 30
2693 30
2694 30
2695 30
2696 30
2697 30
2698 30
2699 30
2700 30
2701 29
2702 28
2703 27
2704 26
2705 25
2706 24
2707 23
2708 22
2709 21
2710 20
2711 19
2712 18
2713 17
2714 16
2715 15
2716 14
2717 13
2718 12
2719 11
2720 10
2721 9
2722 8
2723 7
2724 6
2725 5
2726 4
2727 3
2728 2
2729 1
2730 0
2731 -1
2732 -2
2733 -3
2734 -4
2735 -5
2736 -6
2737 -7
2738 -8
2739 -9
2740 -10
2741 -11
2742 -12
2743 -13
2744 -14
2745 -15
2746 -16
2747 -17
2748 -18
2749 -19
2750 -20
2751 -21
2752 -22
2753 -23
2754 -24
2755 -25
2756 -26
2757 -27
2758 -28
2759 -29
2760 -30
2761 -30
2762 -30
2763 -30
2764 -30
2765 -30
2766 -30
2767 -30
2768 -30
2769 -30
2770 -30
2771 -30
2772 -30
2773 -30
2774 -30
2775 -30
2776 -30
2777 -30
2778 -30
2779 -30
2780 -30
2781 -30
2782 -30
2783 -30
2784 -30
2785 -30
2786 -30
2787 -30
2788 -30
2789 -30
2790 -30
2791 -30
2792 -29
2793 -28
2794 -27
2795 -26
2796 -25
2797 -24
2798 -23
2799 -22
2800 -21
2801 -20
2802 -19
2803 -18
2804 -17
2805 -16
2806 -15
2807 -14
2808 -13
2809 -12
2810 -11
2811 -10
2812 -9
2813 -8
2814 -7
2815 -6
2816 -5
2817 -4
2818 -3
2819 -2
2820 -1
2821 0
2822 1
2823 2
2824 3
2825 4
2826 5
2827 6
2828 7
2829 8
2830 9
2831 10
2832 11
2833 12
2834 13
2835 14
2836 15
2837 16
2838 17
2839 18
2840 19
2841 20
2842 21
2843 22
2844 23
2845 24
2846 25
2847 26
2848 27
2849 28
2850 29
2851 30
2852 31
2853 31
2854 31
2855 31
2856 31
2857 31
2858 31
2859 31
2860 31
2861 31
2862 31
2863 31
2864 31
2865 31
2866 31
2867 31
2868 31
2869 31
2870 31
2871 31
2872 31
2873 31
2874 31
2875 31
2876 31
2877 31
2878 31
2879 31
2880 31
2881 31
2882 31
2883 31
2884 30
2885 29
2886 28
2887 27
2888 26
2889 25
2890 24
2891 23
2892 22
2893 21
2894 20
2895 19
2896 18
2897 17
2898 16
2899 15
2900 14
2901 13
2902 12
2903 11
2904 10
2905 9
2906 8
2907 7
2908 6
2909 5
2910 4
2911 3
2912 2
2913 1
2914 0
2915 -1
2916 -2
2917 -3
2918 -4
2919 -5
2920 -6
2921 -7
2922 -8
2923 -9
2924 -10
2925 -11
2926 -12
2927 -13
2928 -14
2929 -15
2930 -16
2931 -17
2932 -18
2933 -19
2934 -20
2935 -21
2936 -22
2937 -23
2938 -24
2939 -25
2940 -26
2941 -27
2942 -28
2943 -29
2944 -30
2945 -31
2946 -31
2947 -31
2948 -31
2949 -31
2950 -31
2951 -31
2952 -31
2953 -31
2954 -31
2955 -31
2956 -31
2957 -31
2958 -31
2959 -31
2960 -31
2961 -31
2962 -31
2963 -31
2964 -31
2965 -31
2966 -31
2967 -31
2968 -31
2969 -31
2970 -31
2971 -31
2972 -31
2973 -31
2974 -31
2975 -31
2976 -31
2977 -31
2978 -30
2979 -29
2980 -28
2981 -27
2982 -26
2983 -25
2984 -24
2985 -23
2986 -22
2987 -21
2988 -20
2989 -19
2990 -18
2991 -17
2992 -16
2993 -15
2994 -14
2995 -13
2996 -12
2997 -11
2998 -10
2999 -9
3000 -8
3001 -7
3002 -6
3003 -5
3004 -4
3005 -3
3006 -2
3007 -1
3008 0
3009 1
3010 2
3011 3
3012 4
3013 5
3014 6
3015 7
3016 8
3017 9
3018 10
3019 11
3020 12
3021 13
3022 14
3023 15
3024 16
3025 17
3026 18
3027 19
3028 20
3029 21
3030 22
3031 23
3032 24
3033 25
3034 26
3035 27
3036 28
3037 29
3038 30
3039 31
3040 32
3041 32
3042 32
3043 32
3044 32
3045 32
3046 32
3047 32
3048 32
3049 32
3050 32
3051 32
3052 32
3053 32
3054 32
3055 32
3056 32
3057 32
3058 32
3059 32
3060 32
3061 32
3062 32
3063 32
3064 32
3065 32
3066 32
3067 32
3068 32
3069 32
3070 32
3071 32
3072 32
3073 31
3074 30
3075 29
3076 28
3077 27
3078 26
3079 25
3080 24
3081 23
3082 22
3083 21
3084 20
3085 19
3086 18
3087 17
3088 16
3089 15
3090 14
3091 13
3092 12
3093 11
3094 10
3095 9
3096 8
3097 7
3098 6
3099 5
3100 4
3101 3
3102 2
3103 1
3104 0
3105 -1
3106 -2
3107 -3
3108 -4
3109 -5
3110 -6
3111 -7
3112 -8
3113 -9
3114 -10
3115 -11
3116 -12
3117 -13
3118 -14
3119 -15
3120 -16
3121 -17
3122 -18
3123 -19
3124 -20
3125 -21
3126 -22
3127 -23
3128 -24
3129 -25
3130 -26
3131 -27
3132 -28
3133 -29
3134 -30
3135 -31
3136 -32
3137 -32
3138 -32
3139 -32
3140 -32
3141 -32
3142 -32
3143 -32
3144 -32
3145 -32
3146 -32
3147 -32
3148 -32
3149 -32
3150 -32
3151 -32
3152 -32
3153 -32
3154 -32
3155 -32
3156 -32
3157 -32
3158 -32
3159 -32
3160 -32
3161 -32
3162 -32
3163 -32
3164 -32
3165 -32
3166 -32
3167 -32
3168 -32
3169 -32
3170 -31
3171 -30
3172 -29
3173 -28
3174 -27
3175 -26
3176 -25
3177 -24
3178 -23
3179 -22
3180 -21
3181 -20
3182 -19
3183 -18
3184 -17
3185 -16
3186 -15
3187 -14
3188 -13
3189 -12
3190 -11
3191 -10
3192 -9
3193 -8
3194 -7
3195 -6
3196 -5
3197 -4
3198 -3
3199 -2
3200 -1
3201 0
3202 1
3203 2
3204 3
3205 4
3206 5
3207 6
3208 7
3209 8
3210 9
3211 10
3212 11
3213 12
3214 13
3215 14
3216 15
3217 16
3218 17
3219 18
3220 19
3221 20
3222 21
3223 22
3224 23
3225 24
3226 25
3227 26
3228 27
3229 28
3230 29
3231 30
3232 31
3233 32
3234 33
3235 33
3236 33
3237 33
3238 33
3239 33
3240 33
3241 33
3242 33
3243 33
3244 33
3245 33
3246 33
3247 33
3248 33
3249 33
3250 33
3251 33
3252 33
3253 33
3254 33
3255 33
3256 33
3257 33
3258 33
3259 33
3260 33
3261 33
3262 33
3263 33
3264 33
3265 33
3266 33
3267 33
3268 32
3269 31
3270 30
3271 29
3272 28
3273 27
3274 26
3275 25
3276 24
3277 23
3278 22
3279 21
3280 20
3281 19
3282 18
3283 17
3284 16
3285 15
3286 14
3287 13
3288 12
3289 11
3290 10
3291 9
3292 8
3293 7
3294 6
3295 5
3296 4
3297 3
3298 2
3299 1
3300 0
3301 -1
3302 -2
3303 -3
3304 -4
3305 -5
3306 -6
3307 -7
3308 -8
3309 -9
3310 -10
3311 -11
3312 -12
3313 -13
3314 -14
3315 -15
3316 -16
3317 -17
3318 -18
3319 -19
3320 -20
3321 -21
3322 -22
3323 -23
3324 -24
3325 -25
3326 -26
3327 -27
3328 -28
3329 -29
3330 -30
3331 -31
3332 -32
3333 -33
3334 -33
3335 -33
3336 -33
3337 -33
3338 -33
3339 -33
3340 -33
3341 -33
3342 -33
3343 -33
3344 -33
3345 -33
3346 -33
3347 -33
3348 -33
3349 -33
3350 -33
3351 -33
3352 -33
3353 -33
3354 -33
3355 -33
3356 -33
3357 -33
3358 -33
3359 -33
3360 -33
3361 -33
3362 -33
3363 -33
3364 -33
3365 -33
3366 -33
3367 -33
3368 -32
3369 -31
3370 -30
3371 -29
3372 -28
3373 -27
3374 -26
3375 -25
3376 -24
3377 -23
3378 -22
3379 -21
3380 -20
3381 -19
3382 -18
3383 -17
3384 -16
3385 -15
3386 -14
3387 -13
3388 -12
3389 -11
3390 -10
3391 -9
3392 -8
3393 -7
3394 -6
3395 -5
3396 -4
3397 -3
3398 -2
3399 -1
3400 0
3401 1
3402 2
3403 3
3404 4
3405 5
3406 6
3407 7
3408 8
3409 9
3410 10
3411 11
3412 12
3413 13
3414 14
3415 15
3416 16
3417 17
3418 18
3419 19
3420 20
3421 21
3422 22
3423 23
3424 24
3425 25
3426 26
3427 27
3428 28
3429 29
3430 30
3431 31
3432 32
3433 33
3434 34
3435 34
3436 34
3437 34
3438 34
3439 34
3440 34
3441 34
3442 34
3443 34
3444 34
3445 34
3446 34
3447 34
3448 34
3449 34
3450 34
3451 34
3452 34
3453 34
3454 34
3455 34
3456 34
3457 34
3458 34
3459 34
3460 34
3461 34
3462 34
3463 34
3464 34
3465 34
3466 34
3467 34
3468 34
3469 33
3470 32
3471 31
3472 30
3473 29
3474 28
3475 27
3476 26
3477 25
3478 24
3479 23
3480 22
3481 21
3482 20
3483 19
3484 18
3485 17
3486 16
3487 15
3488 14
3489 13
3490 12
3491 11
3492 10
3493 9
3494 8
3495 7
3496 6
3497 5
3498 4
3499 3
3500 2
3501 1
3502 0
3503 -1
3504 -2
3505 -3
3506 -4
3507 -5
3508 -6
3509 -7
3510 -8
3511 -9
3512 -10
3513 -11
3514 -12
3515 -13
3516 -14
3517 -15
3518 -16
3519 -17
3520 -18
3521 -19
3522 -20
3523 -21
3524 -22
3525 -23
3526 -24
3527 -25
3528 -26
3529 -27
3530 -28
3531 -29
3532 -30
3533 -31
3534 -32
3535 -33
3536 -34
3537 -34
3538 -34
3539 -34
3540 -34
3541 -34
3542 -34
3543 -34
3544 -34
3545 -34
3546 -34
3547 -34
3548 -34
3549 -34
3550 -34
3551 -34
3552 -34
3553 -34
3554 -34
3555 -34
3556 -34
3557 -34
3558 -34
3559 -34
3560 -34
3561 -34
3562 -34
3563 -34
3564 -34
3565 -34
3566 -34
3567 -34
3568 -34
3569 -34
3570 -34
3571 -34
3572 -33
3573 -32
3574 -31
3575 -30
3576 -29
3577 -28
3578 -27
3579 -26
3580 -25
3581 -24
3582 -23
3583 -22
3584 -21
3585 -20
3586 -19
3587 -18
3588 -17
3589 -16
3590 -15
3591 -14
3592 -13
3593 -12
3594 -11
3595 -10
3596 -9
3597 -8
3598 -7
3599 -6
3600 -5
3601 -4
3602 -3
3603 -2
3604 -1
3605 0
3606 1
3607 2
3608 3
3609 4
3610 5
3611 6
3612 7
3613 8
3614 9
3615 10
3616 11
3617 12
3618 13
3619 14
3620 15
3621 16
3622 17
3623 18
3624 19
3625 20
3626 21
3627 22
3628 23
3629 24
3630 25
3631 26
3632 27
3633 28
3634 29
3635 30
3636 31
3637 32
3638 33
3639 34
3640 35
3641 35
3642 35
3643 35
3644 35
3645 35
3646 35
3647 35
3648 35
3649 35
3650 35
3651 35
3652 35
3653 35
3654 35
3655 35
3656 35
3657 35
3658 35
3659 35
3660 35
3661 35
3662 35
3663 35
3664 35
3665 35
3666 35
3667 35
3668 35
3669 35
3670 35
3671 35
3672 35
3673 35
3674 35
3675 35
3676 34
3677 33
3678 32
3679 31
3680 30
3681 29
3682 28
3683 27
3684 26
3685 25
3686 24
3687 23
3688 22
3689 21
3690 20
3691 19
3692 18
3693 17
3694 16
3695 15
3696 14
3697 13
3698 12
3699 11
3700 10
3701 9
3702 8
3703 7
3704 6
3705 5
3706 4
3707 3
3708 2
3709 1
3710 0
3711 -1
3712 -2
3713 -3
3714 -4
3715 -5
3716 -6
3717 -7
3718 -8
3719 -9
3720 -10
3721 -11
3722 -12
3723 -13
3724 -14
3725 -15
3726 -16
3727 -17
3728 -18
3729 -19
3730 -20
3731 -21
3732 -22
3733 -23
3734 -24
3735 -25
3736 -26
3737 -27
3738 -28
3739 -29
3740 -30
3741 -31
3742 -32
3743 -33
3744 -34
3745 -35
3746 -35
3747 -35
3748 -35
3749 -35
3750 -35
3751 -35
3752 -35
3753 -35
3754 -35
3755 -35
3756 -35
3757 -35
3758 -35
3759 -35
3760 -35
3761 -35
3762 -35
3763 -35
3764 -35
3765 -35
3766 -35
3767 -35
3768 -35
3769 -35
3770 -35
3771 -35
3772 -35
3773 -35
3774 -35
3775 -35
3776 -35
3777 -35
3778 -35
3779 -35
3780 -35
3781 -35
3782 -34
3783 -33
3784 -32
3785 -31
3786 -30
3787 -29
3788 -28
3789 -27
3790 -26
3791 -25
3792 -24
3793 -23
3794 -22
3795 -21
3796 -20
3797 -19
3798 -18
3799 -17
3800 -16
3801 -15
3802 -14
3803 -13
3804 -12
3805 -11
3806 -10
3807 -9
3808 -8
3809 -7
3810 -6
3811 -5
3812 -4
3813 -3
3814 -2
3815 -1
3816 0
3817 1
3818 2
3819 3
3820 4
3821 5
3822 6
3823 7
3824 8
3825 9
3826 10
3827 11
3828 12
3829 13
3830 14
3831 15
3832 16
3833 17
3834 18
3835 19
3836 20
3837 21
3838 22
3839 23
3840 24
3841 25
3842 26
3843 27
3844 28
3845 29
3846 30
3847 31
3848 32
3849 33
3850 34
3851 35
3852 36
3853 36
3854 36
3855 36
3856 36
3857 36
3858 36
3859 36
3860 36
3861 36
3862 36
3863 36
3864 36
3865 36
3866 36
3867 36
3868 36
3869 36
3870 36
3871 36
3872 36
3873 36
3874 36
3875 36
3876 36
3877 36
3878 36
3879 36
3880 36
3881 36
3882 36
3883 36
3884 36
3885 36
3886 36
3887 36
3888 36
3889 35
3890 34
3891 33
3892 32
3893 31
3894 30
3895 29
3896 28
3897 27
3898 26
3899 25
3900 24
3901 23
3902 22
3903 21
3904 20
3905 19
3906 18
3907 17
3908 16
3909 15
3910 14
3911 13
3912 12
3913 11
3914 10
3915 9
3916 8
3917 7
3918 6
3919 5
3920 4
3921 3
3922 2
3923 1
3924 0
3925 -1
3926 -2
3927 -3
3928 -4
3929 -5
3930 -6
3931 -7
3932 -8
3933 -9
3934 -10
3935 -11
3936 -12
3937 -13
3938 -14
3939 -15
3940 -16
3941 -17
3942 -18
3943 -19
3944 -20
3945 -21
3946 -22
3947 -23
3948 -24
3949 -25
3950 -26
3951 -27
3952 -28
3953 -29
3954 -30
3955 -31
3956 -32
3957 -33
3958 -34
3959 -35
3960 -36
3961 -36
3962 -36
3963 -36
3964 -36
3965 -36
3966 -36
3967 -36
3968 -36
3969 -36
3970 -36
3971 -36
3972 -36
3973 -36
3974 -36
3975 -36
3976 -36
3977 -36
3978 -36
3979 -36
3980 -36
3981 -36
3982 -36
3983 -36
3984 -36
3985 -36
3986 -36
3987 -36
3988 -36
3989 -36
3990 -36
3991 -36
3992 -36
3993 -36
3994 -36
3995 -36
3996 -36
3997 -36
3998 -35
3999 -34
4000 -33
4001 -32
4002 -31
4003 -30
4004 -29
4005 -28
4006 -27
4007 -26
4008 -25
4009 -24
4010 -23
4011 -22
4012 -21
4013 -20
4014 -19
4015 -18
4016 -17
4017 -16
4018 -15
4019 -14
4020 -13
4021 -12
4022 -11
4023 -10
4024 -9
4025 -8
4026 -7
4027 -6
4028 -5
4029 -4
4030 -3
4031 -2
4032 -1
4033 0
4034 1
4035 2
4036 3
4037 4
4038 5
4039 6
4040 7
4041 8
4042 9
4043 10
4044 11
4045 12
4046 13
4047 14
4048 15
4049 16
4050 17
4051 18
4052 19
4053 20
4054 21
4055 22
4056 23
4057 24
4058 25
4059 26
4060 27
4061 28
4062 29
4063 30
4064 31
4065 32
4066 33
4067 34
4068 35
4069 36
4070 37
4071 37
4072 37
4073 37
4074 37
4075 37
4076 37
4077 37
4078 37
4079 37
4080 37
4081 37
4082 37
4083 37
4084 37
4085 37
4086 37
4087 37
4088 37
4089 37
4090 37
4091 37
4092 37
4093 37
4094 37
4095 37
4096 37
4097 37
4098 37
4099 37
4100 37
4101 37
4102 37
4103 37
4104 37
4105 37
4106 37
4107 37
4108 36
4109 35
4110 34
4111 33
4112 32
4113 31
4114 30
4115 29
4116 28
4117 27
4118 26
4119 25
4120 24
4121 23
4122 22
4123 21
4124 20
4125 19
4126 18
4127 17
4128 16
4129 15
4130 14
4131 13
4132 12
4133 11
4134 10
4135 9
4136 8
4137 7
4138 6
4139 5
4140 4
4141 3
4142 2
4143 1
4144 0
4145 -1
4146 -2
4147 -3
4148 -4
4149 -5
4150 -6
4151 -7
4152 -8
4153 -9
4154 -10
4155 -11
4156 -12
4157 -13
4158 -14
4159 -15
4160 -16
4161 -17
4162 -18
4163 -19
4164 -20
4165 -21
4166 -22
4167 -23
4168 -24
4169 -25
4170 -26
4171 -27
4172 -28
4173 -29
4174 -30
4175 -31
4176 -32
4177 -33
4178 -34
4179 -35
4180 -36
4181 -37
4182 -37
4183 -37
4184 -37
4185 -37
4186 -37
4187 -37
4188 -37
4189 -37
4190 -37
4191 -37
4192 -37
4193 -37
4194 -37
4195 -37
4196 -37
4197 -37
4198 -37
4199 -37
4200 -37
4201 -37
4202 -37
4203 -37
4204 -37
4205 -37
4206 -37
4207 -37
4208 -37
4209 -37
4210 -37
4211 -37
4212 -37
4213 -37
4214 -37
4215 -37
4216 -37
4217 -37
4218 -37
4219 -37
4220 -36
4221 -35
4222 -34
4223 -33
4224 -32
4225 -31
4226 -30
4227 -29
4228 -28
4229 -27
4230 -26
4231 -25
4232 -24
4233 -23
4234 -22
4235 -21
4236 -20
4237 -19
4238 -18
4239 -17
4240 -16
4241 -15
4242 -14
4243 -13
4244 -12
4245 -11
4246 -10
4247 -9
4248 -8
4249 -7
4250 -6
4251 -5
4252 -4
4253 -3
4254 -2
4255 -1
4256 0
4257 1
4258 2
4259 3
4260 4
4261 5
4262 6
4263 7
4264 8
4265 9
4266 10
4267 11
4268 12
4269 13
4270 14
4271 15
4272 16
4273 17
4274 18
4275 19
4276 20
4277 21
4278 22
4279 23
4280 24
4281 25
4282 26
4283 27
4284 28
4285 29
4286 30
4287 31
4288 32
4289 33
4290 34
4291 35
4292 36
4293 37
4294 38
4295 38
4296 38
4297 38
4298 38
4299 38
4300 38
4301 38
4302 38
4303 38
4304 38
4305 38
4306 38
4307 38
4308 38
4309 38
4310 38
4311 38
4312 38
4313 38
4314 38
4315 38
4316 38
4317 38
4318 38
4319 38
4320 38
4321 38
4322 38
4323 38
4324 38
4325 38
4326 38
4327 38
4328 38
4329 38
4330 38
4331 38
4332 38
4333 37
4334 36
4335 35
4336 34
4337 33
4338 32
4339 31
4340 30
4341 29
4342 28
4343 27
4344 26
4345 25
4346 24
4347 23
4348 22
4349 21
4350 20
4351 19
4352 18
4353 17
4354 16
4355 15
4356 14
4357 13
4358 12
4359 11
4360 10
4361 9
4362 8
4363 7
4364 6
4365 5
4366 4
4367 3
4368 2
4369 1
4370 0
4371 -1
4372 -2
4373 -3
4374 -4
4375 -5
4376 -6
4377 -7
4378 -8
4379 -9
4380 -10
4381 -11
4382 -12
4383 -13
4384 -14
4385 -15
4386 -16
4387 -17
4388 -18
4389 -19
4390 -20
4391 -21
4392 -22
4393 -23
4394 -24
4395 -25
4396 -26
4397 -27
4398 -28
4399 -29
4400 -30
4401 -31
4402 -32
4403 -33
4404 -34
4405 -35
4406 -36
4407 -37
4408 -38
4409 -38
4410 -38
4411 -38
4412 -38
4413 -38
4414 -38
4415 -38
4416 -38
4417 -38
4418 -38
4419 -38
4420 -38
4421 -38
4422 -38
4423 -38
4424 -38
4425 -38
4426 -38
4427 -38
4428 -38
4429 -38
4430 -38
4431 -38
4432 -38
4433 -38
4434 -38
4435 -38
4436 -38
4437 -38
4438 -38
4439 -38
4440 -38
4441 -38
4442 -38
4443 -38
4444 -38
4445 -38
4446 -38
4447 -38
4448 -37
4449 -36
4450 -35
4451 -34
4452 -33
4453 -32
4454 -31
4455 -30
4456 -29
4457 -28
4458 -27
4459 -26
4460 -25
4461 -24
4462 -23
4463 -22
4464 -21
4465 -20
4466 -19
4467 -18
4468 -17
4469 -16
4470 -15
4471 -14
4472 -13
4473 -12
4474 -11
4475 -10
4476 -9
4477 -8
4478 -7
4479 -6
4480 -5
4481 -4
4482 -3
4483 -2
4484 -1
4485 0
4486 1
4487 2
4488 3
4489 4
4490 5
4491 6
4492 7
4493 8
4494 9
4495 10
4496 11
4497 12
4498 13
4499 14
4500 15
4501 16
4502 17
4503 18
4504 19
4505 20
4506 21
4507 22
4508 23
4509 24
4510 25
4511 26
4512 27
4513 28
4514 29
4515 30
4516 31
4517 32
4518 33
4519 34
4520 35
4521 36
4522 37
4523 38
4524 39
4525 39
4526 39
4527 39
4528 39
4529 39
4530 39
4531 39
4532 39
4533 39
4534 39
4535 39
4536 39
4537 39
4538 39
4539 39
4540 39
4541 39
4542 39
4543 39
4544 39
4545 39
4546 39
4547 39
4548 39
4549 39
4550 39
4551 39
4552 39
4553 39
4554 39
4555 39
4556 39
4557 39
4558 39
4559 39
4560 39
4561 39
4562 39
4563 39
4564 38
4565 37
4566 36
4567 35
4568 34
4569 33
4570 32
4571 31
4572 30
4573 29
4574 28
4575 27
4576 26
4577 25
4578 24
4579 23
4580 22
4581 21
4582 20
4583 19
4584 18
4585 17
4586 16
4587 15
4588 14
4589 13
4590 12
4591 11
4592 10
4593 9
4594 8
4595 7
4596 6
4597 5
4598 4
4599 3
4600 2
4601 1
4602 0
4603 -1
4604 -2
4605 -3
4606 -4
4607 -5
4608 -6
4609 -7
4610 -8
4611 -9
4612 -10
4613 -11
4614 -12
4615 -13
4616 -14
4617 -15
4618 -16
4619 -17
4620 -18
4621 -19
4622 -20
4623 -21
4624 -22
4625 -23
4626 -24
4627 -25
4628 -26
4629 -27
4630 -28
4631 -29
4632 -30
4633 -31
4634 -32
4635 -33
4636 -34
4637 -35
4638 -36
4639 -37
4640 -38
4641 -39
4642 -39
4643 -39
4644 -39
4645 -39
4646 -39
4647 -39
4648 -39
4649 -39
4650 -39
4651 -39
4652 -39
4653 -39
4654 -39
4655 -39
4656 -39
4657 -39
4658 -39
4659 -39
4660 -39
4661 -39
4662 -39
4663 -39
4664 -39
4665 -39
4666 -39
4667 -39
4668 -39
4669 -39
4670 -39
4671 -39
4672 -39
4673 -39
4674 -39
4675 -39
4676 -39
4677 -39
4678 -39
4679 -39
4680 -39
4681 -39
4682 -38
4683 -37
4684 -36
4685 -35
4686 -34
4687 -33
4688 -32
4689 -31
4690 -30
4691 -29
4692 -28
4693 -27
4694 -26
4695 -25
4696 -24
4697 -23
4698 -22
4699 -21
4700 -20
4701 -19
4702 -18
4703 -17
4704 -16
4705 -15
4706 -14
4707 -13
4708 -12
4709 -11
4710 -10
4711 -9
4712 -8
4713 -7
4714 -6
4715 -5
4716 -4
4717 -3
4718 -2
4719 -1
4720 0
4721 1
4722 2
4723 3
4724 4
4725 5
4726 6
4727 7
4728 8
4729 9
4730 10
4731 11
4732 12
4733 13
4734 14
4735 15
4736 16
4737 17
4738 18
4739 19
4740 20
4741 21
4742 22
4743 23
4744 24
4745 25
4746 26
4747 27
4748 28
4749 29
4750 30
4751 31
4752 32
4753 33
4754 34
4755 35
4756 36
4757 37
4758 38
4759 39
4760 40
4761 40
4762 40
4763 40
4764 40
4765 40
4766 40
4767 40
4768 40
4769 40
4770 40
4771 40
4772 40
4773 40
4774 40
4775 40
4776 40
4777 40
4778 40
4779 40
4780 40
4781 40
4782 40
4783 40
4784 40
4785 40
4786 40
4787 40
4788 40
4789 40
4790 40
4791 40
4792 40
4793 40
4794 40
4795 40
4796 40
4797 40
4798 40
4799 40
4800 40
4801 39
4802 38
4803 37
4804 36
4805 35
4806 34
4807 33
4808 32
4809 31
4810 30
4811 29
4812 28
4813 27
4814 26
4815 25
4816 24
4817 23
4818 22
4819 21
4820 20
4821 19
4822 18
4823 17
4824 16
4825 15
4826 14
4827 13
4828 12
4829 11
4830 10
4831 9
4832 8
4833 7
4834 6
4835 5
4836 4
4837 3
4838 2
4839 1
4840 0
4841 -1
4842 -2
4843 -3
4844 -4
4845 -5
4846 -6
4847 -7
4848 -8
4849 -9
4850 -10
4851 -11
4852 -12
4853 -13
4854 -14
4855 -15
4856 -16
4857 -17
4858 -18
4859 -19
4860 -20
4861 -21
4862 -22
4863 -23
4864 -24
4865 -25
4866 -26
4867 -27
4868 -28
4869 -29
4870 -30
4871 -31
4872 -32
4873 -33
4874 -34
4875 -35
4876 -36
4877 -37
4878 -38
4879 -39
4880 -40
4881 -40
4882 -40
4883 -40
4884 -40
4885 -40
4886 -40
4887 -40
4888 -40
4889 -40
4890 -40
4891 -40
4892 -40
4893 -40
4894 -40
4895 -40
4896 -40
4897 -40
4898 -40
4899 -40
4900 -40
4901 -40
4902 -40
4903 -40
4904 -40
4905 -40
4906 -40
4907 -40
4908 -40
4909 -40
4910 -40
4911 -40
4912 -40
4913 -40
4914 -40
4915 -40
4916 -40
4917 -40
4918 -40
4919 -40
4920 -40
4921 -40
4922 -39
4923 -38
4924 -37
4925 -36
4926 -35
4927 -34
4928 -33
4929 -32
4930 -31
4931 -30
4932 -29
4933 -28
4934 -27
4935 -26
4936 -25
4937 -24
4938 -23
4939 -22
4940 -21
4941 -20
4942 -19
4943 -18
4944 -17
4945 -16
4946 -15
4947 -14
4948 -13
4949 -12
4950 -11
4951 -10
4952 -9
4953 -8
4954 -7
4955 -6
4956 -5
4957 -4
4958 -3
4959 -2
4960 -1
4961 0
4962 1
4963 2
4964 3
4965 4
4966 5
4967 6
4968 7
4969 8
4970 9
4971 10
4972 11
4973 12
4974 13
4975 14
4976 15
4977 16
4978 17
4979 18
4980 19
4981 20
4982 21
4983 22
4984 23
4985 24
4986 25
4987 26
4988 27
4989 28
4990 29
4991 30
4992 31
4993 32
4994 33
4995 34
4996 35
4997 36
4998 37
4999 38
5000 39
5001 40
5002 41
5003 41
5004 41
5005 41
5006 41
5007 41
5008 41
5009 41
5010 41
5011 41
5012 41
5013 41
5014 41
5015 41
5016 41
5017 41
5018 41
5019 41
5020 41
5021 41
5022 41
5023 41
5024 41
5025 41
5026 41
5027 41
5028 41
5029 41
5030 41
5031 41
5032 41
5033 41
5034 41
5035 41
5036 41
5037 41
5038 41
5039 41
5040 41
5041 41
5042 41
5043 41
5044 40
5045 39
5046 38
5047 37
5048 36
5049 35
5050 34
5051 33
5052 32
5053 31
5054 30
5055 29
5056 28
5057 27
5058 26
5059 25
5060 24
5061 23
5062 22
5063 21
5064 20
5065 19
5066 18
5067 17
5068 16
5069 15
5070 14
5071 13
5072 12
5073 11
5074 10
5075 9
5076 8
5077 7
5078 6
5079 5
5080 4
5081 3
5082 2
5083 1
5084 0
5085 -1
5086 -2
5087 -3
5088 -4
5089 -5
5090 -6
5091 -7
5092 -8
5093 -9
5094 -10
5095 -11
5096 -12
5097 -13
5098 -14
5099 -15
5100 -16
5101 -17
5102 -18
5103 -19
5104 -20
5105 -21
5106 -22
5107 -23
5108 -24
5109 -25
5110 -26
5111 -27
5112 -28
5113 -29
5114 -30
5115 -31
5116 -32
5117 -33
5118 -34
5119 -35
5120 -36
5121 -37
5122 -38
5123 -39
5124 -40
5125 -41
5126 -41
5127 -41
5128 -41
5129 -41
5130 -41
5131 -41
5132 -41
5133 -41
5134 -41
5135 -41
5136 -41
5137 -41
5138 -41
5139 -41
5140 -41
5141 -41
5142 -41
5143 -41
5144 -41
5145 -41
5146 -41
5147 -41
5148 -41
5149 -41
5150 -41
5151 -41
5152 -41
5153 -41
5154 -41
5155 -41
5156 -41
5157 -41
5158 -41
5159 -41
5160 -41
5161 -41
5162 -41
5163 -41
5164 -41
5165 -41
5166 -41
5167 -41
5168 -40
5169 -39
5170 -38
5171 -37
5172 -36
5173 -35
5174 -34
5175 -33
5176 -32
5177 -31
5178 -30
5179 -29
5180 -28
5181 -27
5182 -26
5183 -25
5184 -24
5185 -23
5186 -22
5187 -21
5188 -20
5189 -19
5190 -18
5191 -17
5192 -16
5193 -15
5194 -14
5195 -13
5196 -12
5197 -11
5198 -10
5199 -9
5200 -8
5201 -7
5202 -6
5203 -5
5204 -4
5205 -3
5206 -2
5207 -1
5208 0
5209 1
5210 2
5211 3
5212 4
5213 5
5214 6
5215 7
5216 8
5217 9
5218 10
5219 11
5220 12
5221 13
5222 14
5223 15
5224 16
5225 17
5226 18
5227 19
5228 20
5229 21
5230 22
5231 23
5232 24
5233 25
5234 26
5235 27
5236 28
5237 29
5238 30
5239 31
5240 32
5241 33
5242 34
5243 35
5244 36
5245 37
5246 38
5247 39
5248 40
5249 41
5250 42
5251 42
5252 42
5253 42
5254 42
5255 42
5256 42
5257 42
5258 42
5259 42
5260 42
5261 42
5262 42
5263 42
5264 42
5265 42
5266 42
5267 42
5268 42
5269 42
5270 42
5271 42
5272 42
5273 42
5274 42
5275 42
5276 42
5277 42
5278 42
5279 42
5280 42
5281 42
5282 42
5283 42
5284 42
5285 42
5286 42
5287 42
5288 42
5289 42
5290 42
5291 42
5292 42
5293 41
5294 40
5295 39
5296 38
5297 37
5298 36
5299 35
5300 34
5301 33
5302 32
5303 31
5304 30
5305 29
5306 28
5307 27
5308 26
5309 25
5310 24
5311 23
5312 22
5313 21
5314 20
5315 19
5316 18
5317 17
5318 16
5319 15
5320 14
5321 13
5322 12
5323 11
5324 10
5325 9
5326 8
5327 7
5328 6
5329 5
5330 4
5331 3
5332 2
5333 1
5334 0
5335 -1
5336 -2
5337 -3
5338 -4
5339 -5
5340 -6
5341 -7
5342 -8
5343 -9
5344 -10
5345 -11
5346 -12
5347 -13
5348 -14
5349 -15
5350 -16
5351 -17
5352 -18
5353 -19
5354 -20
5355 -21
5356 -22
5357 -23
5358 -24
5359 -25
5360 -26
5361 -27
5362 -28
5363 -29
5364 -30
5365 -31
5366 -32
5367 -33
5368 -34
5369 -35
5370 -36
5371 -37
5372 -38
5373 -39
5374 -40
5375 -41
5376 -42
5377 -42
5378 -42
5379 -42
5380 -42
5381 -42
5382 -42
5383 -42
5384 -42
5385 -42
5386 -42
5387 -42
5388 -42
5389 -42
5390 -42
5391 -42
5392 -42
5393 -42
5394 -42
5395 -42
5396 -42
5397 -42
5398 -42
5399 -42
5400 -42
5401 -42
5402 -42
5403 -42
5404 -42
5405 -42
5406 -42
5407 -42
5408 -42
5409 -42
5410 -42
5411 -42
5412 -42
5413 -42
5414 -42
5415 -42
5416 -42
5417 -42
5418 -42
5419 -42
5420 -41
5421 -40
5422 -39
5423 -38
5424 -37
5425 -36
5426 -35
5427 -34
5428 -33
5429 -32
5430 -31
5431 -30
5432 -29
5433 -28
5434 -27
5435 -26
5436 -25
5437 -24
5438 -23
5439 -22
5440 -21
5441 -20
5442 -19
5443 -18
5444 -17
5445 -16
5446 -15
5447 -14
5448 -13
5449 -12
5450 -11
5451 -10
5452 -9
5453 -8
5454 -7
5455 -6
5456 -5
5457 -4
5458 -3
5459 -2
5460 -1
5461 0
5462 1
5463 2
5464 3
5465 4
5466 5
5467 6
5468 7
5469 8
5470 9
5471 10
5472 11
5473 12
5474 13
5475 14
5476 15
5477 16
5478 17
5479 18
5480 19
5481 20
5482 21
5483 22
5484 23
5485 24
5486 25
5487 26
5488 27
5489 28
5490 29
5491 30
5492 31
5493 32
5494 33
5495 34
5496 35
5497 36
5498 37
5499 38
5500 39
5501 40
5502 41
5503 42
5504 43
5505 43
5506 43
5507 43
5508 43
5509 43
5510 43
5511 43
5512 43
5513 43
5514 43
5515 43
5516 43
5517 43
5518 43
5519 43
5520 43
5521 43
5522 43
5523 43
5524 43
5525 43
5526 43
5527 43
5528 43
5529 43
5530 43
5531 43
5532 43
5533 43
5534 43
5535 43
5536 43
5537 43
5538 43
5539 43
5540 43
5541 43
5542 43
5543 43
5544 43
5545 43
5546 43
5547 43
5548 42
5549 41
5550 40
5551 39
5552 38
5553 37
5554 36
5555 35
5556 34
5557 33
5558 32
5559 31
5560 30
5561 29
5562 28
5563 27
5564 26
5565 25
5566 24
5567 23
5568 22
5569 21
5570 20
5571 19
5572 18
5573 17
5574 16
5575 15
5576 14
5577 13
5578 12
5579 11
5580 10
5581 9
5582 8
5583 7
5584 6
5585 5
5586 4
5587 3
5588 2
5589 1
5590 0
5591 -1
5592 -2
5593 -3
5594 -4
5595 -5
5596 -6
5597 -7
5598 -8
5599 -9
5600 -10
5601 -11
5602 -12
5603 -13
5604 -14
5605 -15
5606 -16
5607 -17
5608 -18
5609 -19
5610 -20
5611 -21
5612 -22
5613 -23
5614 -24
5615 -25
5616 -26
5617 -27
5618 -28
5619 -29
5620 -30
5621 -31
5622 -32
5623 -33
5624 -34
5625 -35
5626 -36
5627 -37
5628 -38
5629 -39
5630 -40
5631 -41
5632 -42
5633 -43
5634 -43
5635 -43
5636 -43
5637 -43
5638 -43
5639 -43
5640 -43
5641 -43
5642 -43
5643 -43
5644 -43
5645 -43
5646 -43
5647 -43
5648 -43
5649 -43
5650 -43
5651 -43
5652 -43
5653 -43
5654 -43
5655 -43
5656 -43
5657 -43
5658 -43
5659 -43
5660 -43
5661 -43
5662 -43
5663 -43
5664 -43
5665 -43
5666 -43
5667 -43
5668 -43
5669 -43
5670 -43
5671 -43
5672 -43
5673 -43
5674 -43
5675 -43
5676 -43
5677 -43
5678 -42
5679 -41
5680 -40
5681 -39
5682 -38
5683 -37
5684 -36
5685 -35
5686 -34
5687 -33
5688 -32
5689 -31
5690 -30
5691 -29
5692 -28
5693 -27
5694 -26
5695 -25
5696 -24
5697 -23
5698 -22
5699 -21
5700 -20
5701 -19
5702 -18
5703 -17
5704 -16
5705 -15
5706 -14
5707 -13
5708 -12
5709 -11
5710 -10
5711 -9
5712 -8
5713 -7
5714 -6
5715 -5
5716 -4
5717 -3
5718 -2
5719 -1
5720 0
5721 1
5722 2
5723 3
5724 4
5725 5
5726 6
5727 7
5728 8
5729 9
5730 10
5731 11
5732 12
5733 13
5734 14
5735 15
5736 16
5737 17
5738 18
5739 19
5740 20
5741 21
5742 22
5743 23
5744 24
5745 25
5746 26
5747 27
5748 28
5749 29
5750 30
5751 31
5752 32
5753 33
5754 34
5755 35
5756 36
5757 37
5758 38
5759 39
5760 40
5761 41
5762 42
5763 43
5764 44
5765 44
5766 44
5767 44
5768 44
5769 44
5770 44
5771 44
5772 44
5773 44
5774 44
5775 44
5776 44
5777 44
5778 44
5779 44
5780 44
5781 44
5782 44
5783 44
5784 44
5785 44
5786 44
5787 44
5788 44
5789 44
5790 44
5791 44
5792 44
5793 44
5794 44
5795 44
5796 44
5797 44
5798 44
5799 44
5800 44
5801 44
5802 44
5803 44
5804 44
5805 44
5806 44
5807 44
5808 44
5809 43
5810 42
5811 41
5812 40
5813 39
5814 38
5815 37
5816 36
5817 35
5818 34
5819 33
5820 32
5821 31
5822 30
5823 29
5824 28
5825 27
5826 26
5827 25
5828 24
5829 23
5830 22
5831 21
5832 20
5833 19
5834 18
5835 17
5836 16
5837 15
5838 14
5839 13
5840 12
5841 11
5842 10
5843 9
5844 8
5845 7
5846 6
5847 5
5848 4
5849 3
5850 2
5851 1
5852 0
5853 -1
5854 -2
5855 -3
5856 -4
5857 -5
5858 -6
5859 -7
5860 -8
5861 -9
5862 -10
5863 -11
5864 -12
5865 -13
5866 -14
5867 -15
5868 -16
5869 -17
5870 -18
5871 -19
5872 -20
5873 -21
5874 -22
5875 -23
5876 -24
5877 -25
5878 -26
5879 -27
5880 -28
5881 -29
5882 -30
5883 -31
5884 -32
5885 -33
5886 -34
5887 -35
5888 -36
5889 -37
5890 -38
5891 -39
5892 -40
5893 -41
5894 -42
5895 -43
5896 -44
5897 -44
5898 -44
5899 -44
5900 -44
5901 -44
5902 -44
5903 -44
5904 -44
5905 -44
5906 -44
5907 -44
5908 -44
5909 -44
5910 -44
5911 -44
5912 -44
5913 -44
5914 -44
5915 -44
5916 -44
5917 -44
5918 -44
5919 -44
5920 -44
5921 -44
5922 -44
5923 -44
5924 -44
5925 -44
5926 -44
5927 -44
5928 -44
5929 -44
5930 -44
5931 -44
5932 -44
5933 -44
5934 -44
5935 -44
5936 -44
5937 -44
5938 -44
5939 -44
5940 -44
5941 -44
5942 -43
5943 -42
5944 -41
5945 -40
5946 -39
5947 -38
5948 -37
5949 -36
5950 -35
5951 -34
5952 -33
5953 -32
5954 -31
5955 -30
5956 -29
5957 -28
5958 -27
5959 -26
5960 -25
5961 -24
5962 -23
5963 -22
5964 -21
5965 -20
5966 -19
5967 -18
5968 -17
5969 -16
5970 -15
5971 -14
5972 -13
5973 -12
5974 -11
5975 -10
5976 -9
5977 -8
5978 -7
5979 -6
5980 -5
5981 -4
5982 -3
5983 -2
5984 -1
5985 0
5986 1
5987 2
5988 3
5989 4
5990 5
5991 6
5992 7
5993 8
5994 9
5995 10
5996 11
5997 12
5998 13
5999 14
6000 15
6001 16
6002 17
6003 18
6004 19
6005 20
6006 21
6007 22
6008 23
6009 24
6010 25
6011 26
6012 27
6013 28
6014 29
6015 30
6016 31
6017 32
6018 33
6019 34
6020 35
6021 36
6022 37
6023 38
6024 39
6025 40
6026 41
6027 42
6028 43
6029 44
6030 45
6031 45
6032 45
6033 45
6034 45
6035 45
6036 45
6037 45
6038 45
6039 45
6040 45
6041 45
6042 45
6043 45
6044 45
6045 45
6046 45
6047 45
6048 45
6049 45
6050 45
6051 45
6052 45
6053 45
6054 45
6055 45
6056 45
6057 45
6058 45
6059 45
6060 45
6061 45
6062 45
6063 45
6064 45
6065 45
6066 45
6067 45
6068 45
6069 45
6070 45
6071 45
6072 45
6073 45
6074 45
6075 45
6076 44
6077 43
6078 42
6079 41
6080 40
6081 39
6082 38
6083 37
6084 36
6085 35
6086 34
6087 33
6088 32
6089 31
6090 30
6091 29
6092 28
6093 27
6094 26
6095 25
6096 24
6097 23
6098 22
6099 21
6100 20
6101 19
6102 18
6103 17
6104 16
6105 15
6106 14
6107 13
6108 12
6109 11
6110 10
6111 9
6112 8
6113 7
6114 6
6115 5
6116 4
6117 3
6118 2
6119 1
6120 0
6121 -1
6122 -2
6123 -3
6124 -4
6125 -5
6126 -6
6127 -7
6128 -8
6129 -9
6130 -10
6131 -11
6132 -12
6133 -13
6134 -14
6135 -15
6136 -16
6137 -17
6138 -18
6139 -19
6140 -20
6141 -21
6142 -22
6143 -23
6144 -24
6145 -25
6146 -26
6147 -27
6148 -28
6149 -29
6150 -30
6151 -31
6152 -32
6153 -33
6154 -34
6155 -35
6156 -36
6157 -37
6158 -38
6159 -39
6160 -40
6161 -41
6162 -42
6163 -43
6164 -44
6165 -45
6166 -45
6167 -45
6168 -45
6169 -45
6170 -45
6171 -45
6172 -45
6173 -45
6174 -45
6175 -45
6176 -45
6177 -45
6178 -45
6179 -45
6180 -45
6181 -45
6182 -45
6183 -45
6184 -45
6185 -45
6186 -45
6187 -45
6188 -45
6189 -45
6190 -45
6191 -45
6192 -45
6193 -45
6194 -45
6195 -45
6196 -45
6197 -45
6198 -45
6199 -45
6200 -45
6201 -45
6202 -45
6203 -45
6204 -45
6205 -45
6206 -45
6207 -45
6208 -45
6209 -45
6210 -45
6211 -45
6212 -44
6213 -43
6214 -42
6215 -41
6216 -40
6217 -39
6218 -38
6219 -37
6220 -36
6221 -35
6222 -34
6223 -33
6224 -32
6225 -31
6226 -30
6227 -29
6228 -28
6229 -27
6230 -26
6231 -25
6232 -24
6233 -23
6234 -22
6235 -21
6236 -20
6237 -19
6238 -18
6239 -17
6240 -16
6241 -15
6242 -14
6243 -13
6244 -12
6245 -11
6246 -10
6247 -9
6248 -8
6249 -7
6250 -6
6251 -5
6252 -4
6253 -3
6254 -2
6255 -1
6256 0
6257 1
6258 2
6259 3
6260 4
6261 5
6262 6
6263 7
6264 8
6265 9
6266 10
6267 11
6268 12
6269 13
6270 14
6271 15
6272 16
6273 17
6274 18
6275 19
6276 20
6277 21
6278 22
6279 23
6280 24
6281 25
6282 26
6283 27
6284 28
6285 29
6286 30
6287 31
6288 32
6289 33
6290 34
6291 35
6292 36
6293 37
6294 38
6295 39
6296 40
6297 41
6298 42
6299 43
6300 44
6301 45
6302 46
6303 46
6304 46
6305 46
6306 46
6307 46
6308 46
6309 46
6310 46
6311 46
6312 46
6313 46
6314 46
6315 46
6316 46
6317 46
6318 46
6319 46
6320 46
6321 46
6322 46
6323 46
6324 46
6325 46
6326 46
6327 46
6328 46
6329 46
6330 46
6331 46
6332 46
6333 46
6334 46
6335 46
6336 46
6337 46
6338 46
6339 46
6340 46
6341 46
6342 46
6343 46
6344 46
6345 46
6346 46
6347 46
6348 46
6349 45
6350 44
6351 43
6352 42
6353 41
6354 40
6355 39
6356 38
6357 37
6358 36
6359 35
6360 34
6361 33
6362 32
6363 31
6364 30
6365 29
6366 28
6367 27
6368 26
6369 25
6370 24
6371 23
6372 22
6373 21
6374 20
6375 19
6376 18
6377 17
6378 16
6379 15
6380 14
6381 13
6382 12
6383 11
6384 10
6385 9
6386 8
6387 7
6388 6
6389 5
6390 4
6391 3
6392 2
6393 1
6394 0
6395 -1
6396 -2
6397 -3
6398 -4
6399 -5
6400 -6
6401 -7
6402 -8
6403 -9
6404 -10
6405 -11
6406 -12
6407 -13
6408 -14
6409 -15
6410 -16
6411 -17
6412 -18
6413 -19
6414 -20
6415 -21
6416 -22
6417 -23
6418 -24
6419 -25
6420 -26
6421 -27
6422 -28
6423 -29
6424 -30
6425 -31
6426 -32
6427 -33
6428 -34
6429 -35
6430 -36
6431 -37
6432 -38
6433 -39
6434 -40
6435 -41
6436 -42
6437 -43
6438 -44
6439 -45
6440 -46
6441 -46
6442 -46
6443 -46
6444 -46
6445 -46
6446 -46
6447 -46
6448 -46
6449 -46
6450 -46
6451 -46
6452 -46
6453 -46
6454 -46
6455 -46
6456 -46
6457 -46
6458 -46
6459 -46
6460 -46
6461 -46
6462 -46
6463 -46
6464 -46
6465 -46
6466 -46
6467 -46
6468 -46
6469 -46
6470 -46
6471 -46
6472 -46
6473 -46
6474 -46
6475 -46
6476 -46
6477 -46
6478 -46
6479 -46
6480 -46
6481 -46
6482 -46
6483 -46
6484 -46
6485 -46
6486 -46
6487 -46
6488 -45
6489 -44
6490 -43
6491 -42
6492 -41
6493 -40
6494 -39
6495 -38
6496 -37
6497 -36
6498 -35
6499 -34
6500 -33
6501 -32
6502 -31
6503 -30
6504 -29
6505 -28
6506 -27
6507 -26
6508 -25
6509 -24
6510 -23
6511 -22
6512 -21
6513 -20
6514 -19
6515 -18
6516 -17
6517 -16
6518 -15
6519 -14
6520 -13
6521 -12
6522 -11
6523 -10
6524 -9
6525 -8
6526 -7
6527 -6
6528 -5
6529 -4
6530 -3
6531 -2
6532 -1
6533 0
6534 1
6535 2
6536 3
6537 4
6538 5
6539 6
6540 7
6541 8
6542 9
6543 10
6544 11
6545 12
6546 13
6547 14
6548 15
6549 16
6550 17
6551 18
6552 19
6553 20
6554 21
6555 22
6556 23
6557 24
6558 25
6559 26
6560 27
6561 28
6562 29
6563 30
6564 31
6565 32
6566 33
6567 34
6568 35
6569 36
6570 37
6571 38
6572 39
6573 40
6574 41
6575 42
6576 43
6577 44
6578 45
6579 46
6580 47
6581 47
6582 47
6583 47
6584 47
6585 47
6586 47
6587 47
6588 47
6589 47
6590 47
6591 47
6592 47
6593 47
6594 47
6595 47
6596 47
6597 47
6598 47
6599 47
6600 47
6601 47
6602 47
6603 47
6604 47
6605 47
6606 47
6607 47
6608 47
6609 47
6610 47
6611 47
6612 47
6613 47
6614 47
6615 47
6616 47
6617 47
6618 47
6619 47
6620 47
6621 47
6622 47
6623 47
6624 47
6625 47
6626 47
6627 47
6628 46
6629 45
6630 44
6631 43
6632 42
6633 41
6634 40
6635 39
6636 38
6637 37
6638 36
6639 35
6640 34
6641 33
6642 32
6643 31
6644 30
6645 29
6646 28
6647 27
6648 26
6649 25
6650 24
6651 23
6652 22
6653 21
6654 20
6655 19
6656 18
6657 17
6658 16
6659 15
6660 14
6661 13
6662 12
6663 11
6664 10
6665 9
6666 8
6667 7
6668 6
6669 5
6670 4
6671 3
6672 2
6673 1
6674 0
6675 -1
6676 -2
6677 -3
6678 -4
6679 -5
6680 -6
6681 -7
6682 -8
6683 -9
6684 -10
6685 -11
6686 -12
6687 -13
6688 -14
6689 -15
6690 -16
6691 -17
6692 -18
6693 -19
6694 -20
6695 -21
6696 -22
6697 -23
6698 -24
6699 -25
6700 -26
6701 -27
6702 -28
6703 -29
6704 -30
6705 -31
6706 -32
6707 -33
6708 -34
6709 -35
6710 -36
6711 -37
6712 -38
6713 -39
6714 -40
6715 -41
6716 -42
6717 -43
6718 -44
6719 -45
6720 -46
6721 -47
6722 -47
6723 -47
6724 -47
6725 -47
6726 -47
6727 -47
6728 -47
6729 -47
6730 -47
6731 -47
6732 -47
6733 -47
6734 -47
6735 -47
6736 -47
6737 -47
6738 -47
6739 -47
6740 -47
6741 -47
6742 -47
6743 -47
6744 -47
6745 -47
6746 -47
6747 -47
6748 -47
6749 -47
6750 -47
6751 -47
6752 -47
6753 -47
6754 -47
6755 -47
6756 -47
6757 -47
6758 -47
6759 -47
6760 -47
6761 -47
6762 -47
6763 -47
6764 -47
6765 -47
6766 -47
6767 -47
6768 -47
6769 -47
6770 -46
6771 -45
6772 -44
6773 -43
6774 -42
6775 -41
6776 -40
6777 -39
6778 -38
6779 -37
6780 -36
6781 -35
6782 -34
6783 -33
6784 -32
6785 -31
6786 -30
6787 -29
6788 -28
6789 -27
6790 -26
6791 -25
6792 -24
6793 -23
6794 -22
6795 -21
6796 -20
6797 -19
6798 -18
6799 -17
6800 -16
6801 -15
6802 -14
6803 -13
6804 -12
6805 -11
6806 -10
6807 -9
6808 -8
6809 -7
6810 -6
6811 -5
6812 -4
6813 -3
6814 -2
6815 -1
6816 0
6817 1
6818 2
6819 3
6820 4
6821 5
6822 6
6823 7
6824 8
6825 9
6826 10
6827 11
6828 12
6829 13
6830 14
6831 15
6832 16
6833 17
6834 18
6835 19
6836 20
6837 21
6838 22
6839 23
6840 24
6841 25
6842 26
6843 27
6844 28
6845 29
6846 30
6847 31
6848 32
6849 33
6850 34
6851 35
6852 36
6853 37
6854 38
6855 39
6856 40
6857 41
6858 42
6859 43
6860 44
6861 45
6862 46
6863 47
6864 48
6865 48
6866 48
6867 48
6868 48
6869 48
6870 48
6871 48
6872 48
6873 48
6874 48
6875 48
6876 48
6877 48
6878 48
6879 48
6880 48
6881 48
6882 48
6883 48
6884 48
6885 48
6886 48
6887 48
6888 48
6889 48
6890 48
6891 48
6892 48
6893 48
6894 48
6895 48
6896 48
6897 48
6898 48
6899 48
6900 48
6901 48
6902 48
6903 48
6904 48
6905 48
6906 48
6907 48
6908 48
6909 48
6910 48
6911 48
6912 48
6913 47
6914 46
6915 45
6916 44
6917 43
6918 42
6919 41
6920 40
6921 39
6922 38
6923 37
6924 36
6925 35
6926 34
6927 33
6928 32
6929 31
6930 30
6931 29
6932 28
6933 27
6934 26
6935 25
6936 24
6937 23
6938 22
6939 21
6940 20
6941 19
6942 18
6943 17
6944 16
6945 15
6946 14
6947 13
6948 12
6949 11
6950 10
6951 9
6952 8
6953 7
6954 6
6955 5
6956 4
6957 3
6958 2
6959 1
6960 0
6961 -1
6962 -2
6963 -3
6964 -4
6965 -5
6966 -6
6967 -7
6968 -8
6969 -9
6970 -10
6971 -11
6972 -12
6973 -13
6974 -14
6975 -15
6976 -16
6977 -17
6978 -18
6979 -19
6980 -20
6981 -21
6982 -22
6983 -23
6984 -24
6985 -25
6986 -26
6987 -27
6988 -28
6989 -29
6990 -30
6991 -31
6992 -32
6993 -33
6994 -34
6995 -35
6996 -36
6997 -37
6998 -38
6999 -39
7000 -40
7001 -41
7002 -42
7003 -43
7004 -44
7005 -45
7006 -46
7007 -47
7008 -48
7009 -48
7010 -48
7011 -48
7012 -48
7013 -48
7014 -48
7015 -48
7016 -48
7017 -48
7018 -48
7019 -48
7020 -48
7021 -48
7022 -48
7023 -48
7024 -48
7025 -48
7026 -48
7027 -48
7028 -48
7029 -48
7030 -48
7031 -48
7032 -48
7033 -48
7034 -48
7035 -48
7036 -48
7037 -48
7038 -48
7039 -48
7040 -48
7041 -48
7042 -48
7043 -48
7044 -48
7045 -48
7046 -48
7047 -48
7048 -48
7049 -48
7050 -48
7051 -48
7052 -48
7053 -48
7054 -48
7055 -48
7056 -48
7057 -48
7058 -47
7059 -46
7060 -45
7061 -44
7062 -43
7063 -42
7064 -41
7065 -40
7066 -39
7067 -38
7068 -37
7069 -36
7070 -35
7071 -34
7072 -33
7073 -32
7074 -31
7075 -30
7076 -29
7077 -28
7078 -27
7079 -26
7080 -25
7081 -24
7082 -23
7083 -22
7084 -21
7085 -20
7086 -19
7087 -18
7088 -17
7089 -16
7090 -15
7091 -14
7092 -13
7093 -12
7094 -11
7095 -10
7096 -9
7097 -8
7098 -7
7099 -6
7100 -5
7101 -4
7102 -3
7103 -2
7104 -1
7105 0
7106 1
7107 2
7108 3
7109 4
7110 5
7111 6
7112 7
7113 8
7114 9
7115 10
7116 11
7117 12
7118 13
7119 14
7120 15
7121 16
7122 17
7123 18
7124 19
7125 20
7126 21
7127 22
7128 23
7129 24
7130 25
7131 26
7132 27
7133 28
7134 29
7135 30
7136 31
7137 32
7138 33
7139 34
7140 35
7141 36
7142 37
7143 38
7144 39
7145 40
7146 41
7147 42
7148 43
7149 44
7150 45
7151 46
7152 47
7153 48
7154 49
7155 49
7156 49
7157 49
7158 49
7159 49
7160 49
7161 49
7162 49
7163 49
7164 49
7165 49
7166 49
7167 49
7168 49
7169 49
7170 49
7171 49
7172 49
7173 49
7174 49
7175 49
7176 49
7177 49
7178 49
7179 49
7180 49
7181 49
7182 49
7183 49
7184 49
7185 49
7186 49
7187 49
7188 49
7189 49
7190 49
7191 49
7192 49
7193 49
7194 49
7195 49
7196 49
7197 49
7198 49
7199 49
7200 49
7201 49
7202 49
7203 49
7204 48
7205 47
7206 46
7207 45
7208 44
7209 43
7210 42
7211 41
7212 40
7213 39
7214 38
7215 37
7216 36
7217 35
7218 34
7219 33
7220 32
7221 31
7222 30
7223 29
7224 28
7225 27
7226 26
7227 25
7228 24
7229 23
7230 22
7231 21
7232 20
7233 19
7234 18
7235 17
7236 16
7237 15
7238 14
7239 13
7240 12
7241 11
7242 10
7243 9
7244 8
7245 7
7246 6
7247 5
7248 4
7249 3
7250 2
7251 1
7252 0
7253 -1
7254 -2
7255 -3
7256 -4
7257 -5
7258 -6
7259 -7
7260 -8
7261 -9
7262 -10
7263 -11
7264 -12
7265 -13
7266 -14
7267 -15
7268 -16
7269 -17
7270 -18
7271 -19
7272 -20
7273 -21
7274 -22
7275 -23
7276 -24
7277 -25
7278 -26
7279 -27
7280 -28
7281 -29
7282 -30
7283 -31
7284 -32
7285 -33
7286 -34
7287 -35
7288 -36
7289 -37
7290 -38
7291 -39
7292 -40
7293 -41
7294 -42
7295 -43
7296 -44
7297 -45
7298 -46
7299 -47
7300 -48
7301 -49
7302 -49
7303 -49
7304 -49
7305 -49
7306 -49
7307 -49
7308 -49
7309 -49
7310 -49
7311 -49
7312 -49
7313 -49
7314 -49
7315 -49
7316 -49
7317 -49
7318 -49
7319 -49
7320 -49
7321 -49
7322 -49
7323 -49
7324 -49
7325 -49
7326 -49
7327 -49
7328 -49
7329 -49
7330 -49
7331 -49
7332 -49
7333 -49
7334 -49
7335 -49
7336 -49
7337 -49
7338 -49
7339 -49
7340 -49
7341 -49
7342 -49
7343 -49
7344 -49
7345 -49
7346 -49
7347 -49
7348 -49
7349 -49
7350 -49
7351 -49
7352 -48
7353 -47
7354 -46
7355 -45
7356 -44
7357 -43
7358 -42
7359 -41
7360 -40
7361 -39
7362 -38
7363 -37
7364 -36
7365 -35
7366 -34
7367 -33
7368 -32
7369 -31
7370 -30
7371 -29
7372 -28
7373 -27
7374 -26
7375 -25
7376 -24
7377 -23
7378 -22
7379 -21
7380 -20
7381 -19
7382 -18
7383 -17
7384 -16
7385 -15
7386 -14
7387 -13
7388 -12
7389 -11
7390 -10
7391 -9
7392 -8
7393 -7
7394 -6
7395 -5
7396 -4
7397 -3
7398 -2
7399 -1
7400 0
7401 1
7402 2
7403 3
7404 4
7405 5
7406 6
7407 7
7408 8
7409 9
7410 10
7411 11
7412 12
7413 13
7414 14
7415 15
7416 16
7417 17
7418 18
7419 19
7420 20
7421 21
7422 22
7423 23
7424 24
7425 25
7426 26
7427 27
7428 28
7429 29
7430 30
7431 31
7432 32
7433 33
7434 34
7435 35
7436 36
7437 37
7438 38
7439 39
7440 40
7441 41
7442 42
7443 43
7444 44
7445 45
7446 46
7447 47
7448 48
7449 49
7450 50
7451 50
7452 50
7453 50
7454 50
7455 50
7456 50
7457 50
7458 50
7459 50
7460 50
7461 50
7462 50
7463 50
7464 50
7465 50
7466 50
7467 50
7468 50
7469 50
7470 50
7471 50
7472 50
7473 50
7474 50
7475 50
7476 50
7477 50
7478 50
7479 50
7480 50
7481 50
7482 50
7483 50
7484 50
7485 50
7486 50
7487 50
7488 50
7489 50
7490 50
7491 50
7492 50
7493 50
7494 50
7495 50
7496 50
7497 50
7498 50
7499 50
7500 50
7501 49
7502 48
7503 47
7504 46
7505 45
7506 44
7507 43
7508 42
7509 41
7510 40
7511 39
7512 38
7513 37
7514 36
7515 35
7516 34
7517 33
7518 32
7519 31
7520 30
7521 29
7522 28
7523 27
7524 26
7525 25
7526 24
7527 23
7528 22
7529 21
7530 20
7531 19
7532 18
7533 17
7534 16
7535 15
7536 14
7537 13
7538 12
7539 11
7540 10
7541 9
7542 8
7543 7
7544 6
7545 5
7546 4
7547 3
7548 2
7549 1
7550 0
7551 -1
7552 -2
7553 -3
7554 -4
7555 -5
7556 -6
7557 -7
7558 -8
7559 -9
7560 -10
7561 -11
7562 -12
7563 -13
7564 -14
7565 -15
7566 -16
7567 -17
7568 -18
7569 -19
7570 -20
7571 -21
7572 -22
7573 -23
7574 -24
7575 -25
7576 -26
7577 -27
7578 -28
7579 -29
7580 -30
7581 -31
7582 -32
7583 -33
7584 -34
7585 -35
7586 -36
7587 -37
7588 -38
7589 -39
7590 -40
7591 -41
7592 -42
7593 -43
7594 -44
7595 -45
7596 -46
7597 -47
7598 -48
7599 -49
7600 -50
7601 -50
7602 -50
7603 -50
7604 -50
7605 -50
7606 -50
7607 -50
7608 -50
7609 -50
7610 -50
7611 -50
7612 -50
7613 -50
7614 -50
7615 -50
7616 -50
7617 -50
7618 -50
7619 -50
7620 -50
7621 -50
7622 -50
7623 -50
7624 -50
7625 -50
7626 -50
7627 -50
7628 -50
7629 -50
7630 -50
7631 -50
7632 -50
7633 -50
7634 -50
7635 -50
7636 -50
7637 -50
7638 -50
7639 -50
7640 -50
7641 -50
7642 -50
7643 -50
7644 -50
7645 -50
7646 -50
7647 -50
7648 -50
7649 -50
7650 -50
7651 -50
7652 -49
7653 -48
7654 -47
7655 -46
7656 -45
7657 -44
7658 -43
7659 -42
7660 -41
7661 -40
7662 -39
7663 -38
7664 -37
7665 -36
7666 -35
7667 -34
7668 -33
7669 -32
7670 -31
7671 -30
7672 -29
7673 -28
7674 -27
7675 -26
7676 -25
7677 -24
7678 -23
7679 -22
7680 -21
7681 -20
7682 -19
7683 -18
7684 -17
7685 -16
7686 -15
7687 -14
7688 -13
7689 -12
7690 -11
7691 -10
7692 -9
7693 -8
7694 -7
7695 -6
7696 -5
7697 -4
7698 -3
7699 -2
7700 -1
7701 0
7702 1
7703 2
7704 3
7705 4
7706 5
7707 6
7708 7
7709 8
7710 9
7711 10
7712 11
7713 12
7714 13
7715 14
7716 15
7717 16
7718 17
7719 18
7720 19
7721 20
7722 21
7723 22
7724 23
7725 24
7726 25
7727 26
7728 27
7729 28
7730 29
7731 30
7732 31
7733 32
7734 33
7735 34
7736 35
7737 36
7738 37
7739 38
7740 39
7741 40
7742 41
7743 42
7744 43
7745 44
7746 45
7747 46
7748 47
7749 48
7750 49
7751 50
7752 51
7753 51
7754 51
7755 51
7756 51
7757 51
7758 51
7759 51
7760 51
7761 51
7762 51
7763 51
7764 51
7765 51
7766 51
7767 51
7768 51
7769 51
7770 51
7771 51
7772 51
7773 51
7774 51
7775 51
7776 51
7777 51
7778 51
7779 51
7780 51
7781 51
7782 51
7783 51
7784 51
7785 51
7786 51
7787 51
7788 51
7789 51
7790 51
7791 51
7792 51
7793 51
7794 51
7795 51
7796 51
7797 51
7798 51
7799 51
7800 51
7801 51
7802 51
7803 51
7804 50
7805 49
7806 48
7807 47
7808 46
7809 45
7810 44
7811 43
7812 42
7813 41
7814 40
7815 39
7816 38
7817 37
7818 36
7819 35
7820 34
7821 33
7822 32
7823 31
7824 30
7825 29
7826 28
7827 27
7828 26
7829 25
7830 24
7831 23
7832 22
7833 21
7834 20
7835 19
7836 18
7837 17
7838 16
7839 15
7840 14
7841 13
7842 12
7843 11
7844 10
7845 9
7846 8
7847 7
7848 6
7849 5
7850 4
7851 3
7852 2
7853 1
7854 0
7855 -1
7856 -2
7857 -3
7858 -4
7859 -5
7860 -6
7861 -7
7862 -8
7863 -9
7864 -10
7865 -11
7866 -12
7867 -13
7868 -14
7869 -15
7870 -16
7871 -17
7872 -18
7873 -19
7874 -20
7875 -21
7876 -22
7877 -23
7878 -24
7879 -25
7880 -26
7881 -27
7882 -28
7883 -29
7884 -30
7885 -31
7886 -32
7887 -33
7888 -34
7889 -35
7890 -36
7891 -37
7892 -38
7893 -39
7894 -40
7895 -41
7896 -42
7897 -43
7898 -44
7899 -45
7900 -46
7901 -47
7902 -48
7903 -49
7904 -50
7905 -51
7906 -51
7907 -51
7908 -51
7909 -51
7910 -51
7911 -51
7912 -51
7913 -51
7914 -51
7915 -51
7916 -51
7917 -51
7918 -51
7919 -51
7920 -51
7921 -51
7922 -51
7923 -51
7924 -51
7925 -51
7926 -51
7927 -51
7928 -51
7929 -51
7930 -51
7931 -51
7932 -51
7933 -51
7934 -51
7935 -51
7936 -51
7937 -51
7938 -51
7939 -51
7940 -51
7941 -51
7942 -51
7943 -51
7944 -51
7945 -51
7946 -51
7947 -51
7948 -51
7949 -51
7950 -51
7951 -51
7952 -51
7953 -51
7954 -51
7955 -51
7956 -51
7957 -51
7958 -50
7959 -49
7960 -48
7961 -47
7962 -46
7963 -45
7964 -44
7965 -43
7966 -42
7967 -41
7968 -40
7969 -39
7970 -38
7971 -37
7972 -36
7973 -35
7974 -34
7975 -33
7976 -32
7977 -31
7978 -30
7979 -29
7980 -28
7981 -27
7982 -26
7983 -25
7984 -24
7985 -23
7986 -22
7987 -21
7988 -20
7989 -19
7990 -18
7991 -17
7992 -16
7993 -15
7994 -14
7995 -13
7996 -12
7997 -11
7998 -10
7999 -9
8000 -8
8001 -7
8002 -6
8003 -5
8004 -4
8005 -3
8006 -2
8007 -1
8008 0
8009 1
8010 2
8011 3
8012 4
8013 5
8014 6
8015 7
8016 8
8017 9
8018 10
8019 11
8020 12
8021 13
8022 14
8023 15
8024 16
8025 17
8026 18
8027 19
8028 20
8029 21
8030 22
8031 23
8032 24
8033 25
8034 26
8035 27
8036 28
8037 29
8038 30
8039 31
8040 32
8041 33
8042 34
8043 35
8044 36
8045 37
8046 38
8047 39
8048 40
8049 41
8050 42
8051 43
8052 44
8053 45
8054 46
8055 47
8056 48
8057 49
8058 50
8059 51
8060 52
8061 52
8062 52
8063 52
8064 52
8065 52
8066 52
8067 52
8068 52
8069 52
8070 52
8071 52
8072 52
8073 52
8074 52
8075 52
8076 52
8077 52
8078 52
8079 52
8080 52
8081 52
8082 52
8083 52
8084 52
8085 52
8086 52
8087 52
8088 52
8089 52
8090 52
8091 52
8092 52
8093 52
8094 52
8095 52
8096 52
8097 52
8098 52
8099 52
8100 52
8101 52
8102 52
8103 52
8104 52
8105 52
8106 52
8107 52
8108 52
8109 52
8110 52
8111 52
8112 52
8113 51
8114 50
8115 49
8116 48
8117 47
8118 46
8119 45
8120 44
8121 43
8122 42
8123 41
8124 40
8125 39
8126 38
8127 37
8128 36
8129 35
8130 34
8131 33
8132 32
8133 31
8134 30
8135 29
8136 28
8137 27
8138 26
8139 25
8140 24
8141 23
8142 22
8143 21
8144 20
8145 19
8146 18
8147 17
8148 16
8149 15
8150 14
8151 13
8152 12
8153 11
8154 10
8155 9
8156 8
8157 7
8158 6
8159 5
8160 4
8161 3
8162 2
8163 1
8164 0
8165 -1
8166 -2
8167 -3
8168 -4
8169 -5
8170 -6
8171 -7
8172 -8
8173 -9
8174 -10
8175 -11
8176 -12
8177 -13
8178 -14
8179 -15
8180 -16
8181 -17
8182 -18
8183 -19
8184 -20
8185 -21
8186 -22
8187 -23
8188 -24
8189 -25
8190 -26
8191 -27
8192 -28
8193 -29
8194 -30
8195 -31
8196 -32
8197 -33
8198 -34
8199 -35
8200 -36
8201 -37
8202 -38
8203 -39
8204 -40
8205 -41
8206 -42
8207 -43
8208 -44
8209 -45
8210 -46
8211 -47
8212 -48
8213 -49
8214 -50
8215 -51
8216 -52
8217 -52
8218 -52
8219 -52
8220 -52
8221 -52
8222 -52
8223 -52
8224 -52
8225 -52
8226 -52
8227 -52
8228 -52
8229 -52
8230 -52
8231 -52
8232 -52
8233 -52
8234 -52
8235 -52
8236 -52
8237 -52
8238 -52
8239 -52
8240 -52
8241 -52
8242 -52
8243 -52
8244 -52
8245 -52
8246 -52
8247 -52
8248 -52
8249 -52
8250 -52
8251 -52
8252 -52
8253 -52
8254 -52
8255 -52
8256 -52
8257 -52
8258 -52
8259 -52
8260 -52
8261 -52
8262 -52
8263 -52
8264 -52
8265 -52
8266 -52
8267 -52
8268 -52
8269 -52
8270 -51
8271 -50
8272 -49
8273 -48
8274 -47
8275 -46
8276 -45
8277 -44
8278 -43
8279 -42
8280 -41
8281 -40
8282 -39
8283 -38
8284 -37
8285 -36
8286 -35
8287 -34
8288 -33
8289 -32
8290 -31
8291 -30
8292 -29
8293 -28
8294 -27
8295 -26
8296 -25
8297 -24
8298 -23
8299 -22
8300 -21
8301 -20
8302 -19
8303 -18
8304 -17
8305 -16
8306 -15
8307 -14
8308 -13
8309 -12
8310 -11
8311 -10
8312 -9
8313 -8
8314 -7
8315 -6
8316 -5
8317 -4
8318 -3
8319 -2
8320 -1
8321 0
8322 1
8323 2
8324 3
8325 4
8326 5
8327 6
8328 7
8329 8
8330 9
8331 10
8332 11
8333 12
8334 13
8335 14
8336 15
8337 16
8338 17
8339 18
8340 19
8341 20
8342 21
8343 22
8344 23
8345 24
8346 25
8347 26
8348 27
8349 28
8350 29
8351 30
8352 31
8353 32
8354 33
8355 34
8356 35
8357 36
8358 37
8359 38
8360 39
8361 40
8362 41
8363 42
8364 43
8365 44
8366 45
8367 46
8368 47
8369 48
8370 49
8371 50
8372 51
8373 52
8374 53
8375 53
8376 53
8377 53
8378 53
8379 53
8380 53
8381 53
8382 53
8383 53
8384 53
8385 53
8386 53
8387 53
8388 53
8389 53
8390 53
8391 53
8392 53
8393 53
8394 53
8395 53
8396 53
8397 53
8398 53
8399 53
8400 53
8401 53
8402 53
8403 53
8404 53
8405 53
8406 53
8407 53
8408 53
8409 53
8410 53
8411 53
8412 53
8413 53
8414 53
8415 53
8416 53
8417 53
8418 53
8419 53
8420 53
8421 53
8422 53
8423 53
8424 53
8425 53
8426 53
8427 53
8428 52
8429 51
8430 50
8431 49
8432 48
8433 47
8434 46
8435 45
8436 44
8437 43
8438 42
8439 41
8440 40
8441 39
8442 38
8443 37
8444 36
8445 35
8446 34
8447 33
8448 32
8449 31
8450 30
8451 29
8452 28
8453 27
8454 26
8455 25
8456 24
8457 23
8458 22
8459 21
8460 20
8461 19
8462 18
8463 17
8464 16
8465 15
8466 14
8467 13
8468 12
8469 11
8470 10
8471 9
8472 8
8473 7
8474 6
8475 5
8476 4
8477 3
8478 2
8479 1
8480 0
8481 -1
8482 -2
8483 -3
8484 -4
8485 -5
8486 -6
8487 -7
8488 -8
8489 -9
8490 -10
8491 -11
8492 -12
8493 -13
8494 -14
8495 -15
8496 -16
8497 -17
8498 -18
8499 -19
8500 -20
8501 -21
8502 -22
8503 -23
8504 -24
8505 -25
8506 -26
8507 -27
8508 -28
8509 -29
8510 -30
8511 -31
8512 -32
8513 -33
8514 -34
8515 -35
8516 -36
8517 -37
8518 -38
8519 -39
8520 -40
8521 -41
8522 -42
8523 -43
8524 -44
8525 -45
8526 -46
8527 -47
8528 -48
8529 -49
8530 -50
8531 -51
8532 -52
8533 -53
8534 -53
8535 -53
8536 -53
8537 -53
8538 -53
8539 -53
8540 -53
8541 -53
8542 -53
8543 -53
8544 -53
8545 -53
8546 -53
8547 -53
8548 -53
8549 -53
8550 -53
8551 -53
8552 -53
8553 -53
8554 -53
8555 -53
8556 -53
8557 -53
8558 -53
8559 -53
8560 -53
8561 -53
8562 -53
8563 -53
8564 -53
8565 -53
8566 -53
8567 -53
8568 -53
8569 -53
8570 -53
8571 -53
8572 -53
8573 -53
8574 -53
8575 -53
8576 -53
8577 -53
8578 -53
8579 -53
8580 -53
8581 -53
8582 -53
8583 -53
8584 -53
8585 -53
8586 -53
8587 -53
8588 -52
8589 -51
8590 -50
8591 -49
8592 -48
8593 -47
8594 -46
8595 -45
8596 -44
8597 -43
8598 -42
8599 -41
8600 -40
8601 -39
8602 -38
8603 -37
8604 -36
8605 -35
8606 -34
8607 -33
8608 -32
8609 -31
8610 -30
8611 -29
8612 -28
8613 -27
8614 -26
8615 -25
8616 -24
8617 -23
8618 -22
8619 -21
8620 -20
8621 -19
8622 -18
8623 -17
8624 -16
8625 -15
8626 -14
8627 -13
8628 -12
8629 -11
8630 -10
8631 -9
8632 -8
8633 -7
8634 -6
8635 -5
8636 -4
8637 -3
8638 -2
8639 -1
8640 0
8641 1
8642 2
8643 3
8644 4
8645 5
8646 6
8647 7
8648 8
8649 9
8650 10
8651 11
8652 12
8653 13
8654 14
8655 15
8656 16
8657 17
8658 18
8659 19
8660 20
8661 21
8662 22
8663 23
8664 24
8665 25
8666 26
8667 27
8668 28
8669 29
8670 30
8671 31
8672 32
8673 33
8674 34
8675 35
8676 36
8677 37
8678 38
8679 39
8680 40
8681 41
8682 42
8683 43
8684 44
8685 45
8686 46
8687 47
8688 48
8689 49
8690 50
8691 51
8692 52
8693 53
8694 54
8695 54
8696 54
8697 54
8698 54
8699 54
8700 54
8701 54
8702 54
8703 54
8704 54
8705 54
8706 54
8707 54
8708 54
8709 54
8710 54
8711 54
8712 54
8713 54
8714 54
8715 54
8716 54
8717 54
8718 54
8719 54
8720 54
8721 54
8722 54
8723 54
8724 54
8725 54
8726 54
8727 54
8728 54
8729 54
8730 54
8731 54
8732 54
8733 54
8734 54
8735 54
8736 54
8737 54
8738 54
8739 54
8740 54
8741 54
8742 54
8743 54
8744 54
8745 54
8746 54
8747 54
8748 54
8749 53
8750 52
8751 51
8752 50
8753 49
8754 48
8755 47
8756 46
8757 45
8758 44
8759 43
8760 42
8761 41
8762 40
8763 39
8764 38
8765 37
8766 36
8767 35
8768 34
8769 33
8770 32
8771 31
8772 30
8773 29
8774 28
8775 27
8776 26
8777 25
8778 24
8779 23
8780 22
8781 21
8782 20
8783 19
8784 18
8785 17
8786 16
8787 15
8788 14
8789 13
8790 12
8791 11
8792 10
8793 9
8794 8
8795 7
8796 6
8797 5
8798 4
8799 3
8800 2
8801 1
8802 0
8803 -1
8804 -2
8805 -3
8806 -4
8807 -5
8808 -6
8809 -7
8810 -8
8811 -9
8812 -10
8813 -11
8814 -12
8815 -13
8816 -14
8817 -15
8818 -16
8819 -17
8820 -18
8821 -19
8822 -20
8823 -21
8824 -22
8825 -23
8826 -24
8827 -25
8828 -26
8829 -27
8830 -28
8831 -29
8832 -30
8833 -31
8834 -32
8835 -33
8836 -34
8837 -35
8838 -36
8839 -37
8840 -38
8841 -39
8842 -40
8843 -41
8844 -42
8845 -43
8846 -44
8847 -45
8848 -46
8849 -47
8850 -48
8851 -49
8852 -50
8853 -51
8854 -52
8855 -53
8856 -54
8857 -54
8858 -54
8859 -54
8860 -54
8861 -54
8862 -54
8863 -54
8864 -54
8865 -54
8866 -54
8867 -54
8868 -54
8869 -54
8870 -54
8871 -54
8872 -54
8873 -54
8874 -54
8875 -54
8876 -54
8877 -54
8878 -54
8879 -54
8880 -54
8881 -54
8882 -54
8883 -54
8884 -54
8885 -54
8886 -54
8887 -54
8888 -54
8889 -54
8890 -54
8891 -54
8892 -54
8893 -54
8894 -54
8895 -54
8896 -54
8897 -54
8898 -54
8899 -54
8900 -54
8901 -54
8902 -54
8903 -54
8904 -54
8905 -54
8906 -54
8907 -54
8908 -54
8909 -54
8910 -54
8911 -54
8912 -53
8913 -52
8914 -51
8915 -50
8916 -49
8917 -48
8918 -47
8919 -46
8920 -45
8921 -44
8922 -43
8923 -42
8924 -41
8925 -40
8926 -39
8927 -38
8928 -37
8929 -36
8930 -35
8931 -34
8932 -33
8933 -32
8934 -31
8935 -30
8936 -29
8937 -28
8938 -27
8939 -26
8940 -25
8941 -24
8942 -23
8943 -22
8944 -21
8945 -20
8946 -19
8947 -18
8948 -17
8949 -16
8950 -15
8951 -14
8952 -13
8953 -12
8954 -11
8955 -10
8956 -9
8957 -8
8958 -7
8959 -6
8960 -5
8961 -4
8962 -3
8963 -2
8964 -1
8965 0
8966 1
8967 2
8968 3
8969 4
8970 5
8971 6
8972 7
8973 8
8974 9
8975 10
8976 11
8977 12
8978 13
8979 14
8980 15
8981 16
8982 17
8983 18
8984 19
8985 20
8986 21
8987 22
8988 23
8989 24
8990 25
8991 26
8992 27
8993 28
8994 29
8995 30
8996 31
8997 32
8998 33
8999 34
9000 35
9001 36
9002 37
9003 38
9004 39
9005 40
9006 41
9007 42
9008 43
9009 44
9010 45
9011 46
9012 47
9013 48
9014 49
9015 50
9016 51
9017 52
9018 53
9019 54
9020 55
9021 55
9022 55
9023 55
9024 55
9025 55
9026 55
9027 55
9028 55
9029 55
9030 55
9031 55
9032 55
9033 55
9034 55
9035 55
9036 55
9037 55
9038 55
9039 55
9040 55
9041 55
9042 55
9043 55
9044 55
9045 55
9046 55
9047 55
9048 55
9049 55
9050 55
9051 55
9052 55
9053 55
9054 55
9055 55
9056 55
9057 55
9058 55
9059 55
9060 55
9061 55
9062 55
9063 55
9064 55
9065 55
9066 55
9067 55
9068 55
9069 55
9070 55
9071 55
9072 55
9073 55
9074 55
9075 55
9076 54
9077 53
9078 52
9079 51
9080 50
9081 49
9082 48
9083 47
9084 46
9085 45
9086 44
9087 43
9088 42
9089 41
9090 40
9091 39
9092 38
9093 37
9094 36
9095 35
9096 34
9097 33
9098 32
9099 31
9100 30
9101 29
9102 28
9103 27
9104 26
9105 25
9106 24
9107 23
9108 22
9109 21
9110 20
9111 19
9112 18
9113 17
9114 16
9115 15
9116 14
9117 13
9118 12
9119 11
9120 10
9121 9
9122 8
9123 7
9124 6
9125 5
9126 4
9127 3
9128 2
9129 1
9130 0
9131 -1
9132 -2
9133 -3
9134 -4
9135 -5
9136 -6
9137 -7
9138 -8
9139 -9
9140 -10
9141 -11
9142 -12
9143 -13
9144 -14
9145 -15
9146 -16
9147 -17
9148 -18
9149 -19
9150 -20
9151 -21
9152 -22
9153 -23
9154 -24
9155 -25
9156 -26
9157 -27
9158 -28
9159 -29
9160 -30
9161 -31
9162 -32
9163 -33
9164 -34
9165 -35
9166 -36
9167 -37
9168 -38
9169 -39
9170 -40
9171 -41
9172 -42
9173 -43
9174 -44
9175 -45
9176 -46
9177 -47
9178 -48
9179 -49
9180 -50
9181 -51
9182 -52
9183 -53
9184 -54
9185 -55
9186 -55
9187 -55
9188 -55
9189 -55
9190 -55
9191 -55
9192 -55
9193 -55
9194 -55
9195 -55
9196 -55
9197 -55
9198 -55
9199 -55
9200 -55
9201 -55
9202 -55
9203 -55
9204 -55
9205 -55
9206 -55
9207 -55
9208 -55
9209 -55
9210 -55
9211 -55
9212 -55
9213 -55
9214 -55
9215 -55
9216 -55
9217 -55
9218 -55
9219 -55
9220 -55
9221 -55
9222 -55
9223 -55
9224 -55
9225 -55
9226 -55
9227 -55
9228 -55
9229 -55
9230 -55
9231 -55
9232 -55
9233 -55
9234 -55
9235 -55
9236 -55
9237 -55
9238 -55
9239 -55
9240 -55
9241 -55
9242 -54
9243 -53
9244 -52
9245 -51
9246 -50
9247 -49
9248 -48
9249 -47
9250 -46
9251 -45
9252 -44
9253 -43
9254 -42
9255 -41
9256 -40
9257 -39
9258 -38
9259 -37
9260 -36
9261 -35
9262 -34
9263 -33
9264 -32
9265 -31
9266 -30
9267 -29
9268 -28
9269 -27
9270 -26
9271 -25
9272 -24
9273 -23
9274 -22
9275 -21
9276 -20
9277 -19
9278 -18
9279 -17
9280 -16
9281 -15
9282 -14
9283 -13
9284 -12
9285 -11
9286 -10
9287 -9
9288 -8
9289 -7
9290 -6
9291 -5
9292 -4
9293 -3
9294 -2
9295 -1
9296 0
9297 1
9298 2
9299 3
9300 4
9301 5
9302 6
9303 7
9304 8
9305 9
9306 10
9307 11
9308 12
9309 13
9310 14
9311 15
9312 16
9313 17
9314 18
9315 19
9316 20
9317 21
9318 22
9319 23
9320 24
9321 25
9322 26
9323 27
9324 28
9325 29
9326 30
9327 31
9328 32
9329 33
9330 34
9331 35
9332 36
9333 37
9334 38
9335 39
9336 40
9337 41
9338 42
9339 43
9340 44
9341 45
9342 46
9343 47
9344 48
9345 49
9346 50
9347 51
9348 52
9349 53
9350 54
9351 55
9352 56
9353 56
9354 56
9355 56
9356 56
9357 56
9358 56
9359 56
9360 56
9361 56
9362 56
9363 56
9364 56
9365 56
9366 56
9367 56
9368 56
9369 56
9370 56
9371 56
9372 56
9373 56
9374 56
9375 56
9376 56
9377 56
9378 56
9379 56
9380 56
9381 56
9382 56
9383 56
9384 56
9385 56
9386 56
9387 56
9388 56
9389 56
9390 56
9391 56
9392 56
9393 56
9394 56
9395 56
9396 56
9397 56
9398 56
9399 56
9400 56
9401 56
9402 56
9403 56
9404 56
9405 56
9406 56
9407 56
9408 56
9409 55
9410 54
9411 53
9412 52
9413 51
9414 50
9415 49
9416 48
9417 47
9418 46
9419 45
9420 44
9421 43
9422 42
9423 41
9424 40
9425 39
9426 38
9427 37
9428 36
9429 35
9430 34
9431 33
9432 32
9433 31
9434 30
9435 29
9436 28
9437 27
9438 26
9439 25
9440 24
9441 23
9442 22
9443 21
9444 20
9445 19
9446 18
9447 17
9448 16
9449 15
9450 14
9451 13
9452 12
9453 11
9454 10
9455 9
9456 8
9457 7
9458 6
9459 5
9460 4
9461 3
9462 2
9463 1
9464 0
9465 -1
9466 -2
9467 -3
9468 -4
9469 -5
9470 -6
9471 -7
9472 -8
9473 -9
9474 -10
9475 -11
9476 -12
9477 -13
9478 -14
9479 -15
9480 -16
9481 -17
9482 -18
9483 -19
9484 -20
9485 -21
9486 -22
9487 -23
9488 -24
9489 -25
9490 -26
9491 -27
9492 -28
9493 -29
9494 -30
9495 -31
9496 -32
9497 -33
9498 -34
9499 -35
9500 -36
9501 -37
9502 -38
9503 -39
9504 -40
9505 -41
9506 -42
9507 -43
9508 -44
9509 -45
9510 -46
9511 -47
9512 -48
9513 -49
9514 -50
9515 -51
9516 -52
9517 -53
9518 -54
9519 -55
9520 -56
9521 -56
9522 -56
9523 -56
9524 -56
9525 -56
9526 -56
9527 -56
9528 -56
9529 -56
9530 -56
9531 -56
9532 -56
9533 -56
9534 -56
9535 -56
9536 -56
9537 -56
9538 -56
9539 -56
9540 -56
9541 -56
9542 -56
9543 -56
9544 -56
9545 -56
9546 -56
9547 -56
9548 -56
9549 -56
9550 -56
9551 -56
9552 -56
9553 -56
9554 -56
9555 -56
9556 -56
9557 -56
9558 -56
9559 -56
9560 -56
9561 -56
9562 -56
9563 -56
9564 -56
9565 -56
9566 -56
9567 -56
9568 -56
9569 -56
9570 -56
9571 -56
9572 -56
9573 -56
9574 -56
9575 -56
9576 -56
9577 -56
9578 -55
9579 -54
9580 -53
9581 -52
9582 -51
9583 -50
9584 -49
9585 -48
9586 -47
9587 -46
9588 -45
9589 -44
9590 -43
9591 -42
9592 -41
9593 -40
9594 -39
9595 -38
9596 -37
9597 -36
9598 -35
9599 -34
9600 -33
9601 -32
9602 -31
9603 -30
9604 -29
9605 -28
9606 -27
9607 -26
9608 -25
9609 -24
9610 -23
9611 -22
9612 -21
9613 -20
9614 -19
9615 -18
9616 -17
9617 -16
9618 -15
9619 -14
9620 -13
9621 -12
9622 -11
9623 -10
9624 -9
9625 -8
9626 -7
9627 -6
9628 -5
9629 -4
9630 -3
9631 -2
9632 -1
9633 0
9634 1
9635 2
9636 3
9637 4
9638 5
9639 6
9640 7
9641 8
9642 9
9643 10
9644 11
9645 12
9646 13
9647 14
9648 15
9649 16
9650 17
9651 18
9652 19
9653 20
9654 21
9655 22
9656 23
9657 24
9658 25
9659 26
9660 27
9661 28
9662 29
9663 30
9664 31
9665 32
9666 33
9667 34
9668 35
9669 36
9670 37
9671 38
9672 39
9673 40
9674 41
9675 42
9676 43
9677 44
9678 45
9679 46
9680 47
9681 48
9682 49
9683 50
9684 51
9685 52
9686 53
9687 54
9688 55
9689 56
9690 57
9691 57
9692 57
9693 57
9694 57
9695 57
9696 57
9697 57
9698 57
9699 57
9700 57
9701 57
9702 57
9703 57
9704 57
9705 57
9706 57
9707 57
9708 57
9709 57
9710 57
9711 57
9712 57
9713 57
9714 57
9715 57
9716 57
9717 57
9718 57
9719 57
9720 57
9721 57
9722 57
9723 57
9724 57
9725 57
9726 57
9727 57
9728 57
9729 57
9730 57
9731 57
9732 57
9733 57
9734 57
9735 57
9736 57
9737 57
9738 57
9739 57
9740 57
9741 57
9742 57
9743 57
9744 57
9745 57
9746 57
9747 57
9748 56
9749 55
9750 54
9751 53
9752 52
9753 51
9754 50
9755 49
9756 48
9757 47
9758 46
9759 45
9760 44
9761 43
9762 42
9763 41
9764 40
9765 39
9766 38
9767 37
9768 36
9769 35
9770 34
9771 33
9772 32
9773 31
9774 30
9775 29
9776 28
9777 27
9778 26
9779 25
9780 24
9781 23
9782 22
9783 21
9784 20
9785 19
9786 18
9787 17
9788 16
9789 15
9790 14
9791 13
9792 12
9793 11
9794 10
9795 9
9796 8
9797 7
9798 6
9799 5
9800 4
9801 3
9802 2
9803 1
9804 0
9805 -1
9806 -2
9807 -3
9808 -4
9809 -5
9810 -6
9811 -7
9812 -8
9813 -9
9814 -10
9815 -11
9816 -12
9817 -13
9818 -14
9819 -15
9820 -16
9821 -17
9822 -18
9823 -19
9824 -20
9825 -21
9826 -22
9827 -23
9828 -24
9829 -25
9830 -26
9831 -27
9832 -28
9833 -29
9834 -30
9835 -31
9836 -32
9837 -33
9838 -34
9839 -35
9840 -36
9841 -37
9842 -38
9843 -39
9844 -40
9845 -41
9846 -42
9847 -43
9848 -44
9849 -45
9850 -46
9851 -47
9852 -48
9853 -49
9854 -50
9855 -51
9856 -52
9857 -53
9858 -54
9859 -55
9860 -56
9861 -57
9862 -57
9863 -57
9864 -57
9865 -57
9866 -57
9867 -57
9868 -57
9869 -57
9870 -57
9871 -57
9872 -57
9873 -57
9874 -57
9875 -57
9876 -57
9877 -57
9878 -57
9879 -57
9880 -57
9881 -57
9882 -57
9883 -57
9884 -57
9885 -57
9886 -57
9887 -57
9888 -57
9889 -57
9890 -57
9891 -57
9892 -57
9893 -57
9894 -57
9895 -57
9896 -57
9897 -57
9898 -57
9899 -57
9900 -57
9901 -57
9902 -57
9903 -57
9904 -57
9905 -57
9906 -57
9907 -57
9908 -57
9909 -57
9910 -57
9911 -57
9912 -57
9913 -57
9914 -57
9915 -57
9916 -57
9917 -57
9918 -57
9919 -57
9920 -56
9921 -55
9922 -54
9923 -53
9924 -52
9925 -51
9926 -50
9927 -49
9928 -48
9929 -47
9930 -46
9931 -45
9932 -44
9933 -43
9934 -42
9935 -41
9936 -40
9937 -39
9938 -38
9939 -37
9940 -36
9941 -35
9942 -34
9943 -33
9944 -32
9945 -31
9946 -30
9947 -29
9948 -28
9949 -27
9950 -26
9951 -25
9952 -24
9953 -23
9954 -22
9955 -21
9956 -20
9957 -19
9958 -18
9959 -17
9960 -16
9961 -15
9962 -14
9963 -13
9964 -12
9965 -11
9966 -10
9967 -9
9968 -8
9969 -7
9970 -6
9971 -5
9972 -4
9973 -3
9974 -2
9975 -1
9976 0
9977 1
9978 2
9979 3
9980 4
9981 5
9982 6
9983 7
9984 8
9985 9
9986 10
9987 11
9988 12
9989 13
9990 14
9991 15
9992 16
9993 17
9994 18
9995 19
9996 20
9997 21
9998 22
9999 23
10000 24
10001 25
10002 26
10003 27
10004 28
10005 29
10006 30
10007 31
10008 32
10009 33
10010 34
10011 35
10012 36
10013 37
10014 38
10015 39
10016 40
10017 41
10018 42
10019 43
10020 44
10021 45
10022 46
10023 47
10024 48
10025 49
10026 50
10027 51
10028 52
10029 53
10030 54
10031 55
10032 56
10033 57
10034 58
10035 58
10036 58
10037 58
10038 58
10039 58
10040 58
10041 58
10042 58
10043 58
10044 58
10045 58
10046 58
10047 58
10048 58
10049 58
10050 58
10051 58
10052 58
10053 58
10054 58
10055 58
10056 58
10057 58
10058 58
10059 58
10060 58
10061 58
10062 58
10063 58
10064 58
10065 58
10066 58
10067 58
10068 58
10069 58
10070 58
10071 58
10072 58
10073 58
10074 58
10075 58
10076 58
10077 58
10078 58
10079 58
10080 58
10081 58
10082 58
10083 58
10084 58
10085 58
10086 58
10087 58
10088 58
10089 58
10090 58
10091 58
10092 58
10093 57
10094 56
10095 55
10096 54
10097 53
10098 52
10099 51
10100 50
10101 49
10102 48
10103 47
10104 46
10105 45
10106 44
10107 43
10108 42
10109 41
10110 40
10111 39
10112 38
10113 37
10114 36
10115 35
10116 34
10117 33
10118 32
10119 31
10120 30
10121 29
10122 28
10123 27
10124 26
10125 25
10126 24
10127 23
10128 22
10129 21
10130 20
10131 19
10132 18
10133 17
10134 16
10135 15
10136 14
10137 13
10138 12
10139 11
10140 10
10141 9
10142 8
10143 7
10144 6
10145 5
10146 4
10147 3
10148 2
10149 1
10150 0
