# A307017 b-file computed by Hugo Pfoertner 2019-03-26
0 0
1 1
2 1
3 0
4 -1
5 -1
6 0
7 2
8 1
9 -1
10 -2
11 -1
12 1
13 2
14 2
15 0
16 -2
17 -2
18 0
19 3
20 3
21 2
22 1
23 -1
24 -2
25 -3
26 -3
27 -2
28 -1
29 1
30 2
31 3
32 3
33 0
34 -3
35 -3
36 0
37 4
38 2
39 -2
40 -4
41 -2
42 2
43 4
44 4
45 3
46 1
47 -1
48 -3
49 -4
50 -4
51 -3
52 -1
53 1
54 3
55 4
56 4
57 0
58 -4
59 -4
60 0
61 5
62 5
63 3
64 2
65 -2
66 -3
67 -5
68 -5
69 -3
70 -2
71 2
72 3
73 5
74 5
75 4
76 1
77 -1
78 -4
79 -5
80 -5
81 -4
82 -1
83 1
84 4
85 5
86 5
87 0
88 -5
89 -5
90 0
91 6
92 3
93 -3
94 -6
95 -3
96 3
97 6
98 6
99 4
100 2
101 -2
102 -4
103 -6
104 -6
105 -4
106 -2
107 2
108 4
109 6
110 6
111 5
112 1
113 -1
114 -5
115 -6
116 -6
117 -5
118 -1
119 1
120 5
121 6
122 6
123 0
124 -6
125 -6
126 0
127 7
128 7
129 4
130 3
131 -3
132 -4
133 -7
134 -7
135 -4
136 -3
137 3
138 4
139 7
140 7
141 5
142 2
143 -2
144 -5
145 -7
146 -7
147 -5
148 -2
149 2
150 5
151 7
152 7
153 6
154 1
155 -1
156 -6
157 -7
158 -7
159 -6
160 -1
161 1
162 6
163 8
164 4
165 -4
166 -8
167 -4
168 4
169 7
170 8
171 8
172 7
173 5
174 3
175 0
176 -3
177 -5
178 -7
179 -8
180 -8
181 -7
182 -5
183 -3
184 0
185 3
186 5
187 8
188 8
189 6
190 2
191 -2
192 -6
193 -8
194 -8
195 -6
196 -2
197 2
198 6
199 8
200 8
201 7
202 1
203 -1
204 -7
205 -8
206 -8
207 -7
208 -1
209 1
210 7
211 9
212 9
213 5
214 4
215 -4
216 -5
217 -9
218 -9
219 -5
220 -4
221 4
222 5
223 9
224 9
225 6
226 3
227 -3
228 -6
229 -9
230 -9
231 -6
232 -3
233 3
234 6
235 8
236 8
237 0
238 -8
239 -8
240 0
241 9
242 9
243 7
244 2
245 -2
246 -7
247 -9
248 -9
249 -7
250 -2
251 2
252 7
253 9
254 9
255 8
256 1
257 -1
258 -8
259 -9
260 -9
261 -8
262 -1
263 1
264 8
265 10
266 5
267 -5
268 -10
269 -5
270 5
271 10
272 10
273 6
274 4
275 -4
276 -6
277 -10
278 -10
279 -6
280 -4
281 4
282 6
283 10
284 10
285 7
286 3
287 -3
288 -7
289 -10
290 -10
291 -7
292 -3
293 3
294 7
295 9
296 9
297 0
298 -9
299 -9
300 0
301 10
302 10
303 8
304 2
305 -2
306 -8
307 -10
308 -10
309 -8
310 -2
311 2
312 8
313 10
314 11
315 11
316 10
317 9
318 6
319 5
320 1
321 -1
322 -5
323 -6
324 -9
325 -10
326 -11
327 -11
328 -10
329 -9
330 -6
331 -5
332 -1
333 1
334 5
335 6
336 9
337 11
338 11
339 7
340 4
341 -4
342 -7
343 -11
344 -11
345 -7
346 -4
347 4
348 7
349 11
350 11
351 8
352 3
353 -3
354 -8
355 -11
356 -11
357 -8
358 -3
359 3
360 8
361 10
362 10
363 0
364 -10
365 -10
366 0
367 11
368 11
369 9
370 2
371 -2
372 -9
373 -11
374 -11
375 -9
376 -2
377 2
378 9
379 12
380 6
381 -6
382 -12
383 -6
384 6
385 12
386 12
387 7
388 5
389 -5
390 -7
391 -12
392 -12
393 -7
394 -5
395 5
396 7
397 11
398 11
399 10
400 1
401 -1
402 -10
403 -11
404 -11
405 -10
406 -1
407 1
408 10
409 12
410 12
411 8
412 4
413 -4
414 -8
415 -12
416 -12
417 -8
418 -4
419 4
420 8
421 12
422 12
423 9
424 3
425 -3
426 -9
427 -12
428 -12
429 -9
430 -3
431 3
432 9
433 11
434 11
435 0
436 -11
437 -11
438 0
439 12
440 12
441 10
442 2
443 -2
444 -10
445 -12
446 -12
447 -10
448 -2
449 2
450 10
451 13
452 13
453 7
454 6
455 -6
456 -7
457 -13
458 -13
459 -7
460 -6
461 6
462 7
463 13
464 13
465 8
466 5
467 -5
468 -8
469 -13
470 -13
471 -8
472 -5
473 5
474 8
475 12
476 13
477 13
478 12
479 11
480 9
481 4
482 1
483 -1
484 -4
485 -9
486 -11
487 -12
488 -13
489 -13
490 -12
491 -11
492 -9
493 -4
494 -1
495 1
496 4
497 9
498 11
499 13
500 13
501 10
502 3
503 -3
504 -10
505 -13
506 -13
507 -10
508 -3
509 3
510 10
511 12
512 12
513 0
514 -12
515 -12
516 0
517 13
518 14
519 13
520 11
521 7
522 2
523 -2
524 -7
525 -11
526 -13
527 -14
528 -13
529 -11
530 -7
531 -2
532 2
533 7
534 11
535 14
536 14
537 8
538 6
539 -6
540 -8
541 -14
542 -14
543 -8
544 -6
545 6
546 8
547 14
548 14
549 9
550 5
551 -5
552 -9
553 -14
554 -14
555 -9
556 -5
557 5
558 9
559 14
560 14
561 10
562 4
563 -4
564 -10
565 -14
566 -14
567 -10
568 -4
569 4
570 10
571 13
572 13
573 12
574 1
575 -1
576 -12
577 -13
578 -13
579 -12
580 -1
581 1
582 12
583 14
584 14
585 11
586 3
587 -3
588 -11
589 -14
590 -14
591 -11
592 -3
593 3
594 11
595 13
596 15
597 15
598 13
599 8
600 7
601 0
602 -7
603 -8
604 -13
605 -15
606 -15
607 -13
608 -8
609 -7
610 0
611 7
612 8
613 15
614 15
615 9
616 6
617 -6
618 -9
619 -15
620 -15
621 -9
622 -6
623 6
624 9
625 14
626 14
627 12
628 2
629 -2
630 -12
631 -14
632 -14
633 -12
634 -2
635 2
636 12
637 15
638 15
639 10
640 5
641 -5
642 -10
643 -15
644 -15
645 -10
646 -5
647 5
648 10
649 15
650 15
651 11
652 4
653 -4
654 -11
655 -15
656 -15
657 -11
658 -4
659 4
660 11
661 14
662 14
663 13
664 1
665 -1
666 -13
667 -14
668 -14
669 -13
670 -1
671 1
672 13
673 15
674 15
675 12
676 3
677 -3
678 -12
679 -15
680 -15
681 -12
682 -3
683 3
684 12
685 16
686 8
687 -8
688 -16
689 -8
690 8
691 16
692 16
693 9
694 7
695 -7
696 -9
697 -16
698 -16
699 -9
700 -7
701 7
702 9
703 14
704 16
705 16
706 14
707 10
708 6
709 0
710 -6
711 -10
712 -14
713 -16
714 -16
715 -14
716 -10
717 -6
718 0
719 6
720 10
721 15
722 15
723 13
724 2
725 -2
726 -13
727 -15
728 -15
729 -13
730 -2
731 2
732 13
733 16
734 16
735 11
736 5
737 -5
738 -11
739 -16
740 -16
741 -11
742 -5
743 5
744 11
745 16
746 16
747 12
748 4
749 -4
750 -12
751 -16
752 -16
753 -12
754 -4
755 4
756 12
757 15
758 15
759 14
760 1
761 -1
762 -14
763 -15
764 -15
765 -14
766 -1
767 1
768 14
769 16
770 17
771 17
772 16
773 13
774 9
775 8
776 3
777 -3
778 -8
779 -9
780 -13
781 -16
782 -17
783 -17
784 -16
785 -13
786 -9
787 -8
788 -3
789 3
790 8
791 9
792 13
793 17
794 17
795 10
796 7
797 -7
798 -10
799 -17
800 -17
801 -10
802 -7
803 7
804 10
805 17
806 17
807 11
808 6
809 -6
810 -11
811 -17
812 -17
813 -11
814 -6
815 6
816 11
817 15
818 15
819 0
820 -15
821 -15
822 0
823 16
824 16
825 14
826 2
827 -2
828 -14
829 -16
830 -16
831 -14
832 -2
833 2
834 14
835 17
836 17
837 12
838 5
839 -5
840 -12
841 -17
842 -17
843 -12
844 -5
845 5
846 12
847 17
848 17
849 13
850 4
851 -4
852 -13
853 -17
854 -17
855 -13
856 -4
857 4
858 13
859 16
860 16
861 15
862 1
863 -1
864 -15
865 -16
866 -16
867 -15
868 -1
869 1
870 15
871 18
872 9
873 -9
874 -18
875 -9
876 9
877 18
878 18
879 10
880 8
881 -8
882 -10
883 -18
884 -18
885 -10
886 -8
887 8
888 10
889 17
890 18
891 18
892 17
893 14
894 11
895 7
896 3
897 -3
898 -7
899 -11
900 -14
901 -17
902 -18
903 -18
904 -17
905 -14
906 -11
907 -7
908 -3
909 3
910 7
911 11
912 14
913 18
914 18
915 12
916 6
917 -6
918 -12
919 -18
920 -18
921 -12
922 -6
923 6
924 12
925 16
926 16
927 0
928 -16
929 -16
930 0
931 17
932 18
933 18
934 17
935 15
936 13
937 5
938 2
939 -2
940 -5
941 -13
942 -15
943 -17
944 -18
945 -18
946 -17
947 -15
948 -13
949 -5
950 -2
951 2
952 5
953 13
954 15
955 18
956 18
957 14
958 4
959 -4
960 -14
961 -18
962 -18
963 -14
964 -4
965 4
966 14
967 19
968 19
969 10
970 9
971 -9
972 -10
973 -19
974 -19
975 -10
976 -9
977 9
978 10
979 17
980 19
981 19
982 17
983 16
984 11
985 8
986 1
987 -1
988 -8
989 -11
990 -16
991 -17
992 -19
993 -19
994 -17
995 -16
996 -11
997 -8
998 -1
999 1
1000 8
1001 11
1002 16
1003 19
1004 19
1005 12
1006 7
1007 -7
1008 -12
1009 -19
1010 -19
1011 -12
1012 -7
1013 7
1014 12
1015 18
1016 18
1017 15
1018 3
1019 -3
1020 -15
1021 -18
1022 -18
1023 -15
1024 -3
1025 3
1026 15
1027 19
1028 19
1029 13
1030 6
1031 -6
1032 -13
1033 -19
1034 -19
1035 -13
1036 -6
1037 6
1038 13
1039 17
1040 17
1041 0
1042 -17
1043 -17
1044 0
1045 19
1046 19
1047 14
1048 5
1049 -5
1050 -14
1051 -19
1052 -19
1053 -14
1054 -5
1055 5
1056 14
1057 18
1058 18
1059 16
1060 2
1061 -2
1062 -16
1063 -18
1064 -18
1065 -16
1066 -2
1067 2
1068 16
1069 20
1070 10
1071 -10
1072 -20
1073 -10
1074 10
1075 19
1076 20
1077 20
1078 19
1079 15
1080 11
1081 9
1082 4
1083 -4
1084 -9
1085 -11
1086 -15
1087 -19
1088 -20
1089 -20
1090 -19
1091 -15
1092 -11
1093 -9
1094 -4
1095 4
1096 9
1097 11
1098 15
1099 20
1100 20
1101 12
1102 8
1103 -8
1104 -12
1105 -20
1106 -20
1107 -12
1108 -8
1109 8
1110 12
1111 18
1112 18
1113 17
1114 1
1115 -1
1116 -17
1117 -18
1118 -18
1119 -17
1120 -1
1121 1
1122 17
1123 20
1124 20
1125 13
1126 7
1127 -7
1128 -13
1129 -20
1130 -20
1131 -13
1132 -7
1133 7
1134 13
1135 19
1136 19
1137 16
1138 3
1139 -3
1140 -16
1141 -19
1142 -19
1143 -16
1144 -3
1145 3
1146 16
1147 20
1148 20
1149 14
1150 6
1151 -6
1152 -14
1153 -20
1154 -20
1155 -14
1156 -6
1157 6
1158 14
1159 18
1160 18
1161 0
1162 -18
1163 -18
1164 0
1165 20
1166 20
1167 15
1168 5
1169 -5
1170 -15
1171 -20
1172 -20
1173 -15
1174 -5
1175 5
1176 15
1177 19
1178 19
1179 17
1180 2
1181 -2
1182 -17
1183 -19
1184 -19
1185 -17
1186 -2
1187 2
1188 17
1189 21
1190 21
1191 11
1192 10
1193 -10
1194 -11
1195 -21
1196 -21
1197 -11
1198 -10
1199 10
1200 11
1201 21
1202 21
1203 12
1204 9
1205 -9
1206 -12
1207 -21
1208 -21
1209 -12
1210 -9
1211 9
1212 12
1213 20
1214 20
1215 16
1216 4
1217 -4
1218 -16
1219 -20
1220 -20
1221 -16
1222 -4
1223 4
1224 16
1225 21
1226 21
1227 13
1228 8
1229 -8
1230 -13
1231 -21
1232 -21
1233 -13
1234 -8
1235 8
1236 13
1237 19
1238 21
1239 21
1240 19
1241 18
1242 14
1243 7
1244 1
1245 -1
1246 -7
1247 -14
1248 -18
1249 -19
1250 -21
1251 -21
1252 -19
1253 -18
1254 -14
1255 -7
1256 -1
1257 1
1258 7
1259 14
1260 18
1261 20
1262 20
1263 17
1264 3
1265 -3
1266 -17
1267 -20
1268 -20
1269 -17
1270 -3
1271 3
1272 17
1273 21
1274 21
1275 15
1276 6
1277 -6
1278 -15
1279 -21
1280 -21
1281 -15
1282 -6
1283 6
1284 15
1285 19
1286 21
1287 21
1288 19
1289 16
1290 5
1291 0
1292 -5
1293 -16
1294 -19
1295 -21
1296 -21
1297 -19
1298 -16
1299 -5
1300 0
1301 5
1302 16
1303 22
1304 11
1305 -11
1306 -22
1307 -11
1308 11
1309 20
1310 22
1311 22
1312 20
1313 18
1314 12
1315 10
1316 2
1317 -2
1318 -10
1319 -12
1320 -18
1321 -20
1322 -22
1323 -22
1324 -20
1325 -18
1326 -12
1327 -10
1328 -2
1329 2
1330 10
1331 12
1332 18
1333 22
1334 22
1335 13
1336 9
1337 -9
1338 -13
1339 -22
1340 -22
1341 -13
1342 -9
1343 9
1344 13
1345 22
1346 22
1347 14
1348 8
1349 -8
1350 -14
1351 -22
1352 -22
1353 -14
1354 -8
1355 8
1356 14
1357 21
1358 21
1359 17
1360 4
1361 -4
1362 -17
1363 -21
1364 -21
1365 -17
1366 -4
1367 4
1368 17
1369 22
1370 22
1371 15
1372 7
1373 -7
1374 -15
1375 -22
1376 -22
1377 -15
1378 -7
1379 7
1380 15
1381 20
1382 20
1383 19
1384 1
1385 -1
1386 -19
1387 -20
1388 -20
1389 -19
1390 -1
1391 1
1392 19
1393 21
1394 21
1395 18
1396 3
1397 -3
1398 -18
1399 -21
1400 -21
1401 -18
1402 -3
1403 3
1404 18
1405 22
1406 22
1407 16
1408 6
1409 -6
1410 -16
1411 -22
1412 -22
1413 -16
1414 -6
1415 6
1416 16
1417 23
1418 23
1419 12
1420 11
1421 -11
1422 -12
1423 -23
1424 -23
1425 -12
1426 -11
1427 11
1428 12
1429 22
1430 23
1431 23
1432 22
1433 17
1434 13
1435 10
1436 5
1437 -5
1438 -10
1439 -13
1440 -17
1441 -22
1442 -23
1443 -23
1444 -22
1445 -17
1446 -13
1447 -10
1448 -5
1449 5
1450 10
1451 13
1452 17
1453 20
1454 20
1455 0
1456 -20
1457 -20
1458 0
1459 21
1460 23
1461 23
1462 21
1463 19
1464 14
1465 9
1466 2
1467 -2
1468 -9
1469 -14
1470 -19
1471 -21
1472 -23
1473 -23
1474 -21
1475 -19
1476 -14
1477 -9
1478 -2
1479 2
1480 9
1481 14
1482 19
1483 23
1484 23
1485 15
1486 8
1487 -8
1488 -15
1489 -23
1490 -23
1491 -15
1492 -8
1493 8
1494 15
1495 22
1496 22
1497 18
1498 4
1499 -4
1500 -18
1501 -22
1502 -22
1503 -18
1504 -4
1505 4
1506 18
1507 23
1508 23
1509 16
1510 7
1511 -7
1512 -16
1513 -23
1514 -23
1515 -16
1516 -7
1517 7
1518 16
1519 21
1520 21
1521 20
1522 1
1523 -1
1524 -20
1525 -21
1526 -21
1527 -20
1528 -1
1529 1
1530 20
1531 22
1532 23
1533 23
1534 22
1535 19
1536 17
1537 6
1538 3
1539 -3
1540 -6
1541 -17
1542 -19
1543 -22
1544 -23
1545 -23
1546 -22
1547 -19
1548 -17
1549 -6
1550 -3
1551 3
1552 6
1553 17
1554 19
1555 24
1556 12
1557 -12
1558 -24
1559 -12
1560 12
1561 24
1562 24
1563 13
1564 11
1565 -11
1566 -13
1567 -24
1568 -24
1569 -13
1570 -11
1571 11
1572 13
1573 24
1574 24
1575 14
1576 10
1577 -10
1578 -14
1579 -24
1580 -24
1581 -14
1582 -10
1583 10
1584 14
1585 23
1586 23
1587 18
1588 5
1589 -5
1590 -18
1591 -23
1592 -23
1593 -18
1594 -5
1595 5
1596 18
1597 21
1598 24
1599 24
1600 21
1601 15
1602 9
1603 0
1604 -9
1605 -15
1606 -21
1607 -24
1608 -24
1609 -21
1610 -15
1611 -9
1612 0
1613 9
1614 15
1615 22
1616 22
1617 20
1618 2
1619 -2
1620 -20
1621 -22
1622 -22
1623 -20
1624 -2
1625 2
1626 20
1627 24
1628 24
1629 16
1630 8
1631 -8
1632 -16
1633 -24
1634 -24
1635 -16
1636 -8
1637 8
1638 16
1639 23
1640 23
1641 19
1642 4
1643 -4
1644 -19
1645 -23
1646 -23
1647 -19
1648 -4
1649 4
1650 19
1651 24
1652 24
1653 17
1654 7
1655 -7
1656 -17
1657 -24
1658 -24
1659 -17
1660 -7
1661 7
1662 17
1663 22
1664 22
1665 21
1666 1
1667 -1
1668 -21
1669 -22
1670 -22
1671 -21
1672 -1
1673 1
1674 21
1675 24
1676 24
1677 18
1678 6
1679 -6
1680 -18
1681 -24
1682 -24
1683 -18
1684 -6
1685 6
1686 18
1687 23
1688 25
1689 25
1690 23
1691 20
1692 13
1693 12
1694 3
1695 -3
1696 -12
1697 -13
1698 -20
1699 -23
1700 -25
1701 -25
1702 -23
1703 -20
1704 -13
1705 -12
1706 -3
1707 3
1708 12
1709 13
1710 20
1711 25
1712 25
1713 14
1714 11
1715 -11
1716 -14
1717 -25
1718 -25
1719 -14
1720 -11
1721 11
1722 14
1723 25
1724 25
1725 15
1726 10
1727 -10
1728 -15
1729 -25
1730 -25
1731 -15
1732 -10
1733 10
1734 15
1735 24
1736 25
1737 25
1738 24
1739 19
1740 16
1741 9
1742 5
1743 -5
1744 -9
1745 -16
1746 -19
1747 -24
1748 -25
1749 -25
1750 -24
1751 -19
1752 -16
1753 -9
1754 -5
1755 5
1756 9
1757 16
1758 19
1759 22
1760 22
1761 0
1762 -22
1763 -22
1764 0
1765 23
1766 23
1767 21
1768 2
1769 -2
1770 -21
1771 -23
1772 -23
1773 -21
1774 -2
1775 2
1776 21
1777 25
1778 25
1779 17
1780 8
1781 -8
1782 -17
1783 -25
1784 -25
1785 -17
1786 -8
1787 8
1788 17
1789 24
1790 24
1791 20
1792 4
1793 -4
1794 -20
1795 -24
1796 -24
1797 -20
1798 -4
1799 4
1800 20
1801 25
1802 25
1803 18
1804 7
1805 -7
1806 -18
1807 -25
1808 -25
1809 -18
1810 -7
1811 7
1812 18
1813 23
1814 26
1815 23
1816 22
1817 13
1818 1
1819 -1
1820 -13
1821 -22
1822 -23
1823 -26
1824 -23
1825 -22
1826 -13
1827 -1
1828 1
1829 13
1830 22
1831 26
1832 26
1833 14
1834 12
1835 -12
1836 -14
1837 -26
1838 -26
1839 -14
1840 -12
1841 12
1842 14
1843 25
1844 26
1845 26
1846 25
1847 19
1848 15
1849 11
1850 6
1851 -6
1852 -11
1853 -15
1854 -19
1855 -25
1856 -26
1857 -26
1858 -25
1859 -19
1860 -15
1861 -11
1862 -6
1863 6
1864 11
1865 15
1866 19
1867 24
1868 24
1869 21
1870 3
1871 -3
1872 -21
1873 -24
1874 -24
1875 -21
1876 -3
1877 3
1878 21
1879 26
1880 26
1881 16
1882 10
1883 -10
1884 -16
1885 -26
1886 -26
1887 -16
1888 -10
1889 10
1890 16
1891 26
1892 26
1893 17
1894 9
1895 -9
1896 -17
1897 -26
1898 -26
1899 -17
1900 -9
1901 9
1902 17
1903 25
1904 25
1905 20
1906 5
1907 -5
1908 -20
1909 -25
1910 -25
1911 -20
1912 -5
1913 5
1914 20
1915 23
1916 23
1917 0
1918 -23
1919 -23
1920 0
1921 24
1922 26
1923 26
1924 24
1925 22
1926 18
1927 8
1928 2
1929 -2
1930 -8
1931 -18
1932 -22
1933 -24
1934 -26
1935 -26
1936 -24
1937 -22
1938 -18
1939 -8
1940 -2
1941 2
1942 8
1943 18
1944 22
1945 25
1946 25
1947 21
1948 4
1949 -4
1950 -21
1951 -25
1952 -25
1953 -21
1954 -4
1955 4
1956 21
1957 26
1958 26
1959 19
1960 7
1961 -7
1962 -19
1963 -26
1964 -26
1965 -19
1966 -7
1967 7
1968 19
1969 27
1970 27
1971 14
1972 13
1973 -13
1974 -14
1975 -27
1976 -27
1977 -14
1978 -13
1979 13
1980 14
1981 27
1982 27
1983 15
1984 12
1985 -12
1986 -15
1987 -27
1988 -27
1989 -15
1990 -12
1991 12
1992 15
1993 24
1994 27
1995 27
1996 24
1997 23
1998 16
1999 11
2000 1
2001 -1
2002 -11
2003 -16
2004 -23
2005 -24
2006 -27
2007 -27
2008 -24
2009 -23
2010 -16
2011 -11
2012 -1
2013 1
2014 11
2015 16
2016 23
2017 26
2018 26
2019 20
2020 6
2021 -6
2022 -20
2023 -26
2024 -26
2025 -20
2026 -6
2027 6
2028 20
2029 25
2030 27
2031 27
2032 25
2033 22
2034 17
2035 10
2036 3
2037 -3
2038 -10
2039 -17
2040 -22
2041 -25
2042 -27
2043 -27
2044 -25
2045 -22
2046 -17
2047 -10
2048 -3
2049 3
2050 10
2051 17
2052 22
2053 27
2054 27
2055 18
2056 9
2057 -9
2058 -18
2059 -27
2060 -27
2061 -18
2062 -9
2063 9
2064 18
2065 26
2066 26
2067 21
2068 5
2069 -5
2070 -21
2071 -26
2072 -26
2073 -21
2074 -5
2075 5
2076 21
2077 24
2078 24
2079 0
2080 -24
2081 -24
2082 0
2083 27
2084 27
2085 19
2086 8
2087 -8
2088 -19
2089 -27
2090 -27
2091 -19
2092 -8
2093 8
2094 19
2095 25
2096 25
2097 23
2098 2
2099 -2
2100 -23
2101 -25
2102 -25
2103 -23
2104 -2
2105 2
2106 23
2107 26
2108 28
2109 26
2110 22
2111 14
2112 4
2113 -4
2114 -14
2115 -22
2116 -26
2117 -28
2118 -26
2119 -22
2120 -14
2121 -4
2122 4
2123 14
2124 22
2125 27
2126 28
2127 28
2128 27
2129 20
2130 15
2131 13
2132 7
2133 -7
2134 -13
2135 -15
2136 -20
2137 -27
2138 -28
2139 -28
2140 -27
2141 -20
2142 -15
2143 -13
2144 -7
2145 7
2146 13
2147 15
2148 20
2149 28
2150 28
2151 16
2152 12
2153 -12
2154 -16
2155 -28
2156 -28
2157 -16
2158 -12
2159 12
2160 16
2161 28
2162 28
2163 17
2164 11
2165 -11
2166 -17
2167 -28
2168 -28
2169 -17
2170 -11
2171 11
2172 17
2173 25
2174 25
2175 24
2176 1
2177 -1
2178 -24
2179 -25
2180 -25
2181 -24
2182 -1
2183 1
2184 24
2185 27
2186 27
2187 21
2188 6
2189 -6
2190 -21
2191 -27
2192 -27
2193 -21
2194 -6
2195 6
2196 21
2197 28
2198 28
2199 18
2200 10
2201 -10
2202 -18
2203 -28
2204 -28
2205 -18
2206 -10
2207 10
2208 18
2209 26
2210 26
2211 23
2212 3
2213 -3
2214 -23
2215 -26
2216 -26
2217 -23
2218 -3
2219 3
2220 23
2221 28
2222 28
2223 19
2224 9
2225 -9
2226 -19
2227 -28
2228 -28
2229 -19
2230 -9
2231 9
2232 19
2233 27
2234 27
2235 22
2236 5
2237 -5
2238 -22
2239 -27
2240 -27
2241 -22
2242 -5
2243 5
2244 22
2245 28
2246 28
2247 20
2248 8
2249 -8
2250 -20
2251 -28
2252 -28
2253 -20
2254 -8
2255 8
2256 20
2257 25
2258 25
2259 0
2260 -25
2261 -25
2262 0
2263 26
2264 26
2265 24
2266 2
2267 -2
2268 -24
2269 -26
2270 -26
2271 -24
2272 -2
2273 2
2274 24
2275 29
2276 29
2277 15
2278 14
2279 -14
2280 -15
2281 -29
2282 -29
2283 -15
2284 -14
2285 14
2286 15
2287 29
2288 29
2289 16
2290 13
2291 -13
2292 -16
2293 -29
2294 -29
2295 -16
2296 -13
2297 13
2298 16
2299 27
2300 28
2301 29
2302 29
2303 28
2304 27
2305 23
2306 21
2307 17
2308 12
2309 7
2310 4
2311 -4
2312 -7
2313 -12
2314 -17
2315 -21
2316 -23
2317 -27
2318 -28
2319 -29
2320 -29
2321 -28
2322 -27
2323 -23
2324 -21
2325 -17
2326 -12
2327 -7
2328 -4
2329 4
2330 7
2331 12
2332 17
2333 21
2334 23
2335 29
2336 29
2337 18
2338 11
2339 -11
2340 -18
2341 -29
2342 -29
2343 -18
2344 -11
2345 11
2346 18
2347 26
2348 29
2349 29
2350 26
2351 25
2352 19
2353 10
2354 1
2355 -1
2356 -10
2357 -19
2358 -25
2359 -26
2360 -29
2361 -29
2362 -26
2363 -25
2364 -19
2365 -10
2366 -1
2367 1
2368 10
2369 19
2370 25
2371 28
2372 28
2373 22
2374 6
2375 -6
2376 -22
2377 -28
2378 -28
2379 -22
2380 -6
2381 6
2382 22
2383 27
2384 27
2385 24
2386 3
2387 -3
2388 -24
2389 -27
2390 -27
2391 -24
2392 -3
2393 3
2394 24
2395 29
2396 29
2397 20
2398 9
2399 -9
2400 -20
2401 -29
2402 -29
2403 -20
2404 -9
2405 9
2406 20
2407 28
2408 28
2409 23
2410 5
2411 -5
2412 -23
2413 -28
2414 -28
2415 -23
2416 -5
2417 5
2418 23
2419 29
2420 29
2421 21
2422 8
2423 -8
2424 -21
2425 -29
2426 -29
2427 -21
2428 -8
2429 8
2430 21
2431 30
2432 15
2433 -15
2434 -30
2435 -15
2436 15
2437 26
2438 30
2439 30
2440 26
2441 16
2442 14
2443 0
2444 -14
2445 -16
2446 -26
2447 -30
2448 -30
2449 -26
2450 -16
2451 -14
2452 0
2453 14
2454 16
2455 27
2456 30
2457 30
2458 27
2459 25
2460 17
2461 13
2462 2
2463 -2
2464 -13
2465 -17
2466 -25
2467 -27
2468 -30
2469 -30
2470 -27
2471 -25
2472 -17
2473 -13
2474 -2
2475 2
2476 13
2477 17
2478 25
2479 30
2480 30
2481 18
2482 12
2483 -12
2484 -18
2485 -30
2486 -30
2487 -18
2488 -12
2489 12
2490 18
2491 29
2492 29
2493 22
2494 7
2495 -7
2496 -22
2497 -29
2498 -29
2499 -22
2500 -7
2501 7
2502 22
2503 28
2504 28
2505 24
2506 4
2507 -4
2508 -24
2509 -28
2510 -28
2511 -24
2512 -4
2513 4
2514 24
2515 30
2516 30
2517 19
2518 11
2519 -11
2520 -19
2521 -30
2522 -30
2523 -19
2524 -11
2525 11
2526 19
2527 30
2528 30
2529 20
2530 10
2531 -10
2532 -20
2533 -30
2534 -30
2535 -20
2536 -10
2537 10
2538 20
2539 27
2540 29
2541 29
2542 27
2543 26
2544 23
2545 6
2546 1
2547 -1
2548 -6
2549 -23
2550 -26
2551 -27
2552 -29
2553 -29
2554 -27
2555 -26
2556 -23
2557 -6
2558 -1
2559 1
2560 6
2561 23
2562 26
2563 28
2564 28
2565 25
2566 3
2567 -3
2568 -25
2569 -28
2570 -28
2571 -25
2572 -3
2573 3
2574 25
2575 30
2576 30
2577 21
2578 9
2579 -9
2580 -21
2581 -30
2582 -30
2583 -21
2584 -9
2585 9
2586 21
2587 29
2588 31
2589 31
2590 29
2591 24
2592 16
2593 15
2594 5
2595 -5
2596 -15
2597 -16
2598 -24
2599 -29
2600 -31
2601 -31
2602 -29
2603 -24
2604 -16
2605 -15
2606 -5
2607 5
2608 15
2609 16
2610 24
2611 31
2612 31
2613 17
2614 14
2615 -14
2616 -17
2617 -31
2618 -31
2619 -17
2620 -14
2621 14
2622 17
2623 30
2624 30
2625 22
2626 8
2627 -8
2628 -22
2629 -30
2630 -30
2631 -22
2632 -8
2633 8
2634 22
2635 31
2636 31
2637 18
2638 13
2639 -13
2640 -18
2641 -31
2642 -31
2643 -18
2644 -13
2645 13
2646 18
2647 27
2648 27
2649 0
2650 -27
2651 -27
2652 0
2653 28
2654 28
2655 26
2656 2
2657 -2
2658 -26
2659 -28
2660 -28
2661 -26
2662 -2
2663 2
2664 26
2665 31
2666 31
2667 19
2668 12
2669 -12
2670 -19
2671 -31
2672 -31
2673 -19
2674 -12
2675 12
2676 19
2677 30
2678 30
2679 23
2680 7
2681 -7
2682 -23
2683 -30
2684 -30
2685 -23
2686 -7
2687 7
2688 23
2689 29
2690 31
2691 31
2692 29
2693 25
2694 20
2695 11
2696 4
2697 -4
2698 -11
2699 -20
2700 -25
2701 -29
2702 -31
2703 -31
2704 -29
2705 -25
2706 -20
2707 -11
2708 -4
2709 4
2710 11
2711 20
2712 25
2713 31
2714 31
2715 21
2716 10
2717 -10
2718 -21
2719 -31
2720 -31
2721 -21
2722 -10
2723 10
2724 21
2725 30
2726 30
2727 24
2728 6
2729 -6
2730 -24
2731 -30
2732 -30
2733 -24
2734 -6
2735 6
2736 24
2737 28
2738 28
2739 27
2740 1
2741 -1
2742 -27
2743 -28
2744 -28
2745 -27
2746 -1
2747 1
2748 27
2749 29
2750 31
2751 31
2752 29
2753 26
2754 22
2755 9
2756 3
2757 -3
2758 -9
2759 -22
2760 -26
2761 -29
2762 -31
2763 -31
2764 -29
2765 -26
2766 -22
2767 -9
2768 -3
2769 3
2770 9
2771 22
2772 26
2773 32
2774 16
2775 -16
2776 -32
2777 -16
2778 16
2779 32
2780 32
2781 17
2782 15
2783 -15
2784 -17
2785 -32
2786 -32
2787 -17
2788 -15
2789 15
2790 17
2791 32
2792 32
2793 18
2794 14
2795 -14
2796 -18
2797 -32
2798 -32
2799 -18
2800 -14
2801 14
2802 18
2803 30
2804 30
2805 25
2806 5
2807 -5
2808 -25
2809 -30
2810 -30
2811 -25
2812 -5
2813 5
2814 25
2815 31
2816 32
2817 32
2818 31
2819 23
2820 19
2821 13
2822 8
2823 -8
2824 -13
2825 -19
2826 -23
2827 -31
2828 -32
2829 -32
2830 -31
2831 -23
2832 -19
2833 -13
2834 -8
2835 8
2836 13
2837 19
2838 23
2839 28
2840 32
2841 32
2842 28
2843 20
2844 12
2845 0
2846 -12
2847 -20
2848 -28
2849 -32
2850 -32
2851 -28
2852 -20
2853 -12
2854 0
2855 12
2856 20
2857 29
2858 29
2859 27
2860 2
2861 -2
2862 -27
2863 -29
2864 -29
2865 -27
2866 -2
2867 2
2868 27
2869 31
2870 32
2871 32
2872 31
2873 24
2874 21
2875 11
2876 7
2877 -7
2878 -11
2879 -21
2880 -24
2881 -31
2882 -32
2883 -32
2884 -31
2885 -24
2886 -21
2887 -11
2888 -7
2889 7
2890 11
2891 21
2892 24
2893 30
2894 30
2895 26
2896 4
2897 -4
2898 -26
2899 -30
2900 -30
2901 -26
2902 -4
2903 4
2904 26
2905 32
2906 32
2907 22
2908 10
2909 -10
2910 -22
2911 -32
2912 -32
2913 -22
2914 -10
2915 10
2916 22
2917 31
2918 31
2919 25
2920 6
2921 -6
2922 -25
2923 -31
2924 -31
2925 -25
2926 -6
2927 6
2928 25
2929 29
2930 29
2931 28
2932 1
2933 -1
2934 -28
2935 -29
2936 -29
2937 -28
2938 -1
2939 1
2940 28
2941 32
2942 33
2943 33
2944 32
2945 23
2946 17
2947 16
2948 9
2949 -9
2950 -16
2951 -17
2952 -23
2953 -32
2954 -33
2955 -33
2956 -32
2957 -23
2958 -17
2959 -16
2960 -9
2961 9
2962 16
2963 17
2964 23
2965 30
2966 33
2967 33
2968 30
2969 27
2970 18
2971 15
2972 3
2973 -3
2974 -15
2975 -18
2976 -27
2977 -30
2978 -33
2979 -33
2980 -30
2981 -27
2982 -18
2983 -15
2984 -3
2985 3
2986 15
2987 18
2988 27
2989 33
2990 33
2991 19
2992 14
2993 -14
2994 -19
2995 -33
2996 -33
2997 -19
2998 -14
2999 14
3000 19
3001 33
3002 33
3003 20
3004 13
3005 -13
3006 -20
3007 -33
3008 -33
3009 -20
3010 -13
3011 13
3012 20
3013 31
3014 31
3015 26
3016 5
3017 -5
3018 -26
3019 -31
3020 -31
3021 -26
3022 -5
3023 5
3024 26
3025 32
3026 32
3027 24
3028 8
3029 -8
3030 -24
3031 -32
3032 -32
3033 -24
3034 -8
3035 8
3036 24
3037 33
3038 33
3039 21
3040 12
3041 -12
3042 -21
3043 -33
3044 -33
3045 -21
3046 -12
3047 12
3048 21
3049 29
3050 29
3051 0
3052 -29
3053 -29
3054 0
3055 30
3056 30
3057 28
3058 2
3059 -2
3060 -28
3061 -30
3062 -30
3063 -28
3064 -2
3065 2
3066 28
3067 33
3068 33
3069 22
3070 11
3071 -11
3072 -22
3073 -33
3074 -33
3075 -22
3076 -11
3077 11
3078 22
3079 32
3080 32
3081 25
3082 7
3083 -7
3084 -25
3085 -32
3086 -32
3087 -25
3088 -7
3089 7
3090 25
3091 31
3092 31
3093 27
3094 4
3095 -4
3096 -27
3097 -31
3098 -31
3099 -27
3100 -4
3101 4
3102 27
3103 33
3104 33
3105 23
3106 10
3107 -10
3108 -23
3109 -33
3110 -33
3111 -23
3112 -10
3113 10
3114 23
3115 34
3116 17
3117 -17
3118 -34
3119 -17
3120 17
3121 32
3122 34
3123 34
3124 32
3125 26
3126 18
3127 16
3128 6
3129 -6
3130 -16
3131 -18
3132 -26
3133 -32
3134 -34
3135 -34
3136 -32
3137 -26
3138 -18
3139 -16
3140 -6
3141 6
3142 16
3143 18
3144 26
3145 30
3146 34
3147 34
3148 30
3149 29
3150 19
3151 15
3152 1
3153 -1
3154 -15
3155 -19
3156 -29
3157 -30
3158 -34
3159 -34
3160 -30
3161 -29
3162 -19
3163 -15
3164 -1
3165 1
3166 15
3167 19
3168 29
3169 33
3170 33
3171 24
3172 9
3173 -9
3174 -24
3175 -33
3176 -33
3177 -24
3178 -9
3179 9
3180 24
3181 34
3182 34
3183 20
3184 14
3185 -14
3186 -20
3187 -34
3188 -34
3189 -20
3190 -14
3191 14
3192 20
3193 31
3194 31
3195 28
3196 3
3197 -3
3198 -28
3199 -31
3200 -31
3201 -28
3202 -3
3203 3
3204 28
3205 34
3206 34
3207 21
3208 13
3209 -13
3210 -21
3211 -34
3212 -34
3213 -21
3214 -13
3215 13
3216 21
3217 32
3218 33
3219 33
3220 32
3221 27
3222 25
3223 8
3224 5
3225 -5
3226 -8
3227 -25
3228 -27
3229 -32
3230 -33
3231 -33
3232 -32
3233 -27
3234 -25
3235 -8
3236 -5
3237 5
3238 8
3239 25
3240 27
3241 34
3242 34
3243 22
3244 12
3245 -12
3246 -22
3247 -34
3248 -34
3249 -22
3250 -12
3251 12
3252 22
3253 30
3254 30
3255 0
3256 -30
3257 -30
3258 0
3259 31
3260 34
3261 34
3262 31
3263 29
3264 23
3265 11
3266 2
3267 -2
3268 -11
3269 -23
3270 -29
3271 -31
3272 -34
3273 -34
3274 -31
3275 -29
3276 -23
3277 -11
3278 -2
3279 2
3280 11
3281 23
3282 29
3283 33
3284 33
3285 26
3286 7
3287 -7
3288 -26
3289 -33
3290 -33
3291 -26
3292 -7
3293 7
3294 26
3295 32
3296 32
3297 28
3298 4
3299 -4
3300 -28
3301 -32
3302 -32
3303 -28
3304 -4
3305 4
3306 28
3307 34
3308 34
3309 24
3310 10
3311 -10
3312 -24
3313 -34
3314 -34
3315 -24
3316 -10
3317 10
3318 24
3319 35
3320 35
3321 18
3322 17
3323 -17
3324 -18
3325 -35
3326 -35
3327 -18
3328 -17
3329 17
3330 18
3331 35
3332 35
3333 19
3334 16
3335 -16
3336 -19
3337 -35
3338 -35
3339 -19
3340 -16
3341 16
3342 19
3343 35
3344 35
3345 20
3346 15
3347 -15
3348 -20
3349 -35
3350 -35
3351 -20
3352 -15
3353 15
3354 20
3355 33
3356 33
3357 27
3358 6
3359 -6
3360 -27
3361 -33
3362 -33
3363 -27
3364 -6
3365 6
3366 27
3367 31
3368 34
3369 35
3370 35
3371 34
3372 31
3373 30
3374 25
3375 21
3376 14
3377 9
3378 1
3379 -1
3380 -9
3381 -14
3382 -21
3383 -25
3384 -30
3385 -31
3386 -34
3387 -35
3388 -35
3389 -34
3390 -31
3391 -30
3392 -25
3393 -21
3394 -14
3395 -9
3396 -1
3397 1
3398 9
3399 14
3400 21
3401 25
3402 30
3403 32
3404 32
3405 29
3406 3
3407 -3
3408 -29
3409 -32
3410 -32
3411 -29
3412 -3
3413 3
3414 29
3415 35
3416 35
3417 22
3418 13
3419 -13
3420 -22
3421 -35
3422 -35
3423 -22
3424 -13
3425 13
3426 22
3427 34
3428 34
3429 26
3430 8
3431 -8
3432 -26
3433 -34
3434 -34
3435 -26
3436 -8
3437 8
3438 26
3439 33
3440 35
3441 35
3442 33
3443 28
3444 23
3445 12
3446 5
3447 -5
3448 -12
3449 -23
3450 -28
3451 -33
3452 -35
3453 -35
3454 -33
3455 -28
3456 -23
3457 -12
3458 -5
3459 5
3460 12
3461 23
3462 28
3463 31
3464 35
3465 35
3466 31
3467 24
3468 11
3469 0
3470 -11
3471 -24
3472 -31
3473 -35
3474 -35
3475 -31
3476 -24
3477 -11
3478 0
3479 11
3480 24
3481 32
3482 32
3483 30
3484 2
3485 -2
3486 -30
3487 -32
3488 -32
3489 -30
3490 -2
3491 2
3492 30
3493 34
3494 34
3495 27
3496 7
3497 -7
3498 -27
3499 -34
3500 -34
3501 -27
3502 -7
3503 7
3504 27
3505 36
3506 18
3507 -18
3508 -36
3509 -18
3510 18
3511 33
3512 36
3513 36
3514 33
3515 29
3516 19
3517 17
3518 4
3519 -4
3520 -17
3521 -19
3522 -29
3523 -33
3524 -36
3525 -36
3526 -33
3527 -29
3528 -19
3529 -17
3530 -4
3531 4
3532 17
3533 19
3534 29
3535 35
3536 35
3537 25
3538 10
3539 -10
3540 -25
3541 -35
3542 -35
3543 -25
3544 -10
3545 10
3546 25
3547 36
3548 36
3549 20
3550 16
3551 -16
3552 -20
3553 -36
3554 -36
3555 -20
3556 -16
3557 16
3558 20
3559 36
3560 36
3561 21
3562 15
3563 -15
3564 -21
3565 -36
3566 -36
3567 -21
3568 -15
3569 15
3570 21
3571 34
3572 36
3573 36
3574 34
3575 28
3576 22
3577 14
3578 6
3579 -6
3580 -14
3581 -22
3582 -28
3583 -34
3584 -36
3585 -36
3586 -34
3587 -28
3588 -22
3589 -14
3590 -6
3591 6
3592 14
3593 22
3594 28
3595 35
3596 35
3597 26
3598 9
3599 -9
3600 -26
3601 -35
3602 -35
3603 -26
3604 -9
3605 9
3606 26
3607 32
3608 32
3609 31
3610 1
3611 -1
3612 -31
3613 -32
3614 -32
3615 -31
3616 -1
3617 1
3618 31
3619 36
3620 36
3621 23
3622 13
3623 -13
3624 -23
3625 -36
3626 -36
3627 -23
3628 -13
3629 13
3630 23
3631 33
3632 33
3633 30
3634 3
3635 -3
3636 -30
3637 -33
3638 -33
3639 -30
3640 -3
3641 3
3642 30
3643 36
3644 36
3645 24
3646 12
3647 -12
3648 -24
3649 -36
3650 -36
3651 -24
3652 -12
3653 12
3654 24
3655 35
3656 35
3657 27
3658 8
3659 -8
3660 -27
3661 -35
3662 -35
3663 -27
3664 -8
3665 8
3666 27
3667 34
3668 34
3669 29
3670 5
3671 -5
3672 -29
3673 -34
3674 -34
3675 -29
3676 -5
3677 5
3678 29
3679 36
3680 36
3681 25
3682 11
3683 -11
3684 -25
3685 -36
3686 -36
3687 -25
3688 -11
3689 11
3690 25
3691 32
3692 32
3693 0
3694 -32
3695 -32
3696 0
3697 33
3698 37
3699 37
3700 33
3701 31
3702 19
3703 18
3704 2
3705 -2
3706 -18
3707 -19
3708 -31
3709 -33
3710 -37
3711 -37
3712 -33
3713 -31
3714 -19
3715 -18
3716 -2
3717 2
3718 18
3719 19
3720 31
3721 35
3722 37
3723 37
3724 35
3725 28
3726 20
3727 17
3728 7
3729 -7
3730 -17
3731 -20
3732 -28
3733 -35
3734 -37
3735 -37
3736 -35
3737 -28
3738 -20
3739 -17
3740 -7
3741 7
3742 17
3743 20
3744 28
3745 37
3746 37
3747 21
3748 16
3749 -16
3750 -21
3751 -37
3752 -37
3753 -21
3754 -16
3755 16
3756 21
3757 34
3758 36
3759 36
3760 34
3761 30
3762 26
3763 10
3764 4
3765 -4
3766 -10
3767 -26
3768 -30
3769 -34
3770 -36
3771 -36
3772 -34
3773 -30
3774 -26
3775 -10
3776 -4
3777 4
3778 10
3779 26
3780 30
3781 37
3782 37
3783 22
3784 15
3785 -15
3786 -22
3787 -37
3788 -37
3789 -22
3790 -15
3791 15
3792 22
3793 37
3794 37
3795 23
3796 14
3797 -14
3798 -23
3799 -37
3800 -37
3801 -23
3802 -14
3803 14
3804 23
3805 35
3806 35
3807 29
3808 6
3809 -6
3810 -29
3811 -35
3812 -35
3813 -29
3814 -6
3815 6
3816 29
3817 36
3818 36
3819 27
3820 9
3821 -9
3822 -27
3823 -36
3824 -36
3825 -27
3826 -9
3827 9
3828 27
3829 33
3830 37
3831 37
3832 33
3833 32
3834 24
3835 13
3836 1
3837 -1
3838 -13
3839 -24
3840 -32
3841 -33
3842 -37
3843 -37
3844 -33
3845 -32
3846 -24
3847 -13
3848 -1
3849 1
3850 13
3851 24
3852 32
3853 34
3854 34
3855 31
3856 3
3857 -3
3858 -31
3859 -34
3860 -34
3861 -31
3862 -3
3863 3
3864 31
3865 37
3866 37
3867 25
3868 12
3869 -12
3870 -25
3871 -37
3872 -37
3873 -25
3874 -12
3875 12
3876 25
3877 36
3878 36
3879 28
3880 8
3881 -8
3882 -28
3883 -36
3884 -36
3885 -28
3886 -8
3887 8
3888 28
3889 35
3890 35
3891 30
3892 5
3893 -5
3894 -30
3895 -35
3896 -35
3897 -30
3898 -5
3899 5
3900 30
3901 37
3902 38
3903 37
3904 26
3905 19
3906 11
3907 -11
3908 -19
3909 -26
3910 -37
3911 -38
3912 -37
3913 -26
3914 -19
3915 -11
3916 11
3917 19
3918 26
3919 38
3920 38
3921 20
3922 18
3923 -18
3924 -20
3925 -38
3926 -38
3927 -20
3928 -18
3929 18
3930 20
3931 38
3932 38
3933 21
3934 17
3935 -17
3936 -21
3937 -38
3938 -38
3939 -21
3940 -17
3941 17
3942 21
3943 33
3944 33
3945 0
3946 -33
3947 -33
3948 0
3949 34
3950 38
3951 38
3952 34
3953 32
3954 22
3955 16
3956 2
3957 -2
3958 -16
3959 -22
3960 -32
3961 -34
3962 -38
3963 -38
3964 -34
3965 -32
3966 -22
3967 -16
3968 -2
3969 2
3970 16
3971 22
3972 32
3973 36
3974 36
3975 29
3976 7
3977 -7
3978 -29
3979 -36
3980 -36
3981 -29
3982 -7
3983 7
3984 29
3985 37
3986 38
3987 38
3988 37
3989 27
3990 23
3991 15
3992 10
3993 -10
3994 -15
3995 -23
3996 -27
3997 -37
3998 -38
3999 -38
4000 -37
4001 -27
4002 -23
4003 -15
4004 -10
4005 10
4006 15
4007 23
4008 27
4009 35
4010 35
4011 31
4012 4
4013 -4
4014 -31
4015 -35
4016 -35
4017 -31
4018 -4
4019 4
4020 31
4021 38
4022 38
4023 24
4024 14
4025 -14
4026 -24
4027 -38
4028 -38
4029 -24
4030 -14
4031 14
4032 24
4033 36
4034 36
4035 30
4036 6
4037 -6
4038 -30
4039 -36
4040 -36
4041 -30
4042 -6
4043 6
4044 30
4045 37
4046 37
4047 28
4048 9
4049 -9
4050 -28
4051 -37
4052 -37
4053 -28
4054 -9
4055 9
4056 28
4057 38
4058 38
4059 25
4060 13
4061 -13
4062 -25
4063 -38
4064 -38
4065 -25
4066 -13
4067 13
4068 25
4069 34
4070 34
4071 33
4072 1
4073 -1
4074 -33
4075 -34
4076 -34
4077 -33
4078 -1
4079 1
4080 33
4081 35
4082 35
4083 32
4084 3
4085 -3
4086 -32
4087 -35
4088 -35
4089 -32
4090 -3
4091 3
4092 32
4093 38
4094 38
4095 26
4096 12
4097 -12
4098 -26
4099 -38
4100 -38
4101 -26
4102 -12
4103 12
4104 26
4105 37
4106 37
4107 29
4108 8
4109 -8
4110 -29
4111 -37
4112 -37
4113 -29
4114 -8
4115 8
4116 29
4117 36
4118 39
4119 39
4120 36
4121 31
4122 20
4123 19
4124 5
4125 -5
4126 -19
4127 -20
4128 -31
4129 -36
4130 -39
4131 -39
4132 -36
4133 -31
4134 -20
4135 -19
4136 -5
4137 5
4138 19
4139 20
4140 31
4141 39
4142 39
4143 21
4144 18
4145 -18
4146 -21
4147 -39
4148 -39
4149 -21
4150 -18
4151 18
4152 21
4153 38
4154 39
4155 39
4156 38
4157 27
4158 22
4159 17
4160 11
4161 -11
4162 -17
4163 -22
4164 -27
4165 -38
4166 -39
4167 -39
4168 -38
4169 -27
4170 -22
4171 -17
4172 -11
4173 11
4174 17
4175 22
4176 27
4177 39
4178 39
4179 23
4180 16
4181 -16
4182 -23
4183 -39
4184 -39
4185 -23
4186 -16
4187 16
4188 23
4189 34
4190 34
4191 0
4192 -34
4193 -34
4194 0
4195 35
4196 37
4197 37
4198 35
4199 33
4200 30
4201 7
4202 2
4203 -2
4204 -7
4205 -30
4206 -33
4207 -35
4208 -37
4209 -37
4210 -35
4211 -33
4212 -30
4213 -7
4214 -2
4215 2
4216 7
4217 30
4218 33
4219 39
4220 39
4221 24
4222 15
4223 -15
4224 -24
4225 -39
4226 -39
4227 -24
4228 -15
4229 15
4230 24
4231 38
4232 38
4233 28
4234 10
4235 -10
4236 -28
4237 -38
4238 -38
4239 -28
4240 -10
4241 10
4242 28
4243 36
4244 36
4245 32
4246 4
4247 -4
4248 -32
4249 -36
4250 -36
4251 -32
4252 -4
4253 4
4254 32
4255 39
4256 39
4257 25
4258 14
4259 -14
4260 -25
4261 -39
4262 -39
4263 -25
4264 -14
4265 14
4266 25
4267 37
4268 38
4269 39
4270 39
4271 38
4272 37
4273 31
4274 29
4275 26
4276 13
4277 9
4278 6
4279 -6
4280 -9
4281 -13
4282 -26
4283 -29
4284 -31
4285 -37
4286 -38
4287 -39
4288 -39
4289 -38
4290 -37
4291 -31
4292 -29
4293 -26
4294 -13
4295 -9
4296 -6
4297 6
4298 9
4299 13
4300 26
4301 29
4302 31
4303 35
4304 35
4305 34
4306 1
4307 -1
4308 -34
4309 -35
4310 -35
4311 -34
4312 -1
4313 1
4314 34
4315 36
4316 39
4317 39
4318 36
4319 33
4320 27
4321 12
4322 3
4323 -3
4324 -12
4325 -27
4326 -33
4327 -36
4328 -39
4329 -39
4330 -36
4331 -33
4332 -27
4333 -12
4334 -3
4335 3
4336 12
4337 27
4338 33
4339 40
4340 20
4341 -20
4342 -40
4343 -20
4344 20
4345 40
4346 40
4347 21
4348 19
4349 -19
4350 -21
4351 -40
4352 -40
4353 -21
4354 -19
4355 19
4356 21
4357 38
4358 40
4359 40
4360 38
4361 30
4362 22
4363 18
4364 8
4365 -8
4366 -18
4367 -22
4368 -30
4369 -38
4370 -40
4371 -40
4372 -38
4373 -30
4374 -22
4375 -18
4376 -8
4377 8
4378 18
4379 22
4380 30
4381 37
4382 40
4383 40
4384 37
4385 32
4386 23
4387 17
4388 5
4389 -5
4390 -17
4391 -23
4392 -32
4393 -37
4394 -40
4395 -40
4396 -37
4397 -32
4398 -23
4399 -17
4400 -5
4401 5
4402 17
4403 23
4404 32
4405 39
4406 39
4407 28
4408 11
4409 -11
4410 -28
4411 -39
4412 -39
4413 -28
4414 -11
4415 11
4416 28
4417 40
4418 40
4419 24
4420 16
4421 -16
4422 -24
4423 -40
4424 -40
4425 -24
4426 -16
4427 16
4428 24
4429 35
4430 40
4431 40
4432 35
4433 25
4434 15
4435 0
4436 -15
4437 -25
4438 -35
4439 -40
4440 -40
4441 -35
4442 -25
4443 -15
4444 0
4445 15
4446 25
4447 38
4448 38
4449 31
4450 7
4451 -7
4452 -31
4453 -38
4454 -38
4455 -31
4456 -7
4457 7
4458 31
4459 36
4460 36
4461 34
4462 2
4463 -2
4464 -34
4465 -36
4466 -36
4467 -34
4468 -2
4469 2
4470 34
4471 39
4472 39
4473 29
4474 10
4475 -10
4476 -29
4477 -39
4478 -39
4479 -29
4480 -10
4481 10
4482 29
4483 40
4484 40
4485 26
4486 14
4487 -14
4488 -26
4489 -40
4490 -40
4491 -26
4492 -14
4493 14
4494 26
4495 37
4496 37
4497 33
4498 4
4499 -4
4500 -33
4501 -37
4502 -37
4503 -33
4504 -4
4505 4
4506 33
4507 40
4508 40
4509 27
4510 13
4511 -13
4512 -27
4513 -40
4514 -40
4515 -27
4516 -13
4517 13
4518 27
4519 39
4520 39
4521 30
4522 9
4523 -9
4524 -30
4525 -39
4526 -39
4527 -30
4528 -9
4529 9
4530 30
4531 38
4532 38
4533 32
4534 6
4535 -6
4536 -32
4537 -38
4538 -38
4539 -32
4540 -6
4541 6
4542 32
4543 36
4544 41
4545 41
4546 36
4547 35
4548 21
4549 20
4550 1
4551 -1
4552 -20
4553 -21
4554 -35
4555 -36
4556 -41
4557 -41
4558 -36
4559 -35
4560 -21
4561 -20
4562 -1
4563 1
4564 20
4565 21
4566 35
4567 41
4568 41
4569 22
4570 19
4571 -19
4572 -22
4573 -41
4574 -41
4575 -22
4576 -19
4577 19
4578 22
4579 40
4580 40
4581 28
4582 12
4583 -12
4584 -28
4585 -40
4586 -40
4587 -28
4588 -12
4589 12
4590 28
4591 37
4592 41
4593 41
4594 37
4595 34
4596 23
4597 18
4598 3
4599 -3
4600 -18
4601 -23
4602 -34
4603 -37
4604 -41
4605 -41
4606 -37
4607 -34
4608 -23
4609 -18
4610 -3
4611 3
4612 18
4613 23
4614 34
4615 39
4616 41
4617 41
4618 39
4619 31
4620 24
4621 17
4622 8
4623 -8
4624 -17
4625 -24
4626 -31
4627 -39
4628 -41
4629 -41
4630 -39
4631 -31
4632 -24
4633 -17
4634 -8
4635 8
4636 17
4637 24
4638 31
4639 38
4640 38
4641 33
4642 5
4643 -5
4644 -33
4645 -38
4646 -38
4647 -33
4648 -5
4649 5
4650 33
4651 40
4652 41
4653 41
4654 40
4655 29
4656 25
4657 16
4658 11
4659 -11
4660 -16
4661 -25
4662 -29
4663 -40
4664 -41
4665 -41
4666 -40
4667 -29
4668 -25
4669 -16
4670 -11
4671 11
4672 16
4673 25
4674 29
4675 41
4676 41
4677 26
4678 15
4679 -15
4680 -26
4681 -41
4682 -41
4683 -26
4684 -15
4685 15
4686 26
4687 36
4688 36
4689 0
4690 -36
4691 -36
4692 0
4693 39
4694 39
4695 32
4696 7
4697 -7
4698 -32
4699 -39
4700 -39
4701 -32
4702 -7
4703 7
4704 32
4705 37
4706 37
4707 35
4708 2
4709 -2
4710 -35
4711 -37
4712 -37
4713 -35
4714 -2
4715 2
4716 35
4717 40
4718 40
4719 30
4720 10
4721 -10
4722 -30
4723 -40
4724 -40
4725 -30
4726 -10
4727 10
4728 30
4729 41
4730 41
4731 27
4732 14
4733 -14
4734 -27
4735 -41
4736 -41
4737 -27
4738 -14
4739 14
4740 27
4741 38
4742 38
4743 34
4744 4
4745 -4
4746 -34
4747 -38
4748 -38
4749 -34
4750 -4
4751 4
4752 34
4753 41
4754 41
4755 28
4756 13
4757 -13
4758 -28
4759 -41
4760 -41
4761 -28
4762 -13
4763 13
4764 28
4765 40
4766 40
4767 31
4768 9
4769 -9
4770 -31
4771 -40
4772 -40
4773 -31
4774 -9
4775 9
4776 31
4777 39
4778 42
4779 39
4780 33
4781 21
4782 6
4783 -6
4784 -21
4785 -33
4786 -39
4787 -42
4788 -39
4789 -33
4790 -21
4791 -6
4792 6
4793 21
4794 33
4795 42
4796 42
4797 22
4798 20
4799 -20
4800 -22
4801 -42
4802 -42
4803 -22
4804 -20
4805 20
4806 22
4807 42
4808 42
4809 23
4810 19
4811 -19
4812 -23
4813 -42
4814 -42
4815 -23
4816 -19
4817 19
4818 23
4819 42
4820 42
4821 24
4822 18
4823 -18
4824 -24
4825 -42
4826 -42
4827 -24
4828 -18
4829 18
4830 24
4831 37
4832 41
4833 41
4834 37
4835 36
4836 29
4837 12
4838 1
4839 -1
4840 -12
4841 -29
4842 -36
4843 -37
4844 -41
4845 -41
4846 -37
4847 -36
4848 -29
4849 -12
4850 -1
4851 1
4852 12
4853 29
4854 36
4855 38
4856 42
4857 42
4858 38
4859 35
4860 25
4861 17
4862 3
4863 -3
4864 -17
4865 -25
4866 -35
4867 -38
4868 -42
4869 -42
4870 -38
4871 -35
4872 -25
4873 -17
4874 -3
4875 3
4876 17
4877 25
4878 35
4879 40
4880 40
4881 32
4882 8
4883 -8
4884 -32
4885 -40
4886 -40
4887 -32
4888 -8
4889 8
4890 32
4891 42
4892 42
4893 26
4894 16
4895 -16
4896 -26
4897 -42
4898 -42
4899 -26
4900 -16
4901 16
4902 26
4903 39
4904 41
4905 41
4906 39
4907 34
4908 30
4909 11
4910 5
4911 -5
4912 -11
4913 -30
4914 -34
4915 -39
4916 -41
4917 -41
4918 -39
4919 -34
4920 -30
4921 -11
4922 -5
4923 5
4924 11
4925 30
4926 34
4927 42
4928 42
4929 27
4930 15
4931 -15
4932 -27
4933 -42
4934 -42
4935 -27
4936 -15
4937 15
4938 27
4939 37
4940 40
4941 40
4942 37
4943 33
4944 7
4945 0
4946 -7
4947 -33
4948 -37
4949 -40
4950 -40
4951 -37
4952 -33
4953 -7
4954 0
4955 7
4956 33
4957 41
4958 41
4959 31
4960 10
4961 -10
4962 -31
4963 -41
4964 -41
4965 -31
4966 -10
4967 10
4968 31
4969 38
4970 42
4971 42
4972 38
4973 36
4974 28
4975 14
4976 2
4977 -2
4978 -14
4979 -28
4980 -36
4981 -38
4982 -42
4983 -42
4984 -38
4985 -36
4986 -28
4987 -14
4988 -2
4989 2
4990 14
4991 28
4992 36
4993 39
4994 39
4995 35
4996 4
4997 -4
4998 -35
4999 -39
5000 -39
5001 -35
5002 -4
5003 4
5004 35
5005 42
5006 43
5007 43
5008 42
5009 29
5010 22
5011 21
5012 13
5013 -13
5014 -21
5015 -22
5016 -29
5017 -42
5018 -43
5019 -43
5020 -42
5021 -29
5022 -22
5023 -21
5024 -13
5025 13
5026 21
5027 22
5028 29
5029 43
5030 43
5031 23
5032 20
5033 -20
5034 -23
5035 -43
5036 -43
5037 -23
5038 -20
5039 20
5040 23
5041 41
5042 43
5043 43
5044 41
5045 32
5046 24
5047 19
5048 9
5049 -9
5050 -19
5051 -24
5052 -32
5053 -41
5054 -43
5055 -43
5056 -41
5057 -32
5058 -24
5059 -19
5060 -9
5061 9
5062 19
5063 24
5064 32
5065 40
5066 40
5067 34
5068 6
5069 -6
5070 -34
5071 -40
5072 -40
5073 -34
5074 -6
5075 6
5076 34
5077 43
5078 43
5079 25
5080 18
5081 -18
5082 -25
5083 -43
5084 -43
5085 -25
5086 -18
5087 18
5088 25
5089 42
5090 42
5091 30
5092 12
5093 -12
5094 -30
5095 -42
5096 -42
5097 -30
5098 -12
5099 12
5100 30
5101 38
5102 43
5103 43
5104 38
5105 37
5106 26
5107 17
5108 1
5109 -1
5110 -17
5111 -26
5112 -37
5113 -38
5114 -43
5115 -43
5116 -38
5117 -37
5118 -26
5119 -17
5120 -1
5121 1
5122 17
5123 26
5124 37
5125 39
5126 39
5127 36
5128 3
5129 -3
5130 -36
5131 -39
5132 -39
5133 -36
5134 -3
5135 3
5136 36
5137 41
5138 43
5139 43
5140 41
5141 33
5142 27
5143 16
5144 8
5145 -8
5146 -16
5147 -27
5148 -33
5149 -41
5150 -43
5151 -43
5152 -41
5153 -33
5154 -27
5155 -16
5156 -8
5157 8
5158 16
5159 27
5160 33
5161 42
5162 42
5163 31
5164 11
5165 -11
5166 -31
5167 -42
5168 -42
5169 -31
5170 -11
5171 11
5172 31
5173 40
5174 40
5175 35
5176 5
5177 -5
5178 -35
5179 -40
5180 -40
5181 -35
5182 -5
5183 5
5184 35
5185 43
5186 43
5187 28
5188 15
5189 -15
5190 -28
5191 -43
5192 -43
5193 -28
5194 -15
5195 15
5196 28
5197 41
5198 43
5199 43
5200 41
5201 34
5202 29
5203 14
5204 7
5205 -7
5206 -14
5207 -29
5208 -34
5209 -41
5210 -43
5211 -43
5212 -41
5213 -34
5214 -29
5215 -14
5216 -7
5217 7
5218 14
5219 29
5220 34
5221 38
5222 42
5223 42
5224 38
5225 32
5226 10
5227 0
5228 -10
5229 -32
5230 -38
5231 -42
5232 -42
5233 -38
5234 -32
5235 -10
5236 0
5237 10
5238 32
5239 39
5240 39
5241 37
5242 2
5243 -2
5244 -37
5245 -39
5246 -39
5247 -37
5248 -2
5249 2
5250 37
5251 44
5252 22
5253 -22
5254 -44
5255 -22
5256 22
5257 44
5258 44
5259 23
5260 21
5261 -21
5262 -23
5263 -44
5264 -44
5265 -23
5266 -21
5267 21
5268 23
5269 40
5270 44
5271 44
5272 40
5273 36
5274 24
5275 20
5276 4
5277 -4
5278 -20
5279 -24
5280 -36
5281 -40
5282 -44
5283 -44
5284 -40
5285 -36
5286 -24
5287 -20
5288 -4
5289 4
5290 20
5291 24
5292 36
5293 43
5294 43
5295 30
5296 13
5297 -13
5298 -30
5299 -43
5300 -43
5301 -30
5302 -13
5303 13
5304 30
5305 44
5306 44
5307 25
5308 19
5309 -19
5310 -25
5311 -44
5312 -44
5313 -25
5314 -19
5315 19
5316 25
5317 42
5318 42
5319 33
5320 9
5321 -9
5322 -33
5323 -42
5324 -42
5325 -33
5326 -9
5327 9
5328 33
5329 44
5330 44
5331 26
5332 18
5333 -18
5334 -26
5335 -44
5336 -44
5337 -26
5338 -18
5339 18
5340 26
5341 41
5342 41
5343 35
5344 6
5345 -6
5346 -35
5347 -41
5348 -41
5349 -35
5350 -6
5351 6
5352 35
5353 43
5354 44
5355 44
5356 43
5357 31
5358 27
5359 17
5360 12
5361 -12
5362 -17
5363 -27
5364 -31
5365 -43
5366 -44
5367 -44
5368 -43
5369 -31
5370 -27
5371 -17
5372 -12
5373 12
5374 17
5375 27
5376 31
5377 39
5378 39
5379 38
5380 1
5381 -1
5382 -38
5383 -39
5384 -39
5385 -38
5386 -1
5387 1
5388 38
5389 44
5390 44
5391 28
5392 16
5393 -16
5394 -28
5395 -44
5396 -44
5397 -28
5398 -16
5399 16
5400 28
5401 40
5402 40
5403 37
5404 3
5405 -3
5406 -37
5407 -40
5408 -40
5409 -37
5410 -3
5411 3
5412 37
5413 42
5414 42
5415 34
5416 8
5417 -8
5418 -34
5419 -42
5420 -42
5421 -34
5422 -8
5423 8
5424 34
5425 43
5426 43
5427 32
5428 11
5429 -11
5430 -32
5431 -43
5432 -43
5433 -32
5434 -11
5435 11
5436 32
5437 41
5438 44
5439 44
5440 41
5441 36
5442 29
5443 15
5444 5
5445 -5
5446 -15
5447 -29
5448 -36
5449 -41
5450 -44
5451 -44
5452 -41
5453 -36
5454 -29
5455 -15
5456 -5
5457 5
5458 15
5459 29
5460 36
5461 44
5462 44
5463 30
5464 14
5465 -14
5466 -30
5467 -44
5468 -44
5469 -30
5470 -14
5471 14
5472 30
5473 42
5474 43
5475 45
5476 45
5477 43
5478 42
5479 35
5480 33
5481 23
5482 22
5483 10
5484 7
5485 -7
5486 -10
5487 -22
5488 -23
5489 -33
5490 -35
5491 -42
5492 -43
5493 -45
5494 -45
5495 -43
5496 -42
5497 -35
5498 -33
5499 -23
5500 -22
5501 -10
5502 -7
5503 7
5504 10
5505 22
5506 23
5507 33
5508 35
5509 39
5510 45
5511 45
5512 39
5513 24
5514 21
5515 0
5516 -21
5517 -24
5518 -39
5519 -45
5520 -45
5521 -39
5522 -24
5523 -21
5524 0
5525 21
5526 24
5527 40
5528 40
5529 38
5530 2
5531 -2
5532 -38
5533 -40
5534 -40
5535 -38
5536 -2
5537 2
5538 38
5539 45
5540 45
5541 25
5542 20
5543 -20
5544 -25
5545 -45
5546 -45
5547 -25
5548 -20
5549 20
5550 25
5551 45
5552 45
5553 26
5554 19
5555 -19
5556 -26
5557 -45
5558 -45
5559 -26
5560 -19
5561 19
5562 26
5563 41
5564 44
5565 44
5566 41
5567 37
5568 31
5569 13
5570 4
5571 -4
5572 -13
5573 -31
5574 -37
5575 -41
5576 -44
5577 -44
5578 -41
5579 -37
5580 -31
5581 -13
5582 -4
5583 4
5584 13
5585 31
5586 37
5587 45
5588 45
5589 27
5590 18
5591 -18
5592 -27
5593 -45
5594 -45
5595 -27
5596 -18
5597 18
5598 27
5599 43
5600 43
5601 34
5602 9
5603 -9
5604 -34
5605 -43
5606 -43
5607 -34
5608 -9
5609 9
5610 34
5611 42
5612 42
5613 36
5614 6
5615 -6
5616 -36
5617 -42
5618 -42
5619 -36
5620 -6
5621 6
5622 36
5623 45
5624 45
5625 28
5626 17
5627 -17
5628 -28
5629 -45
5630 -45
5631 -28
5632 -17
5633 17
5634 28
5635 44
5636 44
5637 32
5638 12
5639 -12
5640 -32
5641 -44
5642 -44
5643 -32
5644 -12
5645 12
5646 32
5647 40
5648 45
5649 45
5650 40
5651 39
5652 29
5653 16
5654 1
5655 -1
5656 -16
5657 -29
5658 -39
5659 -40
5660 -45
5661 -45
5662 -40
5663 -39
5664 -29
5665 -16
5666 -1
5667 1
5668 16
5669 29
5670 39
5671 41
5672 41
5673 38
5674 3
5675 -3
5676 -38
5677 -41
5678 -41
5679 -38
5680 -3
5681 3
5682 38
5683 43
5684 43
5685 35
5686 8
5687 -8
5688 -35
5689 -43
5690 -43
5691 -35
5692 -8
5693 8
5694 35
5695 44
5696 44
5697 33
5698 11
5699 -11
5700 -33
5701 -44
5702 -44
5703 -33
5704 -11
5705 11
5706 33
5707 45
5708 45
5709 30
5710 15
5711 -15
5712 -30
5713 -45
5714 -45
5715 -30
5716 -15
5717 15
5718 30
5719 42
5720 42
5721 37
5722 5
5723 -5
5724 -37
5725 -42
5726 -42
5727 -37
5728 -5
5729 5
5730 37
5731 46
5732 23
5733 -23
5734 -46
5735 -23
5736 23
5737 46
5738 46
5739 24
5740 22
5741 -22
5742 -24
5743 -46
5744 -46
5745 -24
5746 -22
5747 22
5748 24
5749 45
5750 46
5751 46
5752 45
5753 31
5754 25
5755 21
5756 14
5757 -14
5758 -21
5759 -25
5760 -31
5761 -45
5762 -46
5763 -46
5764 -45
5765 -31
5766 -25
5767 -21
5768 -14
5769 14
5770 21
5771 25
5772 31
5773 44
5774 46
5775 46
5776 44
5777 34
5778 26
5779 20
5780 10
5781 -10
5782 -20
5783 -26
5784 -34
5785 -44
5786 -46
5787 -46
5788 -44
5789 -34
5790 -26
5791 -20
5792 -10
5793 10
5794 20
5795 26
5796 34
5797 43
5798 43
5799 36
5800 7
5801 -7
5802 -36
5803 -43
5804 -43
5805 -36
5806 -7
5807 7
5808 36
5809 40
5810 40
5811 0
5812 -40
5813 -40
5814 0
5815 41
5816 46
5817 46
5818 41
5819 39
5820 27
5821 19
5822 2
5823 -2
5824 -19
5825 -27
5826 -39
5827 -41
5828 -46
5829 -46
5830 -41
5831 -39
5832 -27
5833 -19
5834 -2
5835 2
5836 19
5837 27
5838 39
5839 45
5840 45
5841 32
5842 13
5843 -13
5844 -32
5845 -45
5846 -45
5847 -32
5848 -13
5849 13
5850 32
5851 42
5852 46
5853 46
5854 42
5855 38
5856 28
5857 18
5858 4
5859 -4
5860 -18
5861 -28
5862 -38
5863 -42
5864 -46
5865 -46
5866 -42
5867 -38
5868 -28
5869 -18
5870 -4
5871 4
5872 18
5873 28
5874 38
5875 44
5876 44
5877 35
5878 9
5879 -9
5880 -35
5881 -44
5882 -44
5883 -35
5884 -9
5885 9
5886 35
5887 46
5888 46
5889 29
5890 17
5891 -17
5892 -29
5893 -46
5894 -46
5895 -29
5896 -17
5897 17
5898 29
5899 43
5900 43
5901 37
5902 6
5903 -6
5904 -37
5905 -43
5906 -43
5907 -37
5908 -6
5909 6
5910 37
5911 45
5912 45
5913 33
5914 12
5915 -12
5916 -33
5917 -45
5918 -45
5919 -33
5920 -12
5921 12
5922 33
5923 46
5924 46
5925 30
5926 16
5927 -16
5928 -30
5929 -46
5930 -46
5931 -30
5932 -16
5933 16
5934 30
5935 41
5936 41
5937 40
5938 1
5939 -1
5940 -40
5941 -41
5942 -41
5943 -40
5944 -1
5945 1
5946 40
5947 42
5948 42
5949 39
5950 3
5951 -3
5952 -39
5953 -42
5954 -42
5955 -39
5956 -3
5957 3
5958 39
5959 44
5960 44
5961 36
5962 8
5963 -8
5964 -36
5965 -44
5966 -44
5967 -36
5968 -8
5969 8
5970 36
5971 45
5972 46
5973 46
5974 45
5975 34
5976 31
5977 15
5978 11
5979 -11
5980 -15
5981 -31
5982 -34
5983 -45
5984 -46
5985 -46
5986 -45
5987 -34
5988 -31
5989 -15
5990 -11
5991 11
5992 15
5993 31
5994 34
5995 47
5996 47
5997 24
5998 23
5999 -23
6000 -24
6001 -47
6002 -47
6003 -24
6004 -23
6005 23
6006 24
6007 43
6008 47
6009 47
6010 43
6011 38
6012 25
6013 22
6014 5
6015 -5
6016 -22
6017 -25
6018 -38
6019 -43
6020 -47
6021 -47
6022 -43
6023 -38
6024 -25
6025 -22
6026 -5
6027 5
6028 22
6029 25
6030 38
6031 47
6032 47
6033 26
6034 21
6035 -21
6036 -26
6037 -47
6038 -47
6039 -26
6040 -21
6041 21
6042 26
6043 46
6044 46
6045 32
6046 14
6047 -14
6048 -32
6049 -46
6050 -46
6051 -32
6052 -14
6053 14
6054 32
6055 47
6056 47
6057 27
6058 20
6059 -20
6060 -27
6061 -47
6062 -47
6063 -27
6064 -20
6065 20
6066 27
6067 45
6068 45
6069 35
6070 10
6071 -10
6072 -35
6073 -45
6074 -45
6075 -35
6076 -10
6077 10
6078 35
6079 44
6080 47
6081 47
6082 44
6083 37
6084 28
6085 19
6086 7
6087 -7
6088 -19
6089 -28
6090 -37
6091 -44
6092 -47
6093 -47
6094 -44
6095 -37
6096 -28
6097 -19
6098 -7
6099 7
6100 19
6101 28
6102 37
6103 41
6104 41
6105 0
6106 -41
6107 -41
6108 0
6109 42
6110 42
6111 40
6112 2
6113 -2
6114 -40
6115 -42
6116 -42
6117 -40
6118 -2
6119 2
6120 40
6121 46
6122 47
6123 47
6124 46
6125 33
6126 29
6127 18
6128 13
6129 -13
6130 -18
6131 -29
6132 -33
6133 -46
6134 -47
6135 -47
6136 -46
6137 -33
6138 -29
6139 -18
6140 -13
6141 13
6142 18
6143 29
6144 33
6145 43
6146 43
6147 39
6148 4
6149 -4
6150 -39
6151 -43
6152 -43
6153 -39
6154 -4
6155 4
6156 39
6157 47
6158 47
6159 30
6160 17
6161 -17
6162 -30
6163 -47
6164 -47
6165 -30
6166 -17
6167 17
6168 30
6169 45
6170 45
6171 36
6172 9
6173 -9
6174 -36
6175 -45
6176 -45
6177 -36
6178 -9
6179 9
6180 36
6181 44
6182 46
6183 46
6184 44
6185 38
6186 34
6187 12
6188 6
6189 -6
6190 -12
6191 -34
6192 -38
6193 -44
6194 -46
6195 -46
6196 -44
6197 -38
6198 -34
6199 -12
6200 -6
6201 6
6202 12
6203 34
6204 38
6205 47
6206 47
6207 31
6208 16
6209 -16
6210 -31
6211 -47
6212 -47
6213 -31
6214 -16
6215 16
6216 31
6217 42
6218 42
6219 41
6220 1
6221 -1
6222 -41
6223 -42
6224 -42
6225 -41
6226 -1
6227 1
6228 41
6229 48
6230 24
6231 -24
6232 -48
6233 -24
6234 24
6235 43
6236 45
6237 47
6238 48
6239 48
6240 47
6241 45
6242 43
6243 40
6244 37
6245 32
6246 25
6247 23
6248 15
6249 8
6250 3
6251 -3
6252 -8
6253 -15
6254 -23
6255 -25
6256 -32
6257 -37
6258 -40
6259 -43
6260 -45
6261 -47
6262 -48
6263 -48
6264 -47
6265 -45
6266 -43
6267 -40
6268 -37
6269 -32
6270 -25
6271 -23
6272 -15
6273 -8
6274 -3
6275 3
6276 8
6277 15
6278 23
6279 25
6280 32
6281 37
6282 40
6283 46
6284 46
6285 35
6286 11
6287 -11
6288 -35
6289 -46
6290 -46
6291 -35
6292 -11
6293 11
6294 35
6295 48
6296 48
6297 26
6298 22
6299 -22
6300 -26
6301 -48
6302 -48
6303 -26
6304 -22
6305 22
6306 26
6307 48
6308 48
6309 27
6310 21
6311 -21
6312 -27
6313 -48
6314 -48
6315 -27
6316 -21
6317 21
6318 27
6319 44
6320 44
6321 39
6322 5
6323 -5
6324 -39
6325 -44
6326 -44
6327 -39
6328 -5
6329 5
6330 39
6331 48
6332 48
6333 28
6334 20
6335 -20
6336 -28
6337 -48
6338 -48
6339 -28
6340 -20
6341 20
6342 28
6343 47
6344 47
6345 33
6346 14
6347 -14
6348 -33
6349 -47
6350 -47
6351 -33
6352 -14
6353 14
6354 33
6355 48
6356 48
6357 29
6358 19
6359 -19
6360 -29
6361 -48
6362 -48
6363 -29
6364 -19
6365 19
6366 29
6367 46
6368 46
6369 36
6370 10
6371 -10
6372 -36
6373 -46
6374 -46
6375 -36
6376 -10
6377 10
6378 36
6379 45
6380 45
6381 38
6382 7
6383 -7
6384 -38
6385 -45
6386 -45
6387 -38
6388 -7
6389 7
6390 38
6391 42
6392 48
6393 48
6394 42
6395 30
6396 18
6397 0
6398 -18
6399 -30
6400 -42
6401 -48
6402 -48
6403 -42
6404 -30
6405 -18
6406 0
6407 18
6408 30
6409 43
6410 47
6411 47
6412 43
6413 41
6414 34
6415 13
6416 2
6417 -2
6418 -13
6419 -34
6420 -41
6421 -43
6422 -47
6423 -47
6424 -43
6425 -41
6426 -34
6427 -13
6428 -2
6429 2
6430 13
6431 34
6432 41
6433 44
6434 44
6435 40
6436 4
6437 -4
6438 -40
6439 -44
6440 -44
6441 -40
6442 -4
6443 4
6444 40
6445 48
6446 48
6447 31
6448 17
6449 -17
6450 -31
6451 -48
6452 -48
6453 -31
6454 -17
6455 17
6456 31
6457 46
6458 46
6459 37
6460 9
6461 -9
6462 -37
6463 -46
6464 -46
6465 -37
6466 -9
6467 9
6468 37
6469 47
6470 47
6471 35
6472 12
6473 -12
6474 -35
6475 -47
6476 -47
6477 -35
6478 -12
6479 12
6480 35
6481 45
6482 45
6483 39
6484 6
6485 -6
6486 -39
6487 -45
6488 -45
6489 -39
6490 -6
6491 6
6492 39
6493 48
6494 48
6495 32
6496 16
6497 -16
6498 -32
6499 -48
6500 -48
6501 -32
6502 -16
6503 16
6504 32
6505 49
6506 49
6507 25
6508 24
6509 -24
6510 -25
6511 -49
6512 -49
6513 -25
6514 -24
6515 24
6516 25
6517 49
6518 49
6519 26
6520 23
6521 -23
6522 -26
6523 -49
6524 -49
6525 -26
6526 -23
6527 23
6528 26
6529 43
6530 49
6531 49
6532 43
6533 42
6534 27
6535 22
6536 1
6537 -1
6538 -22
6539 -27
6540 -42
6541 -43
6542 -49
6543 -49
6544 -43
6545 -42
6546 -27
6547 -22
6548 -1
6549 1
6550 22
6551 27
6552 42
6553 48
6554 48
6555 33
6556 15
6557 -15
6558 -33
6559 -48
6560 -48
6561 -33
6562 -15
6563 15
6564 33
6565 46
6566 46
6567 38
6568 8
6569 -8
6570 -38
6571 -46
6572 -46
6573 -38
6574 -8
6575 8
6576 38
6577 44
6578 47
6579 49
6580 49
6581 47
6582 44
6583 41
6584 36
6585 28
6586 21
6587 11
6588 3
6589 -3
6590 -11
6591 -21
6592 -28
6593 -36
6594 -41
6595 -44
6596 -47
6597 -49
6598 -49
6599 -47
6600 -44
6601 -41
6602 -36
6603 -28
6604 -21
6605 -11
6606 -3
6607 3
6608 11
6609 21
6610 28
6611 36
6612 41
6613 49
6614 49
6615 29
6616 20
6617 -20
6618 -29
6619 -49
6620 -49
6621 -29
6622 -20
6623 20
6624 29
6625 45
6626 45
6627 40
6628 5
6629 -5
6630 -40
6631 -45
6632 -45
6633 -40
6634 -5
6635 5
6636 40
6637 48
6638 48
6639 34
6640 14
6641 -14
6642 -34
6643 -48
6644 -48
6645 -34
6646 -14
6647 14
6648 34
6649 49
6650 49
6651 30
6652 19
6653 -19
6654 -30
6655 -49
6656 -49
6657 -30
6658 -19
6659 19
6660 30
6661 47
6662 47
6663 37
6664 10
6665 -10
6666 -37
6667 -47
6668 -47
6669 -37
6670 -10
6671 10
6672 37
6673 46
6674 49
6675 49
6676 46
6677 39
6678 31
6679 18
6680 7
6681 -7
6682 -18
6683 -31
6684 -39
6685 -46
6686 -49
6687 -49
6688 -46
6689 -39
6690 -31
6691 -18
6692 -7
6693 7
6694 18
6695 31
6696 39
6697 43
6698 48
6699 48
6700 43
6701 35
6702 13
6703 0
6704 -13
6705 -35
6706 -43
6707 -48
6708 -48
6709 -43
6710 -35
6711 -13
6712 0
6713 13
6714 35
6715 44
6716 44
6717 42
6718 2
6719 -2
6720 -42
6721 -44
6722 -44
6723 -42
6724 -2
6725 2
6726 42
6727 49
6728 49
6729 32
6730 17
6731 -17
6732 -32
6733 -49
6734 -49
6735 -32
6736 -17
6737 17
6738 32
6739 45
6740 45
6741 41
6742 4
6743 -4
6744 -41
6745 -45
6746 -45
6747 -41
6748 -4
6749 4
6750 41
6751 47
6752 47
6753 38
6754 9
6755 -9
6756 -38
6757 -47
6758 -47
6759 -38
6760 -9
6761 9
6762 38
6763 48
6764 48
6765 36
6766 12
6767 -12
6768 -36
6769 -48
6770 -48
6771 -36
6772 -12
6773 12
6774 36
6775 49
6776 49
6777 33
6778 16
6779 -16
6780 -33
6781 -49
6782 -49
6783 -33
6784 -16
6785 16
6786 33
6787 50
6788 25
6789 -25
6790 -50
6791 -25
6792 25
6793 46
6794 50
6795 50
6796 46
6797 40
6798 26
6799 24
6800 6
6801 -6
6802 -24
6803 -26
6804 -40
6805 -46
6806 -50
6807 -50
6808 -46
6809 -40
6810 -26
6811 -24
6812 -6
6813 6
6814 24
6815 26
6816 40
6817 50
6818 50
6819 27
6820 23
6821 -23
6822 -27
6823 -50
6824 -50
6825 -27
6826 -23
6827 23
6828 27
6829 50
6830 50
6831 28
6832 22
6833 -22
6834 -28
6835 -50
6836 -50
6837 -28
6838 -22
6839 22
6840 28
6841 49
6842 50
6843 50
6844 49
6845 34
6846 29
6847 21
6848 15
6849 -15
6850 -21
6851 -29
6852 -34
6853 -49
6854 -50
6855 -50
6856 -49
6857 -34
6858 -29
6859 -21
6860 -15
6861 15
6862 21
6863 29
6864 34
6865 44
6866 44
6867 43
6868 1
6869 -1
6870 -43
6871 -44
6872 -44
6873 -43
6874 -1
6875 1
6876 43
6877 47
6878 48
6879 48
6880 47
6881 39
6882 37
6883 11
6884 8
6885 -8
6886 -11
6887 -37
6888 -39
6889 -47
6890 -48
6891 -48
6892 -47
6893 -39
6894 -37
6895 -11
6896 -8
6897 8
6898 11
6899 37
6900 39
6901 45
6902 45
6903 42
6904 3
6905 -3
6906 -42
6907 -45
6908 -45
6909 -42
6910 -3
6911 3
6912 42
6913 50
6914 50
6915 30
6916 20
6917 -20
6918 -30
6919 -50
6920 -50
6921 -30
6922 -20
6923 20
6924 30
6925 46
6926 49
6927 50
6928 50
6929 49
6930 46
6931 41
6932 35
6933 31
6934 19
6935 14
6936 5
6937 -5
6938 -14
6939 -19
6940 -31
6941 -35
6942 -41
6943 -46
6944 -49
6945 -50
6946 -50
6947 -49
6948 -46
6949 -41
6950 -35
6951 -31
6952 -19
6953 -14
6954 -5
6955 5
6956 14
6957 19
6958 31
6959 35
6960 41
6961 48
6962 50
6963 50
6964 48
6965 38
6966 32
6967 18
6968 10
6969 -10
6970 -18
6971 -32
6972 -38
6973 -48
6974 -50
6975 -50
6976 -48
6977 -38
6978 -32
6979 -18
6980 -10
6981 10
6982 18
6983 32
6984 38
6985 47
6986 47
6987 40
6988 7
6989 -7
6990 -40
6991 -47
6992 -47
6993 -40
6994 -7
6995 7
6996 40
6997 49
6998 49
6999 36
7000 13
7001 -13
7002 -36
7003 -49
7004 -49
7005 -36
7006 -13
7007 13
7008 36
7009 44
7010 44
7011 0
7012 -44
7013 -44
7014 0
7015 45
7016 50
7017 50
7018 45
7019 43
7020 33
7021 17
7022 2
7023 -2
7024 -17
7025 -33
7026 -43
7027 -45
7028 -50
7029 -50
7030 -45
7031 -43
7032 -33
7033 -17
7034 -2
7035 2
7036 17
7037 33
7038 43
7039 46
7040 46
7041 42
7042 4
7043 -4
7044 -42
7045 -46
7046 -46
7047 -42
7048 -4
7049 4
7050 42
7051 51
7052 51
7053 26
7054 25
7055 -25
7056 -26
7057 -51
7058 -51
7059 -26
7060 -25
7061 25
7062 26
7063 48
7064 51
7065 51
7066 48
7067 39
7068 27
7069 24
7070 9
7071 -9
7072 -24
7073 -27
7074 -39
7075 -48
7076 -51
7077 -51
7078 -48
7079 -39
7080 -27
7081 -24
7082 -9
7083 9
7084 24
7085 27
7086 39
7087 50
7088 50
7089 34
7090 16
7091 -16
7092 -34
7093 -50
7094 -50
7095 -34
7096 -16
7097 16
7098 34
7099 49
7100 51
7101 51
7102 49
7103 37
7104 28
7105 23
7106 12
7107 -12
7108 -23
7109 -28
7110 -37
7111 -49
7112 -51
7113 -51
7114 -49
7115 -37
7116 -28
7117 -23
7118 -12
7119 12
7120 23
7121 28
7122 37
7123 47
7124 51
7125 51
7126 47
7127 41
7128 29
7129 22
7130 6
7131 -6
7132 -22
7133 -29
7134 -41
7135 -47
7136 -51
7137 -51
7138 -47
7139 -41
7140 -29
7141 -22
7142 -6
7143 6
7144 22
7145 29
7146 41
7147 51
7148 51
7149 30
7150 21
7151 -21
7152 -30
7153 -51
7154 -51
7155 -30
7156 -21
7157 21
7158 30
7159 50
7160 50
7161 35
7162 15
7163 -15
7164 -35
7165 -50
7166 -50
7167 -35
7168 -15
7169 15
7170 35
7171 45
7172 51
7173 51
7174 45
7175 44
7176 31
7177 20
7178 1
7179 -1
7180 -20
7181 -31
7182 -44
7183 -45
7184 -51
7185 -51
7186 -45
7187 -44
7188 -31
7189 -20
7190 -1
7191 1
7192 20
7193 31
7194 44
7195 49
7196 49
7197 38
7198 11
7199 -11
7200 -38
7201 -49
7202 -49
7203 -38
7204 -11
7205 11
7206 38
7207 48
7208 48
7209 40
7210 8
7211 -8
7212 -40
7213 -48
7214 -48
7215 -40
7216 -8
7217 8
7218 40
7219 46
7220 46
7221 43
7222 3
7223 -3
7224 -43
7225 -46
7226 -46
7227 -43
7228 -3
7229 3
7230 43
7231 51
7232 51
7233 32
7234 19
7235 -19
7236 -32
7237 -51
7238 -51
7239 -32
7240 -19
7241 19
7242 32
7243 50
7244 50
7245 36
7246 14
7247 -14
7248 -36
7249 -50
7250 -50
7251 -36
7252 -14
7253 14
7254 36
7255 47
7256 47
7257 42
7258 5
7259 -5
7260 -42
7261 -47
7262 -47
7263 -42
7264 -5
7265 5
7266 42
7267 51
7268 51
7269 33
7270 18
7271 -18
7272 -33
7273 -51
7274 -51
7275 -33
7276 -18
7277 18
7278 33
7279 49
7280 49
7281 39
7282 10
7283 -10
7284 -39
7285 -49
7286 -49
7287 -39
7288 -10
7289 10
7290 39
7291 48
7292 48
7293 41
7294 7
7295 -7
7296 -41
7297 -48
7298 -48
7299 -41
7300 -7
7301 7
7302 41
7303 50
7304 50
7305 37
7306 13
7307 -13
7308 -37
7309 -50
7310 -50
7311 -37
7312 -13
7313 13
7314 37
7315 51
7316 51
7317 34
7318 17
7319 -17
7320 -34
7321 -51
7322 -51
7323 -34
7324 -17
7325 17
7326 34
7327 45
7328 45
7329 0
7330 -45
7331 -45
7332 0
7333 46
7334 52
7335 46
7336 44
7337 26
7338 2
7339 -2
7340 -26
7341 -44
7342 -46
7343 -52
7344 -46
7345 -44
7346 -26
7347 -2
7348 2
7349 26
7350 44
7351 52
7352 52
7353 27
7354 25
7355 -25
7356 -27
7357 -52
7358 -52
7359 -27
7360 -25
7361 25
7362 27
7363 52
7364 52
7365 28
7366 24
7367 -24
7368 -28
7369 -52
7370 -52
7371 -28
7372 -24
7373 24
7374 28
7375 47
7376 52
7377 52
7378 47
7379 43
7380 29
7381 23
7382 4
7383 -4
7384 -23
7385 -29
7386 -43
7387 -47
7388 -52
7389 -52
7390 -47
7391 -43
7392 -29
7393 -23
7394 -4
7395 4
7396 23
7397 29
7398 43
7399 49
7400 51
7401 51
7402 49
7403 40
7404 35
7405 16
7406 9
7407 -9
7408 -16
7409 -35
7410 -40
7411 -49
7412 -51
7413 -51
7414 -49
7415 -40
7416 -35
7417 -16
7418 -9
7419 9
7420 16
7421 35
7422 40
7423 50
7424 52
7425 52
7426 50
7427 38
7428 30
7429 22
7430 12
7431 -12
7432 -22
7433 -30
7434 -38
7435 -50
7436 -52
7437 -52
7438 -50
7439 -38
7440 -30
7441 -22
7442 -12
7443 12
7444 22
7445 30
7446 38
7447 48
7448 48
7449 42
7450 6
7451 -6
7452 -42
7453 -48
7454 -48
7455 -42
7456 -6
7457 6
7458 42
7459 52
7460 52
7461 31
7462 21
7463 -21
7464 -31
7465 -52
7466 -52
7467 -31
7468 -21
7469 21
7470 31
7471 51
7472 51
7473 36
7474 15
7475 -15
7476 -36
7477 -51
7478 -51
7479 -36
7480 -15
7481 15
7482 36
7483 52
7484 52
7485 32
7486 20
7487 -20
7488 -32
7489 -52
7490 -52
7491 -32
7492 -20
7493 20
7494 32
7495 46
7496 50
7497 50
7498 46
7499 45
7500 39
7501 11
7502 1
7503 -1
7504 -11
7505 -39
7506 -45
7507 -46
7508 -50
7509 -50
7510 -46
7511 -45
7512 -39
7513 -11
7514 -1
7515 1
7516 11
7517 39
7518 45
7519 49
7520 49
7521 41
7522 8
7523 -8
7524 -41
7525 -49
7526 -49
7527 -41
7528 -8
7529 8
7530 41
7531 47
7532 52
7533 52
7534 47
7535 44
7536 33
7537 19
7538 3
7539 -3
7540 -19
7541 -33
7542 -44
7543 -47
7544 -52
7545 -52
7546 -47
7547 -44
7548 -33
7549 -19
7550 -3
7551 3
7552 19
7553 33
7554 44
7555 51
7556 51
7557 37
7558 14
7559 -14
7560 -37
7561 -51
7562 -51
7563 -37
7564 -14
7565 14
7566 37
7567 48
7568 48
7569 43
7570 5
7571 -5
7572 -43
7573 -48
7574 -48
7575 -43
7576 -5
7577 5
7578 43
7579 52
7580 52
7581 34
7582 18
7583 -18
7584 -34
7585 -52
7586 -52
7587 -34
7588 -18
7589 18
7590 34
7591 50
7592 50
7593 40
7594 10
7595 -10
7596 -40
7597 -50
7598 -50
7599 -40
7600 -10
7601 10
7602 40
7603 49
7604 51
7605 53
7606 53
7607 51
7608 49
7609 42
7610 38
7611 27
7612 26
7613 13
7614 7
7615 -7
7616 -13
7617 -26
7618 -27
7619 -38
7620 -42
7621 -49
7622 -51
7623 -53
7624 -53
7625 -51
7626 -49
7627 -42
7628 -38
7629 -27
7630 -26
7631 -13
7632 -7
7633 7
7634 13
7635 26
7636 27
7637 38
7638 42
7639 52
7640 53
7641 53
7642 52
7643 35
7644 28
7645 25
7646 17
7647 -17
7648 -25
7649 -28
7650 -35
7651 -52
7652 -53
7653 -53
7654 -52
7655 -35
7656 -28
7657 -25
7658 -17
7659 17
7660 25
7661 28
7662 35
7663 53
7664 53
7665 29
7666 24
7667 -24
7668 -29
7669 -53
7670 -53
7671 -29
7672 -24
7673 24
7674 29
7675 46
7676 46
7677 0
7678 -46
7679 -46
7680 0
7681 47
7682 53
7683 53
7684 47
7685 45
7686 30
7687 23
7688 2
7689 -2
7690 -23
7691 -30
7692 -45
7693 -47
7694 -53
7695 -53
7696 -47
7697 -45
7698 -30
7699 -23
7700 -2
7701 2
7702 23
7703 30
7704 45
7705 53
7706 53
7707 31
7708 22
7709 -22
7710 -31
7711 -53
7712 -53
7713 -31
7714 -22
7715 22
7716 31
7717 48
7718 52
7719 52
7720 48
7721 44
7722 36
7723 16
7724 4
7725 -4
7726 -16
7727 -36
7728 -44
7729 -48
7730 -52
7731 -52
7732 -48
7733 -44
7734 -36
7735 -16
7736 -4
7737 4
7738 16
7739 36
7740 44
7741 50
7742 50
7743 41
7744 9
7745 -9
7746 -41
7747 -50
7748 -50
7749 -41
7750 -9
7751 9
7752 41
7753 51
7754 51
7755 39
7756 12
7757 -12
7758 -39
7759 -51
7760 -51
7761 -39
7762 -12
7763 12
7764 39
7765 53
7766 53
7767 32
7768 21
7769 -21
7770 -32
7771 -53
7772 -53
7773 -32
7774 -21
7775 21
7776 32
7777 49
7778 49
7779 43
7780 6
7781 -6
7782 -43
7783 -49
7784 -49
7785 -43
7786 -6
7787 6
7788 43
7789 52
7790 53
7791 53
7792 52
7793 37
7794 33
7795 20
7796 15
7797 -15
7798 -20
7799 -33
7800 -37
7801 -52
7802 -53
7803 -53
7804 -52
7805 -37
7806 -33
7807 -20
7808 -15
7809 15
7810 20
7811 33
7812 37
7813 51
7814 51
7815 40
7816 11
7817 -11
7818 -40
7819 -51
7820 -51
7821 -40
7822 -11
7823 11
7824 40
7825 47
7826 53
7827 53
7828 47
7829 46
7830 34
7831 19
7832 1
7833 -1
7834 -19
7835 -34
7836 -46
7837 -47
7838 -53
7839 -53
7840 -47
7841 -46
7842 -34
7843 -19
7844 -1
7845 1
7846 19
7847 34
7848 46
7849 50
7850 50
7851 42
7852 8
7853 -8
7854 -42
7855 -50
7856 -50
7857 -42
7858 -8
7859 8
7860 42
7861 48
7862 48
7863 45
7864 3
7865 -3
7866 -45
7867 -48
7868 -48
7869 -45
7870 -3
7871 3
7872 45
7873 52
7874 52
7875 38
7876 14
7877 -14
7878 -38
7879 -52
7880 -52
7881 -38
7882 -14
7883 14
7884 38
7885 53
7886 53
7887 35
7888 18
7889 -18
7890 -35
7891 -53
7892 -53
7893 -35
7894 -18
7895 18
7896 35
7897 49
7898 49
7899 44
7900 5
7901 -5
7902 -44
7903 -49
7904 -49
7905 -44
7906 -5
7907 5
7908 44
7909 54
7910 27
7911 -27
7912 -54
7913 -27
7914 27
7915 54
7916 54
7917 28
7918 26
7919 -26
7920 -28
7921 -54
7922 -54
7923 -28
7924 -26
7925 26
7926 28
7927 51
7928 54
7929 54
7930 51
7931 41
7932 29
7933 25
7934 10
7935 -10
7936 -25
7937 -29
7938 -41
7939 -51
7940 -54
7941 -54
7942 -51
7943 -41
7944 -29
7945 -25
7946 -10
7947 10
7948 25
7949 29
7950 41
7951 54
7952 54
7953 30
7954 24
7955 -24
7956 -30
7957 -54
7958 -54
7959 -30
7960 -24
7961 24
7962 30
7963 52
7964 53
7965 53
7966 52
7967 39
7968 36
7969 17
7970 13
7971 -13
7972 -17
7973 -36
7974 -39
7975 -52
7976 -53
7977 -53
7978 -52
7979 -39
7980 -36
7981 -17
7982 -13
7983 13
7984 17
7985 36
7986 39
7987 50
7988 50
7989 43
7990 7
7991 -7
7992 -43
7993 -50
7994 -50
7995 -43
7996 -7
7997 7
7998 43
7999 54
8000 54
8001 31
8002 23
8003 -23
8004 -31
8005 -54
8006 -54
8007 -31
8008 -23
8009 23
8010 31
8011 47
8012 47
8013 0
8014 -47
8015 -47
8016 0
8017 48
8018 54
8019 54
8020 48
8021 46
8022 32
8023 22
8024 2
8025 -2
8026 -22
8027 -32
8028 -46
8029 -48
8030 -54
8031 -54
8032 -48
8033 -46
8034 -32
8035 -22
8036 -2
8037 2
8038 22
8039 32
8040 46
8041 53
8042 53
8043 37
8044 16
8045 -16
8046 -37
8047 -53
8048 -53
8049 -37
8050 -16
8051 16
8052 37
8053 49
8054 49
8055 45
8056 4
8057 -4
8058 -45
8059 -49
8060 -49
8061 -45
8062 -4
8063 4
8064 45
8065 51
8066 54
8067 54
8068 51
8069 42
8070 33
8071 21
8072 9
8073 -9
8074 -21
8075 -33
8076 -42
8077 -51
8078 -54
8079 -54
8080 -51
8081 -42
8082 -33
8083 -21
8084 -9
8085 9
8086 21
8087 33
8088 42
8089 52
8090 52
8091 40
8092 12
8093 -12
8094 -40
8095 -52
8096 -52
8097 -40
8098 -12
8099 12
8100 40
8101 50
8102 54
8103 54
8104 50
8105 44
8106 34
8107 20
8108 6
8109 -6
8110 -20
8111 -34
8112 -44
8113 -50
8114 -54
8115 -54
8116 -50
8117 -44
8118 -34
8119 -20
8120 -6
8121 6
8122 20
8123 34
8124 44
8125 53
8126 53
8127 38
8128 15
8129 -15
8130 -38
8131 -53
8132 -53
8133 -38
8134 -15
8135 15
8136 38
8137 54
8138 54
8139 35
8140 19
8141 -19
8142 -35
8143 -54
8144 -54
8145 -35
8146 -19
8147 19
8148 35
8149 52
8150 52
8151 41
8152 11
8153 -11
8154 -41
8155 -52
8156 -52
8157 -41
8158 -11
8159 11
8160 41
8161 48
8162 51
8163 51
8164 48
8165 47
8166 43
8167 8
8168 1
8169 -1
8170 -8
8171 -43
8172 -47
8173 -48
8174 -51
8175 -51
8176 -48
8177 -47
8178 -43
8179 -8
8180 -1
8181 1
8182 8
8183 43
8184 47
8185 49
8186 53
8187 53
8188 49
8189 46
8190 39
8191 14
8192 3
8193 -3
8194 -14
8195 -39
8196 -46
8197 -49
8198 -53
8199 -53
8200 -49
8201 -46
8202 -39
8203 -14
8204 -3
8205 3
8206 14
8207 39
8208 46
8209 54
8210 54
8211 36
8212 18
8213 -18
8214 -36
8215 -54
8216 -54
8217 -36
8218 -18
8219 18
8220 36
8221 55
8222 55
8223 28
8224 27
8225 -27
8226 -28
8227 -55
8228 -55
8229 -28
8230 -27
8231 27
8232 28
8233 55
8234 55
8235 29
8236 26
8237 -26
8238 -29
8239 -55
8240 -55
8241 -29
8242 -26
8243 26
8244 29
8245 50
8246 55
8247 55
8248 50
8249 45
8250 30
8251 25
8252 5
8253 -5
8254 -25
8255 -30
8256 -45
8257 -50
8258 -55
8259 -55
8260 -50
8261 -45
8262 -30
8263 -25
8264 -5
8265 5
8266 25
8267 30
8268 45
8269 55
8270 55
8271 31
8272 24
8273 -24
8274 -31
8275 -55
8276 -55
8277 -31
8278 -24
8279 24
8280 31
8281 52
8282 52
8283 42
8284 10
8285 -10
8286 -42
8287 -52
8288 -52
8289 -42
8290 -10
8291 10
8292 42
8293 54
8294 54
8295 37
8296 17
8297 -17
8298 -37
8299 -54
8300 -54
8301 -37
8302 -17
8303 17
8304 37
8305 53
8306 55
8307 55
8308 53
8309 40
8310 32
8311 23
8312 13
8313 -13
8314 -23
8315 -32
8316 -40
8317 -53
8318 -55
8319 -55
8320 -53
8321 -40
8322 -32
8323 -23
8324 -13
8325 13
8326 23
8327 32
8328 40
8329 51
8330 51
8331 44
8332 7
8333 -7
8334 -44
8335 -51
8336 -51
8337 -44
8338 -7
8339 7
8340 44
8341 55
8342 55
8343 33
8344 22
8345 -22
8346 -33
8347 -55
8348 -55
8349 -33
8350 -22
8351 22
8352 33
8353 48
8354 48
8355 0
8356 -48
8357 -48
8358 0
8359 49
8360 49
8361 47
8362 2
8363 -2
8364 -47
8365 -49
8366 -49
8367 -47
8368 -2
8369 2
8370 47
8371 54
8372 54
8373 38
8374 16
8375 -16
8376 -38
8377 -54
8378 -54
8379 -38
8380 -16
8381 16
8382 38
8383 55
8384 55
8385 34
8386 21
8387 -21
8388 -34
8389 -55
8390 -55
8391 -34
8392 -21
8393 21
8394 34
8395 50
8396 50
8397 46
8398 4
8399 -4
8400 -46
8401 -50
8402 -50
8403 -46
8404 -4
8405 4
8406 46
8407 52
8408 53
8409 53
8410 52
8411 43
8412 41
8413 12
8414 9
8415 -9
8416 -12
8417 -41
8418 -43
8419 -52
8420 -53
8421 -53
8422 -52
8423 -43
8424 -41
8425 -12
8426 -9
8427 9
8428 12
8429 41
8430 43
8431 55
8432 55
8433 35
8434 20
8435 -20
8436 -35
8437 -55
8438 -55
8439 -35
8440 -20
8441 20
8442 35
8443 51
8444 54
8445 54
8446 51
8447 45
8448 39
8449 15
8450 6
8451 -6
8452 -15
8453 -39
8454 -45
8455 -51
8456 -54
8457 -54
8458 -51
8459 -45
8460 -39
8461 -15
8462 -6
8463 6
8464 15
8465 39
8466 45
8467 55
8468 55
8469 36
8470 19
8471 -19
8472 -36
8473 -55
8474 -55
8475 -36
8476 -19
8477 19
8478 36
8479 53
8480 53
8481 42
8482 11
8483 -11
8484 -42
8485 -53
8486 -53
8487 -42
8488 -11
8489 11
8490 42
8491 52
8492 56
8493 52
8494 44
8495 28
8496 8
8497 -8
8498 -28
8499 -44
8500 -52
8501 -56
8502 -52
8503 -44
8504 -28
8505 -8
8506 8
8507 28
8508 44
8509 49
8510 56
8511 56
8512 49
8513 48
8514 29
8515 27
8516 1
8517 -1
8518 -27
8519 -29
8520 -48
8521 -49
8522 -56
8523 -56
8524 -49
8525 -48
8526 -29
8527 -27
8528 -1
8529 1
8530 27
8531 29
8532 48
8533 54
8534 56
8535 56
8536 54
8537 40
8538 30
8539 26
8540 14
8541 -14
8542 -26
8543 -30
8544 -40
8545 -54
8546 -56
8547 -56
8548 -54
8549 -40
8550 -30
8551 -26
8552 -14
8553 14
8554 26
8555 30
8556 40
8557 50
8558 55
8559 55
8560 50
8561 47
8562 37
8563 18
8564 3
8565 -3
8566 -18
8567 -37
8568 -47
8569 -50
8570 -55
8571 -55
8572 -50
8573 -47
8574 -37
8575 -18
8576 -3
8577 3
8578 18
8579 37
8580 47
8581 56
8582 56
8583 31
8584 25
8585 -25
8586 -31
8587 -56
8588 -56
8589 -31
8590 -25
8591 25
8592 31
8593 56
8594 56
8595 32
8596 24
8597 -24
8598 -32
8599 -56
8600 -56
8601 -32
8602 -24
8603 24
8604 32
8605 51
8606 51
8607 46
8608 5
8609 -5
8610 -46
8611 -51
8612 -51
8613 -46
8614 -5
8615 5
8616 46
8617 56
8618 56
8619 33
8620 23
8621 -23
8622 -33
8623 -56
8624 -56
8625 -33
8626 -23
8627 23
8628 33
8629 53
8630 55
8631 55
8632 53
8633 43
8634 38
8635 17
8636 10
8637 -10
8638 -17
8639 -38
8640 -43
8641 -53
8642 -55
8643 -55
8644 -53
8645 -43
8646 -38
8647 -17
8648 -10
8649 10
8650 17
8651 38
8652 43
8653 54
8654 54
8655 41
8656 13
8657 -13
8658 -41
8659 -54
8660 -54
8661 -41
8662 -13
8663 13
8664 41
8665 56
8666 56
8667 34
8668 22
8669 -22
8670 -34
8671 -56
8672 -56
8673 -34
8674 -22
8675 22
8676 34
8677 52
8678 52
8679 45
8680 7
8681 -7
8682 -45
8683 -52
8684 -52
8685 -45
8686 -7
8687 7
8688 45
8689 49
8690 55
8691 56
8692 56
8693 55
8694 49
8695 39
8696 35
8697 21
8698 16
8699 0
8700 -16
8701 -21
8702 -35
8703 -39
8704 -49
8705 -55
8706 -56
8707 -56
8708 -55
8709 -49
8710 -39
8711 -35
8712 -21
8713 -16
8714 0
8715 16
8716 21
8717 35
8718 39
8719 50
8720 50
8721 48
8722 2
8723 -2
8724 -48
8725 -50
8726 -50
8727 -48
8728 -2
8729 2
8730 48
8731 54
8732 54
8733 42
8734 12
8735 -12
8736 -42
8737 -54
8738 -54
8739 -42
8740 -12
8741 12
8742 42
8743 51
8744 53
8745 53
8746 51
8747 47
8748 44
8749 9
8750 4
8751 -4
8752 -9
8753 -44
8754 -47
8755 -51
8756 -53
8757 -53
8758 -51
8759 -47
8760 -44
8761 -9
8762 -4
8763 4
8764 9
8765 44
8766 47
8767 56
8768 56
8769 36
8770 20
8771 -20
8772 -36
8773 -56
8774 -56
8775 -36
8776 -20
8777 20
8778 36
8779 55
8780 55
8781 40
8782 15
8783 -15
8784 -40
8785 -55
8786 -55
8787 -40
8788 -15
8789 15
8790 40
8791 52
8792 52
8793 46
8794 6
8795 -6
8796 -46
8797 -52
8798 -52
8799 -46
8800 -6
8801 6
8802 46
8803 56
8804 56
8805 37
8806 19
8807 -19
8808 -37
8809 -56
8810 -56
8811 -37
8812 -19
8813 19
8814 37
8815 57
8816 57
8817 29
8818 28
8819 -28
8820 -29
8821 -57
8822 -57
8823 -29
8824 -28
8825 28
8826 29
8827 57
8828 57
8829 30
8830 27
8831 -27
8832 -30
8833 -57
8834 -57
8835 -30
8836 -27
8837 27
8838 30
8839 54
8840 57
8841 57
8842 54
8843 43
8844 31
8845 26
8846 11
8847 -11
8848 -26
8849 -31
8850 -43
8851 -54
8852 -57
8853 -57
8854 -54
8855 -43
8856 -31
8857 -26
8858 -11
8859 11
8860 26
8861 31
8862 43
8863 53
8864 57
8865 57
8866 53
8867 45
8868 32
8869 25
8870 8
8871 -8
8872 -25
8873 -32
8874 -45
8875 -53
8876 -57
8877 -57
8878 -53
8879 -45
8880 -32
8881 -25
8882 -8
8883 8
8884 25
8885 32
8886 45
8887 50
8888 55
8889 55
8890 50
8891 49
8892 41
8893 14
8894 1
8895 -1
8896 -14
8897 -41
8898 -49
8899 -50
8900 -55
8901 -55
8902 -50
8903 -49
8904 -41
8905 -14
8906 -1
8907 1
8908 14
8909 41
8910 49
8911 56
8912 56
8913 38
8914 18
8915 -18
8916 -38
8917 -56
8918 -56
8919 -38
8920 -18
8921 18
8922 38
8923 51
8924 57
8925 57
8926 51
8927 48
8928 33
8929 24
8930 3
8931 -3
8932 -24
8933 -33
8934 -48
8935 -51
8936 -57
8937 -57
8938 -51
8939 -48
8940 -33
8941 -24
8942 -3
8943 3
8944 24
8945 33
8946 48
8947 57
8948 57
8949 34
8950 23
8951 -23
8952 -34
8953 -57
8954 -57
8955 -34
8956 -23
8957 23
8958 34
8959 52
8960 52
8961 47
8962 5
8963 -5
8964 -47
8965 -52
8966 -52
8967 -47
8968 -5
8969 5
8970 47
8971 56
8972 56
8973 39
8974 17
8975 -17
8976 -39
8977 -56
8978 -56
8979 -39
8980 -17
8981 17
8982 39
8983 54
8984 54
8985 44
8986 10
8987 -10
8988 -44
8989 -54
8990 -54
8991 -44
8992 -10
8993 10
8994 44
8995 55
8996 57
8997 57
8998 55
8999 42
9000 35
9001 22
9002 13
9003 -13
9004 -22
9005 -35
9006 -42
9007 -55
9008 -57
9009 -57
9010 -55
9011 -42
9012 -35
9013 -22
9014 -13
9015 13
9016 22
9017 35
9018 42
9019 53
9020 53
9021 46
9022 7
9023 -7
9024 -46
9025 -53
9026 -53
9027 -46
9028 -7
9029 7
9030 46
9031 57
9032 57
9033 36
9034 21
9035 -21
9036 -36
9037 -57
9038 -57
9039 -36
9040 -21
9041 21
9042 36
9043 56
9044 56
9045 40
9046 16
9047 -16
9048 -40
9049 -56
9050 -56
9051 -40
9052 -16
9053 16
9054 40
9055 50
9056 50
9057 0
9058 -50
9059 -50
9060 0
