# A307014 b-file computed by Hugo Pfoertner 2019-03-26
0 0
1 1
2 0
3 -1
4 -1
5 0
6 1
7 1
8 -1
9 -2
10 -1
11 1
12 2
13 2
14 0
15 -2
16 -2
17 0
18 2
19 2
20 1
21 -1
22 -2
23 -3
24 -3
25 -2
26 -1
27 1
28 2
29 3
30 3
31 3
32 0
33 -3
34 -3
35 0
36 3
37 2
38 -2
39 -4
40 -2
41 2
42 4
43 3
44 1
45 -1
46 -3
47 -4
48 -4
49 -3
50 -1
51 1
52 3
53 4
54 4
55 4
56 0
57 -4
58 -4
59 0
60 4
61 3
62 2
63 -2
64 -3
65 -5
66 -5
67 -3
68 -2
69 2
70 3
71 5
72 5
73 4
74 1
75 -1
76 -4
77 -5
78 -5
79 -4
80 -1
81 1
82 4
83 5
84 5
85 5
86 0
87 -5
88 -5
89 0
90 5
91 3
92 -3
93 -6
94 -3
95 3
96 6
97 4
98 2
99 -2
100 -4
101 -6
102 -6
103 -4
104 -2
105 2
106 4
107 6
108 6
109 5
110 1
111 -1
112 -5
113 -6
114 -6
115 -5
116 -1
117 1
118 5
119 6
120 6
121 6
122 0
123 -6
124 -6
125 0
126 6
127 4
128 3
129 -3
130 -4
131 -7
132 -7
133 -4
134 -3
135 3
136 4
137 7
138 7
139 5
140 2
141 -2
142 -5
143 -7
144 -7
145 -5
146 -2
147 2
148 5
149 7
150 7
151 6
152 1
153 -1
154 -6
155 -7
156 -7
157 -6
158 -1
159 1
160 6
161 7
162 7
163 4
164 -4
165 -8
166 -4
167 4
168 8
169 7
170 5
171 3
172 0
173 -3
174 -5
175 -7
176 -8
177 -8
178 -7
179 -5
180 -3
181 0
182 3
183 5
184 7
185 8
186 8
187 6
188 2
189 -2
190 -6
191 -8
192 -8
193 -6
194 -2
195 2
196 6
197 8
198 8
199 7
200 1
201 -1
202 -7
203 -8
204 -8
205 -7
206 -1
207 1
208 7
209 8
210 8
211 5
212 4
213 -4
214 -5
215 -9
216 -9
217 -5
218 -4
219 4
220 5
221 9
222 9
223 6
224 3
225 -3
226 -6
227 -9
228 -9
229 -6
230 -3
231 3
232 6
233 9
234 9
235 8
236 0
237 -8
238 -8
239 0
240 8
241 7
242 2
243 -2
244 -7
245 -9
246 -9
247 -7
248 -2
249 2
250 7
251 9
252 9
253 8
254 1
255 -1
256 -8
257 -9
258 -9
259 -8
260 -1
261 1
262 8
263 9
264 9
265 5
266 -5
267 -10
268 -5
269 5
270 10
271 6
272 4
273 -4
274 -6
275 -10
276 -10
277 -6
278 -4
279 4
280 6
281 10
282 10
283 7
284 3
285 -3
286 -7
287 -10
288 -10
289 -7
290 -3
291 3
292 7
293 10
294 10
295 9
296 0
297 -9
298 -9
299 0
300 9
301 8
302 2
303 -2
304 -8
305 -10
306 -10
307 -8
308 -2
309 2
310 8
311 10
312 10
313 9
314 6
315 5
316 1
317 -1
318 -5
319 -6
320 -9
321 -10
322 -11
323 -11
324 -10
325 -9
326 -6
327 -5
328 -1
329 1
330 5
331 6
332 9
333 10
334 11
335 11
336 10
337 7
338 4
339 -4
340 -7
341 -11
342 -11
343 -7
344 -4
345 4
346 7
347 11
348 11
349 8
350 3
351 -3
352 -8
353 -11
354 -11
355 -8
356 -3
357 3
358 8
359 11
360 11
361 10
362 0
363 -10
364 -10
365 0
366 10
367 9
368 2
369 -2
370 -9
371 -11
372 -11
373 -9
374 -2
375 2
376 9
377 11
378 11
379 6
380 -6
381 -12
382 -6
383 6
384 12
385 7
386 5
387 -5
388 -7
389 -12
390 -12
391 -7
392 -5
393 5
394 7
395 12
396 12
397 10
398 1
399 -1
400 -10
401 -11
402 -11
403 -10
404 -1
405 1
406 10
407 11
408 11
409 8
410 4
411 -4
412 -8
413 -12
414 -12
415 -8
416 -4
417 4
418 8
419 12
420 12
421 9
422 3
423 -3
424 -9
425 -12
426 -12
427 -9
428 -3
429 3
430 9
431 12
432 12
433 11
434 0
435 -11
436 -11
437 0
438 11
439 10
440 2
441 -2
442 -10
443 -12
444 -12
445 -10
446 -2
447 2
448 10
449 12
450 12
451 7
452 6
453 -6
454 -7
455 -13
456 -13
457 -7
458 -6
459 6
460 7
461 13
462 13
463 8
464 5
465 -5
466 -8
467 -13
468 -13
469 -8
470 -5
471 5
472 8
473 13
474 13
475 11
476 9
477 4
478 1
479 -1
480 -4
481 -9
482 -11
483 -12
484 -13
485 -13
486 -12
487 -11
488 -9
489 -4
490 -1
491 1
492 4
493 9
494 11
495 12
496 13
497 13
498 12
499 10
500 3
501 -3
502 -10
503 -13
504 -13
505 -10
506 -3
507 3
508 10
509 13
510 13
511 12
512 0
513 -12
514 -12
515 0
516 12
517 11
518 7
519 2
520 -2
521 -7
522 -11
523 -13
524 -14
525 -13
526 -11
527 -7
528 -2
529 2
530 7
531 11
532 13
533 14
534 13
535 8
536 6
537 -6
538 -8
539 -14
540 -14
541 -8
542 -6
543 6
544 8
545 14
546 14
547 9
548 5
549 -5
550 -9
551 -14
552 -14
553 -9
554 -5
555 5
556 9
557 14
558 14
559 10
560 4
561 -4
562 -10
563 -14
564 -14
565 -10
566 -4
567 4
568 10
569 14
570 14
571 12
572 1
573 -1
574 -12
575 -13
576 -13
577 -12
578 -1
579 1
580 12
581 13
582 13
583 11
584 3
585 -3
586 -11
587 -14
588 -14
589 -11
590 -3
591 3
592 11
593 14
594 14
595 13
596 8
597 7
598 0
599 -7
600 -8
601 -13
602 -15
603 -15
604 -13
605 -8
606 -7
607 0
608 7
609 8
610 13
611 15
612 15
613 9
614 6
615 -6
616 -9
617 -15
618 -15
619 -9
620 -6
621 6
622 9
623 15
624 15
625 12
626 2
627 -2
628 -12
629 -14
630 -14
631 -12
632 -2
633 2
634 12
635 14
636 14
637 10
638 5
639 -5
640 -10
641 -15
642 -15
643 -10
644 -5
645 5
646 10
647 15
648 15
649 11
650 4
651 -4
652 -11
653 -15
654 -15
655 -11
656 -4
657 4
658 11
659 15
660 15
661 13
662 1
663 -1
664 -13
665 -14
666 -14
667 -13
668 -1
669 1
670 13
671 14
672 14
673 12
674 3
675 -3
676 -12
677 -15
678 -15
679 -12
680 -3
681 3
682 12
683 15
684 15
685 8
686 -8
687 -16
688 -8
689 8
690 16
691 9
692 7
693 -7
694 -9
695 -16
696 -16
697 -9
698 -7
699 7
700 9
701 16
702 16
703 14
704 10
705 6
706 0
707 -6
708 -10
709 -14
710 -16
711 -16
712 -14
713 -10
714 -6
715 0
716 6
717 10
718 14
719 16
720 16
721 13
722 2
723 -2
724 -13
725 -15
726 -15
727 -13
728 -2
729 2
730 13
731 15
732 15
733 11
734 5
735 -5
736 -11
737 -16
738 -16
739 -11
740 -5
741 5
742 11
743 16
744 16
745 12
746 4
747 -4
748 -12
749 -16
750 -16
751 -12
752 -4
753 4
754 12
755 16
756 16
757 14
758 1
759 -1
760 -14
761 -15
762 -15
763 -14
764 -1
765 1
766 14
767 15
768 15
769 13
770 9
771 8
772 3
773 -3
774 -8
775 -9
776 -13
777 -16
778 -17
779 -17
780 -16
781 -13
782 -9
783 -8
784 -3
785 3
786 8
787 9
788 13
789 16
790 17
791 17
792 16
793 10
794 7
795 -7
796 -10
797 -17
798 -17
799 -10
800 -7
801 7
802 10
803 17
804 17
805 11
806 6
807 -6
808 -11
809 -17
810 -17
811 -11
812 -6
813 6
814 11
815 17
816 17
817 15
818 0
819 -15
820 -15
821 0
822 15
823 14
824 2
825 -2
826 -14
827 -16
828 -16
829 -14
830 -2
831 2
832 14
833 16
834 16
835 12
836 5
837 -5
838 -12
839 -17
840 -17
841 -12
842 -5
843 5
844 12
845 17
846 17
847 13
848 4
849 -4
850 -13
851 -17
852 -17
853 -13
854 -4
855 4
856 13
857 17
858 17
859 15
860 1
861 -1
862 -15
863 -16
864 -16
865 -15
866 -1
867 1
868 15
869 16
870 16
871 9
872 -9
873 -18
874 -9
875 9
876 18
877 10
878 8
879 -8
880 -10
881 -18
882 -18
883 -10
884 -8
885 8
886 10
887 18
888 18
889 14
890 11
891 7
892 3
893 -3
894 -7
895 -11
896 -14
897 -17
898 -18
899 -18
900 -17
901 -14
902 -11
903 -7
904 -3
905 3
906 7
907 11
908 14
909 17
910 18
911 18
912 17
913 12
914 6
915 -6
916 -12
917 -18
918 -18
919 -12
920 -6
921 6
922 12
923 18
924 18
925 16
926 0
927 -16
928 -16
929 0
930 16
931 15
932 13
933 5
934 2
935 -2
936 -5
937 -13
938 -15
939 -17
940 -18
941 -18
942 -17
943 -15
944 -13
945 -5
946 -2
947 2
948 5
949 13
950 15
951 17
952 18
953 18
954 17
955 14
956 4
957 -4
958 -14
959 -18
960 -18
961 -14
962 -4
963 4
964 14
965 18
966 18
967 10
968 9
969 -9
970 -10
971 -19
972 -19
973 -10
974 -9
975 9
976 10
977 19
978 19
979 16
980 11
981 8
982 1
983 -1
984 -8
985 -11
986 -16
987 -17
988 -19
989 -19
990 -17
991 -16
992 -11
993 -8
994 -1
995 1
996 8
997 11
998 16
999 17
1000 19
1001 19
1002 17
1003 12
1004 7
1005 -7
1006 -12
1007 -19
1008 -19
1009 -12
1010 -7
1011 7
1012 12
1013 19
1014 19
1015 15
1016 3
1017 -3
1018 -15
1019 -18
1020 -18
1021 -15
1022 -3
1023 3
1024 15
1025 18
1026 18
1027 13
1028 6
1029 -6
1030 -13
1031 -19
1032 -19
1033 -13
1034 -6
1035 6
1036 13
1037 19
1038 19
1039 17
1040 0
1041 -17
1042 -17
1043 0
1044 17
1045 14
1046 5
1047 -5
1048 -14
1049 -19
1050 -19
1051 -14
1052 -5
1053 5
1054 14
1055 19
1056 19
1057 16
1058 2
1059 -2
1060 -16
1061 -18
1062 -18
1063 -16
1064 -2
1065 2
1066 16
1067 18
1068 18
1069 10
1070 -10
1071 -20
1072 -10
1073 10
1074 20
1075 15
1076 11
1077 9
1078 4
1079 -4
1080 -9
1081 -11
1082 -15
1083 -19
1084 -20
1085 -20
1086 -19
1087 -15
1088 -11
1089 -9
1090 -4
1091 4
1092 9
1093 11
1094 15
1095 19
1096 20
1097 20
1098 19
1099 12
1100 8
1101 -8
1102 -12
1103 -20
1104 -20
1105 -12
1106 -8
1107 8
1108 12
1109 20
1110 20
1111 17
1112 1
1113 -1
1114 -17
1115 -18
1116 -18
1117 -17
1118 -1
1119 1
1120 17
1121 18
1122 18
1123 13
1124 7
1125 -7
1126 -13
1127 -20
1128 -20
1129 -13
1130 -7
1131 7
1132 13
1133 20
1134 20
1135 16
1136 3
1137 -3
1138 -16
1139 -19
1140 -19
1141 -16
1142 -3
1143 3
1144 16
1145 19
1146 19
1147 14
1148 6
1149 -6
1150 -14
1151 -20
1152 -20
1153 -14
1154 -6
1155 6
1156 14
1157 20
1158 20
1159 18
1160 0
1161 -18
1162 -18
1163 0
1164 18
1165 15
1166 5
1167 -5
1168 -15
1169 -20
1170 -20
1171 -15
1172 -5
1173 5
1174 15
1175 20
1176 20
1177 17
1178 2
1179 -2
1180 -17
1181 -19
1182 -19
1183 -17
1184 -2
1185 2
1186 17
1187 19
1188 19
1189 11
1190 10
1191 -10
1192 -11
1193 -21
1194 -21
1195 -11
1196 -10
1197 10
1198 11
1199 21
1200 21
1201 12
1202 9
1203 -9
1204 -12
1205 -21
1206 -21
1207 -12
1208 -9
1209 9
1210 12
1211 21
1212 21
1213 16
1214 4
1215 -4
1216 -16
1217 -20
1218 -20
1219 -16
1220 -4
1221 4
1222 16
1223 20
1224 20
1225 13
1226 8
1227 -8
1228 -13
1229 -21
1230 -21
1231 -13
1232 -8
1233 8
1234 13
1235 21
1236 21
1237 18
1238 14
1239 7
1240 1
1241 -1
1242 -7
1243 -14
1244 -18
1245 -19
1246 -21
1247 -21
1248 -19
1249 -18
1250 -14
1251 -7
1252 -1
1253 1
1254 7
1255 14
1256 18
1257 19
1258 21
1259 21
1260 19
1261 17
1262 3
1263 -3
1264 -17
1265 -20
1266 -20
1267 -17
1268 -3
1269 3
1270 17
1271 20
1272 20
1273 15
1274 6
1275 -6
1276 -15
1277 -21
1278 -21
1279 -15
1280 -6
1281 6
1282 15
1283 21
1284 21
1285 19
1286 16
1287 5
1288 0
1289 -5
1290 -16
1291 -19
1292 -21
1293 -21
1294 -19
1295 -16
1296 -5
1297 0
1298 5
1299 16
1300 19
1301 21
1302 21
1303 11
1304 -11
1305 -22
1306 -11
1307 11
1308 22
1309 18
1310 12
1311 10
1312 2
1313 -2
1314 -10
1315 -12
1316 -18
1317 -20
1318 -22
1319 -22
1320 -20
1321 -18
1322 -12
1323 -10
1324 -2
1325 2
1326 10
1327 12
1328 18
1329 20
1330 22
1331 22
1332 20
1333 13
1334 9
1335 -9
1336 -13
1337 -22
1338 -22
1339 -13
1340 -9
1341 9
1342 13
1343 22
1344 22
1345 14
1346 8
1347 -8
1348 -14
1349 -22
1350 -22
1351 -14
1352 -8
1353 8
1354 14
1355 22
1356 22
1357 17
1358 4
1359 -4
1360 -17
1361 -21
1362 -21
1363 -17
1364 -4
1365 4
1366 17
1367 21
1368 21
1369 15
1370 7
1371 -7
1372 -15
1373 -22
1374 -22
1375 -15
1376 -7
1377 7
1378 15
1379 22
1380 22
1381 19
1382 1
1383 -1
1384 -19
1385 -20
1386 -20
1387 -19
1388 -1
1389 1
1390 19
1391 20
1392 20
1393 18
1394 3
1395 -3
1396 -18
1397 -21
1398 -21
1399 -18
1400 -3
1401 3
1402 18
1403 21
1404 21
1405 16
1406 6
1407 -6
1408 -16
1409 -22
1410 -22
1411 -16
1412 -6
1413 6
1414 16
1415 22
1416 22
1417 12
1418 11
1419 -11
1420 -12
1421 -23
1422 -23
1423 -12
1424 -11
1425 11
1426 12
1427 23
1428 23
1429 17
1430 13
1431 10
1432 5
1433 -5
1434 -10
1435 -13
1436 -17
1437 -22
1438 -23
1439 -23
1440 -22
1441 -17
1442 -13
1443 -10
1444 -5
1445 5
1446 10
1447 13
1448 17
1449 22
1450 23
1451 23
1452 22
1453 20
1454 0
1455 -20
1456 -20
1457 0
1458 20
1459 19
1460 14
1461 9
1462 2
1463 -2
1464 -9
1465 -14
1466 -19
1467 -21
1468 -23
1469 -23
1470 -21
1471 -19
1472 -14
1473 -9
1474 -2
1475 2
1476 9
1477 14
1478 19
1479 21
1480 23
1481 23
1482 21
1483 15
1484 8
1485 -8
1486 -15
1487 -23
1488 -23
1489 -15
1490 -8
1491 8
1492 15
1493 23
1494 23
1495 18
1496 4
1497 -4
1498 -18
1499 -22
1500 -22
1501 -18
1502 -4
1503 4
1504 18
1505 22
1506 22
1507 16
1508 7
1509 -7
1510 -16
1511 -23
1512 -23
1513 -16
1514 -7
1515 7
1516 16
1517 23
1518 23
1519 20
1520 1
1521 -1
1522 -20
1523 -21
1524 -21
1525 -20
1526 -1
1527 1
1528 20
1529 21
1530 21
1531 19
1532 17
1533 6
1534 3
1535 -3
1536 -6
1537 -17
1538 -19
1539 -22
1540 -23
1541 -23
1542 -22
1543 -19
1544 -17
1545 -6
1546 -3
1547 3
1548 6
1549 17
1550 19
1551 22
1552 23
1553 23
1554 22
1555 12
1556 -12
1557 -24
1558 -12
1559 12
1560 24
1561 13
1562 11
1563 -11
1564 -13
1565 -24
1566 -24
1567 -13
1568 -11
1569 11
1570 13
1571 24
1572 24
1573 14
1574 10
1575 -10
1576 -14
1577 -24
1578 -24
1579 -14
1580 -10
1581 10
1582 14
1583 24
1584 24
1585 18
1586 5
1587 -5
1588 -18
1589 -23
1590 -23
1591 -18
1592 -5
1593 5
1594 18
1595 23
1596 23
1597 21
1598 15
1599 9
1600 0
1601 -9
1602 -15
1603 -21
1604 -24
1605 -24
1606 -21
1607 -15
1608 -9
1609 0
1610 9
1611 15
1612 21
1613 24
1614 24
1615 20
1616 2
1617 -2
1618 -20
1619 -22
1620 -22
1621 -20
1622 -2
1623 2
1624 20
1625 22
1626 22
1627 16
1628 8
1629 -8
1630 -16
1631 -24
1632 -24
1633 -16
1634 -8
1635 8
1636 16
1637 24
1638 24
1639 19
1640 4
1641 -4
1642 -19
1643 -23
1644 -23
1645 -19
1646 -4
1647 4
1648 19
1649 23
1650 23
1651 17
1652 7
1653 -7
1654 -17
1655 -24
1656 -24
1657 -17
1658 -7
1659 7
1660 17
1661 24
1662 24
1663 21
1664 1
1665 -1
1666 -21
1667 -22
1668 -22
1669 -21
1670 -1
1671 1
1672 21
1673 22
1674 22
1675 18
1676 6
1677 -6
1678 -18
1679 -24
1680 -24
1681 -18
1682 -6
1683 6
1684 18
1685 24
1686 24
1687 20
1688 13
1689 12
1690 3
1691 -3
1692 -12
1693 -13
1694 -20
1695 -23
1696 -25
1697 -25
1698 -23
1699 -20
1700 -13
1701 -12
1702 -3
1703 3
1704 12
1705 13
1706 20
1707 23
1708 25
1709 25
1710 23
1711 14
1712 11
1713 -11
1714 -14
1715 -25
1716 -25
1717 -14
1718 -11
1719 11
1720 14
1721 25
1722 25
1723 15
1724 10
1725 -10
1726 -15
1727 -25
1728 -25
1729 -15
1730 -10
1731 10
1732 15
1733 25
1734 25
1735 19
1736 16
1737 9
1738 5
1739 -5
1740 -9
1741 -16
1742 -19
1743 -24
1744 -25
1745 -25
1746 -24
1747 -19
1748 -16
1749 -9
1750 -5
1751 5
1752 9
1753 16
1754 19
1755 24
1756 25
1757 25
1758 24
1759 22
1760 0
1761 -22
1762 -22
1763 0
1764 22
1765 21
1766 2
1767 -2
1768 -21
1769 -23
1770 -23
1771 -21
1772 -2
1773 2
1774 21
1775 23
1776 23
1777 17
1778 8
1779 -8
1780 -17
1781 -25
1782 -25
1783 -17
1784 -8
1785 8
1786 17
1787 25
1788 25
1789 20
1790 4
1791 -4
1792 -20
1793 -24
1794 -24
1795 -20
1796 -4
1797 4
1798 20
1799 24
1800 24
1801 18
1802 7
1803 -7
1804 -18
1805 -25
1806 -25
1807 -18
1808 -7
1809 7
1810 18
1811 25
1812 25
1813 22
1814 13
1815 1
1816 -1
1817 -13
1818 -22
1819 -23
1820 -26
1821 -23
1822 -22
1823 -13
1824 -1
1825 1
1826 13
1827 22
1828 23
1829 26
1830 23
1831 14
1832 12
1833 -12
1834 -14
1835 -26
1836 -26
1837 -14
1838 -12
1839 12
1840 14
1841 26
1842 26
1843 19
1844 15
1845 11
1846 6
1847 -6
1848 -11
1849 -15
1850 -19
1851 -25
1852 -26
1853 -26
1854 -25
1855 -19
1856 -15
1857 -11
1858 -6
1859 6
1860 11
1861 15
1862 19
1863 25
1864 26
1865 26
1866 25
1867 21
1868 3
1869 -3
1870 -21
1871 -24
1872 -24
1873 -21
1874 -3
1875 3
1876 21
1877 24
1878 24
1879 16
1880 10
1881 -10
1882 -16
1883 -26
1884 -26
1885 -16
1886 -10
1887 10
1888 16
1889 26
1890 26
1891 17
1892 9
1893 -9
1894 -17
1895 -26
1896 -26
1897 -17
1898 -9
1899 9
1900 17
1901 26
1902 26
1903 20
1904 5
1905 -5
1906 -20
1907 -25
1908 -25
1909 -20
1910 -5
1911 5
1912 20
1913 25
1914 25
1915 23
1916 0
1917 -23
1918 -23
1919 0
1920 23
1921 22
1922 18
1923 8
1924 2
1925 -2
1926 -8
1927 -18
1928 -22
1929 -24
1930 -26
1931 -26
1932 -24
1933 -22
1934 -18
1935 -8
1936 -2
1937 2
1938 8
1939 18
1940 22
1941 24
1942 26
1943 26
1944 24
1945 21
1946 4
1947 -4
1948 -21
1949 -25
1950 -25
1951 -21
1952 -4
1953 4
1954 21
1955 25
1956 25
1957 19
1958 7
1959 -7
1960 -19
1961 -26
1962 -26
1963 -19
1964 -7
1965 7
1966 19
1967 26
1968 26
1969 14
1970 13
1971 -13
1972 -14
1973 -27
1974 -27
1975 -14
1976 -13
1977 13
1978 14
1979 27
1980 27
1981 15
1982 12
1983 -12
1984 -15
1985 -27
1986 -27
1987 -15
1988 -12
1989 12
1990 15
1991 27
1992 27
1993 23
1994 16
1995 11
1996 1
1997 -1
1998 -11
1999 -16
2000 -23
2001 -24
2002 -27
2003 -27
2004 -24
2005 -23
2006 -16
2007 -11
2008 -1
2009 1
2010 11
2011 16
2012 23
2013 24
2014 27
2015 27
2016 24
2017 20
2018 6
2019 -6
2020 -20
2021 -26
2022 -26
2023 -20
2024 -6
2025 6
2026 20
2027 26
2028 26
2029 22
2030 17
2031 10
2032 3
2033 -3
2034 -10
2035 -17
2036 -22
2037 -25
2038 -27
2039 -27
2040 -25
2041 -22
2042 -17
2043 -10
2044 -3
2045 3
2046 10
2047 17
2048 22
2049 25
2050 27
2051 27
2052 25
2053 18
2054 9
2055 -9
2056 -18
2057 -27
2058 -27
2059 -18
2060 -9
2061 9
2062 18
2063 27
2064 27
2065 21
2066 5
2067 -5
2068 -21
2069 -26
2070 -26
2071 -21
2072 -5
2073 5
2074 21
2075 26
2076 26
2077 24
2078 0
2079 -24
2080 -24
2081 0
2082 24
2083 19
2084 8
2085 -8
2086 -19
2087 -27
2088 -27
2089 -19
2090 -8
2091 8
2092 19
2093 27
2094 27
2095 23
2096 2
2097 -2
2098 -23
2099 -25
2100 -25
2101 -23
2102 -2
2103 2
2104 23
2105 25
2106 25
2107 22
2108 14
2109 4
2110 -4
2111 -14
2112 -22
2113 -26
2114 -28
2115 -26
2116 -22
2117 -14
2118 -4
2119 4
2120 14
2121 22
2122 26
2123 28
2124 26
2125 20
2126 15
2127 13
2128 7
2129 -7
2130 -13
2131 -15
2132 -20
2133 -27
2134 -28
2135 -28
2136 -27
2137 -20
2138 -15
2139 -13
2140 -7
2141 7
2142 13
2143 15
2144 20
2145 27
2146 28
2147 28
2148 27
2149 16
2150 12
2151 -12
2152 -16
2153 -28
2154 -28
2155 -16
2156 -12
2157 12
2158 16
2159 28
2160 28
2161 17
2162 11
2163 -11
2164 -17
2165 -28
2166 -28
2167 -17
2168 -11
2169 11
2170 17
2171 28
2172 28
2173 24
2174 1
2175 -1
2176 -24
2177 -25
2178 -25
2179 -24
2180 -1
2181 1
2182 24
2183 25
2184 25
2185 21
2186 6
2187 -6
2188 -21
2189 -27
2190 -27
2191 -21
2192 -6
2193 6
2194 21
2195 27
2196 27
2197 18
2198 10
2199 -10
2200 -18
2201 -28
2202 -28
2203 -18
2204 -10
2205 10
2206 18
2207 28
2208 28
2209 23
2210 3
2211 -3
2212 -23
2213 -26
2214 -26
2215 -23
2216 -3
2217 3
2218 23
2219 26
2220 26
2221 19
2222 9
2223 -9
2224 -19
2225 -28
2226 -28
2227 -19
2228 -9
2229 9
2230 19
2231 28
2232 28
2233 22
2234 5
2235 -5
2236 -22
2237 -27
2238 -27
2239 -22
2240 -5
2241 5
2242 22
2243 27
2244 27
2245 20
2246 8
2247 -8
2248 -20
2249 -28
2250 -28
2251 -20
2252 -8
2253 8
2254 20
2255 28
2256 28
2257 25
2258 0
2259 -25
2260 -25
2261 0
2262 25
2263 24
2264 2
2265 -2
2266 -24
2267 -26
2268 -26
2269 -24
2270 -2
2271 2
2272 24
2273 26
2274 26
2275 15
2276 14
2277 -14
2278 -15
2279 -29
2280 -29
2281 -15
2282 -14
2283 14
2284 15
2285 29
2286 29
2287 16
2288 13
2289 -13
2290 -16
2291 -29
2292 -29
2293 -16
2294 -13
2295 13
2296 16
2297 29
2298 29
2299 23
2300 21
2301 17
2302 12
2303 7
2304 4
2305 -4
2306 -7
2307 -12
2308 -17
2309 -21
2310 -23
2311 -27
2312 -28
2313 -29
2314 -29
2315 -28
2316 -27
2317 -23
2318 -21
2319 -17
2320 -12
2321 -7
2322 -4
2323 4
2324 7
2325 12
2326 17
2327 21
2328 23
2329 27
2330 28
2331 29
2332 29
2333 28
2334 27
2335 18
2336 11
2337 -11
2338 -18
2339 -29
2340 -29
2341 -18
2342 -11
2343 11
2344 18
2345 29
2346 29
2347 25
2348 19
2349 10
2350 1
2351 -1
2352 -10
2353 -19
2354 -25
2355 -26
2356 -29
2357 -29
2358 -26
2359 -25
2360 -19
2361 -10
2362 -1
2363 1
2364 10
2365 19
2366 25
2367 26
2368 29
2369 29
2370 26
2371 22
2372 6
2373 -6
2374 -22
2375 -28
2376 -28
2377 -22
2378 -6
2379 6
2380 22
2381 28
2382 28
2383 24
2384 3
2385 -3
2386 -24
2387 -27
2388 -27
2389 -24
2390 -3
2391 3
2392 24
2393 27
2394 27
2395 20
2396 9
2397 -9
2398 -20
2399 -29
2400 -29
2401 -20
2402 -9
2403 9
2404 20
2405 29
2406 29
2407 23
2408 5
2409 -5
2410 -23
2411 -28
2412 -28
2413 -23
2414 -5
2415 5
2416 23
2417 28
2418 28
2419 21
2420 8
2421 -8
2422 -21
2423 -29
2424 -29
2425 -21
2426 -8
2427 8
2428 21
2429 29
2430 29
2431 15
2432 -15
2433 -30
2434 -15
2435 15
2436 30
2437 26
2438 16
2439 14
2440 0
2441 -14
2442 -16
2443 -26
2444 -30
2445 -30
2446 -26
2447 -16
2448 -14
2449 0
2450 14
2451 16
2452 26
2453 30
2454 30
2455 25
2456 17
2457 13
2458 2
2459 -2
2460 -13
2461 -17
2462 -25
2463 -27
2464 -30
2465 -30
2466 -27
2467 -25
2468 -17
2469 -13
2470 -2
2471 2
2472 13
2473 17
2474 25
2475 27
2476 30
2477 30
2478 27
2479 18
2480 12
2481 -12
2482 -18
2483 -30
2484 -30
2485 -18
2486 -12
2487 12
2488 18
2489 30
2490 30
2491 22
2492 7
2493 -7
2494 -22
2495 -29
2496 -29
2497 -22
2498 -7
2499 7
2500 22
2501 29
2502 29
2503 24
2504 4
2505 -4
2506 -24
2507 -28
2508 -28
2509 -24
2510 -4
2511 4
2512 24
2513 28
2514 28
2515 19
2516 11
2517 -11
2518 -19
2519 -30
2520 -30
2521 -19
2522 -11
2523 11
2524 19
2525 30
2526 30
2527 20
2528 10
2529 -10
2530 -20
2531 -30
2532 -30
2533 -20
2534 -10
2535 10
2536 20
2537 30
2538 30
2539 26
2540 23
2541 6
2542 1
2543 -1
2544 -6
2545 -23
2546 -26
2547 -27
2548 -29
2549 -29
2550 -27
2551 -26
2552 -23
2553 -6
2554 -1
2555 1
2556 6
2557 23
2558 26
2559 27
2560 29
2561 29
2562 27
2563 25
2564 3
2565 -3
2566 -25
2567 -28
2568 -28
2569 -25
2570 -3
2571 3
2572 25
2573 28
2574 28
2575 21
2576 9
2577 -9
2578 -21
2579 -30
2580 -30
2581 -21
2582 -9
2583 9
2584 21
2585 30
2586 30
2587 24
2588 16
2589 15
2590 5
2591 -5
2592 -15
2593 -16
2594 -24
2595 -29
2596 -31
2597 -31
2598 -29
2599 -24
2600 -16
2601 -15
2602 -5
2603 5
2604 15
2605 16
2606 24
2607 29
2608 31
2609 31
2610 29
2611 17
2612 14
2613 -14
2614 -17
2615 -31
2616 -31
2617 -17
2618 -14
2619 14
2620 17
2621 31
2622 31
2623 22
2624 8
2625 -8
2626 -22
2627 -30
2628 -30
2629 -22
2630 -8
2631 8
2632 22
2633 30
2634 30
2635 18
2636 13
2637 -13
2638 -18
2639 -31
2640 -31
2641 -18
2642 -13
2643 13
2644 18
2645 31
2646 31
2647 27
2648 0
2649 -27
2650 -27
2651 0
2652 27
2653 26
2654 2
2655 -2
2656 -26
2657 -28
2658 -28
2659 -26
2660 -2
2661 2
2662 26
2663 28
2664 28
2665 19
2666 12
2667 -12
2668 -19
2669 -31
2670 -31
2671 -19
2672 -12
2673 12
2674 19
2675 31
2676 31
2677 23
2678 7
2679 -7
2680 -23
2681 -30
2682 -30
2683 -23
2684 -7
2685 7
2686 23
2687 30
2688 30
2689 25
2690 20
2691 11
2692 4
2693 -4
2694 -11
2695 -20
2696 -25
2697 -29
2698 -31
2699 -31
2700 -29
2701 -25
2702 -20
2703 -11
2704 -4
2705 4
2706 11
2707 20
2708 25
2709 29
2710 31
2711 31
2712 29
2713 21
2714 10
2715 -10
2716 -21
2717 -31
2718 -31
2719 -21
2720 -10
2721 10
2722 21
2723 31
2724 31
2725 24
2726 6
2727 -6
2728 -24
2729 -30
2730 -30
2731 -24
2732 -6
2733 6
2734 24
2735 30
2736 30
2737 27
2738 1
2739 -1
2740 -27
2741 -28
2742 -28
2743 -27
2744 -1
2745 1
2746 27
2747 28
2748 28
2749 26
2750 22
2751 9
2752 3
2753 -3
2754 -9
2755 -22
2756 -26
2757 -29
2758 -31
2759 -31
2760 -29
2761 -26
2762 -22
2763 -9
2764 -3
2765 3
2766 9
2767 22
2768 26
2769 29
2770 31
2771 31
2772 29
2773 16
2774 -16
2775 -32
2776 -16
2777 16
2778 32
2779 17
2780 15
2781 -15
2782 -17
2783 -32
2784 -32
2785 -17
2786 -15
2787 15
2788 17
2789 32
2790 32
2791 18
2792 14
2793 -14
2794 -18
2795 -32
2796 -32
2797 -18
2798 -14
2799 14
2800 18
2801 32
2802 32
2803 25
2804 5
2805 -5
2806 -25
2807 -30
2808 -30
2809 -25
2810 -5
2811 5
2812 25
2813 30
2814 30
2815 23
2816 19
2817 13
2818 8
2819 -8
2820 -13
2821 -19
2822 -23
2823 -31
2824 -32
2825 -32
2826 -31
2827 -23
2828 -19
2829 -13
2830 -8
2831 8
2832 13
2833 19
2834 23
2835 31
2836 32
2837 32
2838 31
2839 28
2840 20
2841 12
2842 0
2843 -12
2844 -20
2845 -28
2846 -32
2847 -32
2848 -28
2849 -20
2850 -12
2851 0
2852 12
2853 20
2854 28
2855 32
2856 32
2857 27
2858 2
2859 -2
2860 -27
2861 -29
2862 -29
2863 -27
2864 -2
2865 2
2866 27
2867 29
2868 29
2869 24
2870 21
2871 11
2872 7
2873 -7
2874 -11
2875 -21
2876 -24
2877 -31
2878 -32
2879 -32
2880 -31
2881 -24
2882 -21
2883 -11
2884 -7
2885 7
2886 11
2887 21
2888 24
2889 31
2890 32
2891 32
2892 31
2893 26
2894 4
2895 -4
2896 -26
2897 -30
2898 -30
2899 -26
2900 -4
2901 4
2902 26
2903 30
2904 30
2905 22
2906 10
2907 -10
2908 -22
2909 -32
2910 -32
2911 -22
2912 -10
2913 10
2914 22
2915 32
2916 32
2917 25
2918 6
2919 -6
2920 -25
2921 -31
2922 -31
2923 -25
2924 -6
2925 6
2926 25
2927 31
2928 31
2929 28
2930 1
2931 -1
2932 -28
2933 -29
2934 -29
2935 -28
2936 -1
2937 1
2938 28
2939 29
2940 29
2941 23
2942 17
2943 16
2944 9
2945 -9
2946 -16
2947 -17
2948 -23
2949 -32
2950 -33
2951 -33
2952 -32
2953 -23
2954 -17
2955 -16
2956 -9
2957 9
2958 16
2959 17
2960 23
2961 32
2962 33
2963 33
2964 32
2965 27
2966 18
2967 15
2968 3
2969 -3
2970 -15
2971 -18
2972 -27
2973 -30
2974 -33
2975 -33
2976 -30
2977 -27
2978 -18
2979 -15
2980 -3
2981 3
2982 15
2983 18
2984 27
2985 30
2986 33
2987 33
2988 30
2989 19
2990 14
2991 -14
2992 -19
2993 -33
2994 -33
2995 -19
2996 -14
2997 14
2998 19
2999 33
3000 33
3001 20
3002 13
3003 -13
3004 -20
3005 -33
3006 -33
3007 -20
3008 -13
3009 13
3010 20
3011 33
3012 33
3013 26
3014 5
3015 -5
3016 -26
3017 -31
3018 -31
3019 -26
3020 -5
3021 5
3022 26
3023 31
3024 31
3025 24
3026 8
3027 -8
3028 -24
3029 -32
3030 -32
3031 -24
3032 -8
3033 8
3034 24
3035 32
3036 32
3037 21
3038 12
3039 -12
3040 -21
3041 -33
3042 -33
3043 -21
3044 -12
3045 12
3046 21
3047 33
3048 33
3049 29
3050 0
3051 -29
3052 -29
3053 0
3054 29
3055 28
3056 2
3057 -2
3058 -28
3059 -30
3060 -30
3061 -28
3062 -2
3063 2
3064 28
3065 30
3066 30
3067 22
3068 11
3069 -11
3070 -22
3071 -33
3072 -33
3073 -22
3074 -11
3075 11
3076 22
3077 33
3078 33
3079 25
3080 7
3081 -7
3082 -25
3083 -32
3084 -32
3085 -25
3086 -7
3087 7
3088 25
3089 32
3090 32
3091 27
3092 4
3093 -4
3094 -27
3095 -31
3096 -31
3097 -27
3098 -4
3099 4
3100 27
3101 31
3102 31
3103 23
3104 10
3105 -10
3106 -23
3107 -33
3108 -33
3109 -23
3110 -10
3111 10
3112 23
3113 33
3114 33
3115 17
3116 -17
3117 -34
3118 -17
3119 17
3120 34
3121 26
3122 18
3123 16
3124 6
3125 -6
3126 -16
3127 -18
3128 -26
3129 -32
3130 -34
3131 -34
3132 -32
3133 -26
3134 -18
3135 -16
3136 -6
3137 6
3138 16
3139 18
3140 26
3141 32
3142 34
3143 34
3144 32
3145 29
3146 19
3147 15
3148 1
3149 -1
3150 -15
3151 -19
3152 -29
3153 -30
3154 -34
3155 -34
3156 -30
3157 -29
3158 -19
3159 -15
3160 -1
3161 1
3162 15
3163 19
3164 29
3165 30
3166 34
3167 34
3168 30
3169 24
3170 9
3171 -9
3172 -24
3173 -33
3174 -33
3175 -24
3176 -9
3177 9
3178 24
3179 33
3180 33
3181 20
3182 14
3183 -14
3184 -20
3185 -34
3186 -34
3187 -20
3188 -14
3189 14
3190 20
3191 34
3192 34
3193 28
3194 3
3195 -3
3196 -28
3197 -31
3198 -31
3199 -28
3200 -3
3201 3
3202 28
3203 31
3204 31
3205 21
3206 13
3207 -13
3208 -21
3209 -34
3210 -34
3211 -21
3212 -13
3213 13
3214 21
3215 34
3216 34
3217 27
3218 25
3219 8
3220 5
3221 -5
3222 -8
3223 -25
3224 -27
3225 -32
3226 -33
3227 -33
3228 -32
3229 -27
3230 -25
3231 -8
3232 -5
3233 5
3234 8
3235 25
3236 27
3237 32
3238 33
3239 33
3240 32
3241 22
3242 12
3243 -12
3244 -22
3245 -34
3246 -34
3247 -22
3248 -12
3249 12
3250 22
3251 34
3252 34
3253 30
3254 0
3255 -30
3256 -30
3257 0
3258 30
3259 29
3260 23
3261 11
3262 2
3263 -2
3264 -11
3265 -23
3266 -29
3267 -31
3268 -34
3269 -34
3270 -31
3271 -29
3272 -23
3273 -11
3274 -2
3275 2
3276 11
3277 23
3278 29
3279 31
3280 34
3281 34
3282 31
3283 26
3284 7
3285 -7
3286 -26
3287 -33
3288 -33
3289 -26
3290 -7
3291 7
3292 26
3293 33
3294 33
3295 28
3296 4
3297 -4
3298 -28
3299 -32
3300 -32
3301 -28
3302 -4
3303 4
3304 28
3305 32
3306 32
3307 24
3308 10
3309 -10
3310 -24
3311 -34
3312 -34
3313 -24
3314 -10
3315 10
3316 24
3317 34
3318 34
3319 18
3320 17
3321 -17
3322 -18
3323 -35
3324 -35
3325 -18
3326 -17
3327 17
3328 18
3329 35
3330 35
3331 19
3332 16
3333 -16
3334 -19
3335 -35
3336 -35
3337 -19
3338 -16
3339 16
3340 19
3341 35
3342 35
3343 20
3344 15
3345 -15
3346 -20
3347 -35
3348 -35
3349 -20
3350 -15
3351 15
3352 20
3353 35
3354 35
3355 27
3356 6
3357 -6
3358 -27
3359 -33
3360 -33
3361 -27
3362 -6
3363 6
3364 27
3365 33
3366 33
3367 30
3368 25
3369 21
3370 14
3371 9
3372 1
3373 -1
3374 -9
3375 -14
3376 -21
3377 -25
3378 -30
3379 -31
3380 -34
3381 -35
3382 -35
3383 -34
3384 -31
3385 -30
3386 -25
3387 -21
3388 -14
3389 -9
3390 -1
3391 1
3392 9
3393 14
3394 21
3395 25
3396 30
3397 31
3398 34
3399 35
3400 35
3401 34
3402 31
3403 29
3404 3
3405 -3
3406 -29
3407 -32
3408 -32
3409 -29
3410 -3
3411 3
3412 29
3413 32
3414 32
3415 22
3416 13
3417 -13
3418 -22
3419 -35
3420 -35
3421 -22
3422 -13
3423 13
3424 22
3425 35
3426 35
3427 26
3428 8
3429 -8
3430 -26
3431 -34
3432 -34
3433 -26
3434 -8
3435 8
3436 26
3437 34
3438 34
3439 28
3440 23
3441 12
3442 5
3443 -5
3444 -12
3445 -23
3446 -28
3447 -33
3448 -35
3449 -35
3450 -33
3451 -28
3452 -23
3453 -12
3454 -5
3455 5
3456 12
3457 23
3458 28
3459 33
3460 35
3461 35
3462 33
3463 31
3464 24
3465 11
3466 0
3467 -11
3468 -24
3469 -31
3470 -35
3471 -35
3472 -31
3473 -24
3474 -11
3475 0
3476 11
3477 24
3478 31
3479 35
3480 35
3481 30
3482 2
3483 -2
3484 -30
3485 -32
3486 -32
3487 -30
3488 -2
3489 2
3490 30
3491 32
3492 32
3493 27
3494 7
3495 -7
3496 -27
3497 -34
3498 -34
3499 -27
3500 -7
3501 7
3502 27
3503 34
3504 34
3505 18
3506 -18
3507 -36
3508 -18
3509 18
3510 36
3511 29
3512 19
3513 17
3514 4
3515 -4
3516 -17
3517 -19
3518 -29
3519 -33
3520 -36
3521 -36
3522 -33
3523 -29
3524 -19
3525 -17
3526 -4
3527 4
3528 17
3529 19
3530 29
3531 33
3532 36
3533 36
3534 33
3535 25
3536 10
3537 -10
3538 -25
3539 -35
3540 -35
3541 -25
3542 -10
3543 10
3544 25
3545 35
3546 35
3547 20
3548 16
3549 -16
3550 -20
3551 -36
3552 -36
3553 -20
3554 -16
3555 16
3556 20
3557 36
3558 36
3559 21
3560 15
3561 -15
3562 -21
3563 -36
3564 -36
3565 -21
3566 -15
3567 15
3568 21
3569 36
3570 36
3571 28
3572 22
3573 14
3574 6
3575 -6
3576 -14
3577 -22
3578 -28
3579 -34
3580 -36
3581 -36
3582 -34
3583 -28
3584 -22
3585 -14
3586 -6
3587 6
3588 14
3589 22
3590 28
3591 34
3592 36
3593 36
3594 34
3595 26
3596 9
3597 -9
3598 -26
3599 -35
3600 -35
3601 -26
3602 -9
3603 9
3604 26
3605 35
3606 35
3607 31
3608 1
3609 -1
3610 -31
3611 -32
3612 -32
3613 -31
3614 -1
3615 1
3616 31
3617 32
3618 32
3619 23
3620 13
3621 -13
3622 -23
3623 -36
3624 -36
3625 -23
3626 -13
3627 13
3628 23
3629 36
3630 36
3631 30
3632 3
3633 -3
3634 -30
3635 -33
3636 -33
3637 -30
3638 -3
3639 3
3640 30
3641 33
3642 33
3643 24
3644 12
3645 -12
3646 -24
3647 -36
3648 -36
3649 -24
3650 -12
3651 12
3652 24
3653 36
3654 36
3655 27
3656 8
3657 -8
3658 -27
3659 -35
3660 -35
3661 -27
3662 -8
3663 8
3664 27
3665 35
3666 35
3667 29
3668 5
3669 -5
3670 -29
3671 -34
3672 -34
3673 -29
3674 -5
3675 5
3676 29
3677 34
3678 34
3679 25
3680 11
3681 -11
3682 -25
3683 -36
3684 -36
3685 -25
3686 -11
3687 11
3688 25
3689 36
3690 36
3691 32
3692 0
3693 -32
3694 -32
3695 0
3696 32
3697 31
3698 19
3699 18
3700 2
3701 -2
3702 -18
3703 -19
3704 -31
3705 -33
3706 -37
3707 -37
3708 -33
3709 -31
3710 -19
3711 -18
3712 -2
3713 2
3714 18
3715 19
3716 31
3717 33
3718 37
3719 37
3720 33
3721 28
3722 20
3723 17
3724 7
3725 -7
3726 -17
3727 -20
3728 -28
3729 -35
3730 -37
3731 -37
3732 -35
3733 -28
3734 -20
3735 -17
3736 -7
3737 7
3738 17
3739 20
3740 28
3741 35
3742 37
3743 37
3744 35
3745 21
3746 16
3747 -16
3748 -21
3749 -37
3750 -37
3751 -21
3752 -16
3753 16
3754 21
3755 37
3756 37
3757 30
3758 26
3759 10
3760 4
3761 -4
3762 -10
3763 -26
3764 -30
3765 -34
3766 -36
3767 -36
3768 -34
3769 -30
3770 -26
3771 -10
3772 -4
3773 4
3774 10
3775 26
3776 30
3777 34
3778 36
3779 36
3780 34
3781 22
3782 15
3783 -15
3784 -22
3785 -37
3786 -37
3787 -22
3788 -15
3789 15
3790 22
3791 37
3792 37
3793 23
3794 14
3795 -14
3796 -23
3797 -37
3798 -37
3799 -23
3800 -14
3801 14
3802 23
3803 37
3804 37
3805 29
3806 6
3807 -6
3808 -29
3809 -35
3810 -35
3811 -29
3812 -6
3813 6
3814 29
3815 35
3816 35
3817 27
3818 9
3819 -9
3820 -27
3821 -36
3822 -36
3823 -27
3824 -9
3825 9
3826 27
3827 36
3828 36
3829 32
3830 24
3831 13
3832 1
3833 -1
3834 -13
3835 -24
3836 -32
3837 -33
3838 -37
3839 -37
3840 -33
3841 -32
3842 -24
3843 -13
3844 -1
3845 1
3846 13
3847 24
3848 32
3849 33
3850 37
3851 37
3852 33
3853 31
3854 3
3855 -3
3856 -31
3857 -34
3858 -34
3859 -31
3860 -3
3861 3
3862 31
3863 34
3864 34
3865 25
3866 12
3867 -12
3868 -25
3869 -37
3870 -37
3871 -25
3872 -12
3873 12
3874 25
3875 37
3876 37
3877 28
3878 8
3879 -8
3880 -28
3881 -36
3882 -36
3883 -28
3884 -8
3885 8
3886 28
3887 36
3888 36
3889 30
3890 5
3891 -5
3892 -30
3893 -35
3894 -35
3895 -30
3896 -5
3897 5
3898 30
3899 35
3900 35
3901 26
3902 19
3903 11
3904 -11
3905 -19
3906 -26
3907 -37
3908 -38
3909 -37
3910 -26
3911 -19
3912 -11
3913 11
3914 19
3915 26
3916 37
3917 38
3918 37
3919 20
3920 18
3921 -18
3922 -20
3923 -38
3924 -38
3925 -20
3926 -18
3927 18
3928 20
3929 38
3930 38
3931 21
3932 17
3933 -17
3934 -21
3935 -38
3936 -38
3937 -21
3938 -17
3939 17
3940 21
3941 38
3942 38
3943 33
3944 0
3945 -33
3946 -33
3947 0
3948 33
3949 32
3950 22
3951 16
3952 2
3953 -2
3954 -16
3955 -22
3956 -32
3957 -34
3958 -38
3959 -38
3960 -34
3961 -32
3962 -22
3963 -16
3964 -2
3965 2
3966 16
3967 22
3968 32
3969 34
3970 38
3971 38
3972 34
3973 29
3974 7
3975 -7
3976 -29
3977 -36
3978 -36
3979 -29
3980 -7
3981 7
3982 29
3983 36
3984 36
3985 27
3986 23
3987 15
3988 10
3989 -10
3990 -15
3991 -23
3992 -27
3993 -37
3994 -38
3995 -38
3996 -37
3997 -27
3998 -23
3999 -15
4000 -10
4001 10
4002 15
4003 23
4004 27
4005 37
4006 38
4007 38
4008 37
4009 31
4010 4
4011 -4
4012 -31
4013 -35
4014 -35
4015 -31
4016 -4
4017 4
4018 31
4019 35
4020 35
4021 24
4022 14
4023 -14
4024 -24
4025 -38
4026 -38
4027 -24
4028 -14
4029 14
4030 24
4031 38
4032 38
4033 30
4034 6
4035 -6
4036 -30
4037 -36
4038 -36
4039 -30
4040 -6
4041 6
4042 30
4043 36
4044 36
4045 28
4046 9
4047 -9
4048 -28
4049 -37
4050 -37
4051 -28
4052 -9
4053 9
4054 28
4055 37
4056 37
4057 25
4058 13
4059 -13
4060 -25
4061 -38
4062 -38
4063 -25
4064 -13
4065 13
4066 25
4067 38
4068 38
4069 33
4070 1
4071 -1
4072 -33
4073 -34
4074 -34
4075 -33
4076 -1
4077 1
4078 33
4079 34
4080 34
4081 32
4082 3
4083 -3
4084 -32
4085 -35
4086 -35
4087 -32
4088 -3
4089 3
4090 32
4091 35
4092 35
4093 26
4094 12
4095 -12
4096 -26
4097 -38
4098 -38
4099 -26
4100 -12
4101 12
4102 26
4103 38
4104 38
4105 29
4106 8
4107 -8
4108 -29
4109 -37
4110 -37
4111 -29
4112 -8
4113 8
4114 29
4115 37
4116 37
4117 31
4118 20
4119 19
4120 5
4121 -5
4122 -19
4123 -20
4124 -31
4125 -36
4126 -39
4127 -39
4128 -36
4129 -31
4130 -20
4131 -19
4132 -5
4133 5
4134 19
4135 20
4136 31
4137 36
4138 39
4139 39
4140 36
4141 21
4142 18
4143 -18
4144 -21
4145 -39
4146 -39
4147 -21
4148 -18
4149 18
4150 21
4151 39
4152 39
4153 27
4154 22
4155 17
4156 11
4157 -11
4158 -17
4159 -22
4160 -27
4161 -38
4162 -39
4163 -39
4164 -38
4165 -27
4166 -22
4167 -17
4168 -11
4169 11
4170 17
4171 22
4172 27
4173 38
4174 39
4175 39
4176 38
4177 23
4178 16
4179 -16
4180 -23
4181 -39
4182 -39
4183 -23
4184 -16
4185 16
4186 23
4187 39
4188 39
4189 34
4190 0
4191 -34
4192 -34
4193 0
4194 34
4195 33
4196 30
4197 7
4198 2
4199 -2
4200 -7
4201 -30
4202 -33
4203 -35
4204 -37
4205 -37
4206 -35
4207 -33
4208 -30
4209 -7
4210 -2
4211 2
4212 7
4213 30
4214 33
4215 35
4216 37
4217 37
4218 35
4219 24
4220 15
4221 -15
4222 -24
4223 -39
4224 -39
4225 -24
4226 -15
4227 15
4228 24
4229 39
4230 39
4231 28
4232 10
4233 -10
4234 -28
4235 -38
4236 -38
4237 -28
4238 -10
4239 10
4240 28
4241 38
4242 38
4243 32
4244 4
4245 -4
4246 -32
4247 -36
4248 -36
4249 -32
4250 -4
4251 4
4252 32
4253 36
4254 36
4255 25
4256 14
4257 -14
4258 -25
4259 -39
4260 -39
4261 -25
4262 -14
4263 14
4264 25
4265 39
4266 39
4267 31
4268 29
4269 26
4270 13
4271 9
4272 6
4273 -6
4274 -9
4275 -13
4276 -26
4277 -29
4278 -31
4279 -37
4280 -38
4281 -39
4282 -39
4283 -38
4284 -37
4285 -31
4286 -29
4287 -26
4288 -13
4289 -9
4290 -6
4291 6
4292 9
4293 13
4294 26
4295 29
4296 31
4297 37
4298 38
4299 39
4300 39
4301 38
4302 37
4303 34
4304 1
4305 -1
4306 -34
4307 -35
4308 -35
4309 -34
4310 -1
4311 1
4312 34
4313 35
4314 35
4315 33
4316 27
4317 12
4318 3
4319 -3
4320 -12
4321 -27
4322 -33
4323 -36
4324 -39
4325 -39
4326 -36
4327 -33
4328 -27
4329 -12
4330 -3
4331 3
4332 12
4333 27
4334 33
4335 36
4336 39
4337 39
4338 36
4339 20
4340 -20
4341 -40
4342 -20
4343 20
4344 40
4345 21
4346 19
4347 -19
4348 -21
4349 -40
4350 -40
4351 -21
4352 -19
4353 19
4354 21
4355 40
4356 40
4357 30
4358 22
4359 18
4360 8
4361 -8
4362 -18
4363 -22
4364 -30
4365 -38
4366 -40
4367 -40
4368 -38
4369 -30
4370 -22
4371 -18
4372 -8
4373 8
4374 18
4375 22
4376 30
4377 38
4378 40
4379 40
4380 38
4381 32
4382 23
4383 17
4384 5
4385 -5
4386 -17
4387 -23
4388 -32
4389 -37
4390 -40
4391 -40
4392 -37
4393 -32
4394 -23
4395 -17
4396 -5
4397 5
4398 17
4399 23
4400 32
4401 37
4402 40
4403 40
4404 37
4405 28
4406 11
4407 -11
4408 -28
4409 -39
4410 -39
4411 -28
4412 -11
4413 11
4414 28
4415 39
4416 39
4417 24
4418 16
4419 -16
4420 -24
4421 -40
4422 -40
4423 -24
4424 -16
4425 16
4426 24
4427 40
4428 40
4429 35
4430 25
4431 15
4432 0
4433 -15
4434 -25
4435 -35
4436 -40
4437 -40
4438 -35
4439 -25
4440 -15
4441 0
4442 15
4443 25
4444 35
4445 40
4446 40
4447 31
4448 7
4449 -7
4450 -31
4451 -38
4452 -38
4453 -31
4454 -7
4455 7
4456 31
4457 38
4458 38
4459 34
4460 2
4461 -2
4462 -34
4463 -36
4464 -36
4465 -34
4466 -2
4467 2
4468 34
4469 36
4470 36
4471 29
4472 10
4473 -10
4474 -29
4475 -39
4476 -39
4477 -29
4478 -10
4479 10
4480 29
4481 39
4482 39
4483 26
4484 14
4485 -14
4486 -26
4487 -40
4488 -40
4489 -26
4490 -14
4491 14
4492 26
4493 40
4494 40
4495 33
4496 4
4497 -4
4498 -33
4499 -37
4500 -37
4501 -33
4502 -4
4503 4
4504 33
4505 37
4506 37
4507 27
4508 13
4509 -13
4510 -27
4511 -40
4512 -40
4513 -27
4514 -13
4515 13
4516 27
4517 40
4518 40
4519 30
4520 9
4521 -9
4522 -30
4523 -39
4524 -39
4525 -30
4526 -9
4527 9
4528 30
4529 39
4530 39
4531 32
4532 6
4533 -6
4534 -32
4535 -38
4536 -38
4537 -32
4538 -6
4539 6
4540 32
4541 38
4542 38
4543 35
4544 21
4545 20
4546 1
4547 -1
4548 -20
4549 -21
4550 -35
4551 -36
4552 -41
4553 -41
4554 -36
4555 -35
4556 -21
4557 -20
4558 -1
4559 1
4560 20
4561 21
4562 35
4563 36
4564 41
4565 41
4566 36
4567 22
4568 19
4569 -19
4570 -22
4571 -41
4572 -41
4573 -22
4574 -19
4575 19
4576 22
4577 41
4578 41
4579 28
4580 12
4581 -12
4582 -28
4583 -40
4584 -40
4585 -28
4586 -12
4587 12
4588 28
4589 40
4590 40
4591 34
4592 23
4593 18
4594 3
4595 -3
4596 -18
4597 -23
4598 -34
4599 -37
4600 -41
4601 -41
4602 -37
4603 -34
4604 -23
4605 -18
4606 -3
4607 3
4608 18
4609 23
4610 34
4611 37
4612 41
4613 41
4614 37
4615 31
4616 24
4617 17
4618 8
4619 -8
4620 -17
4621 -24
4622 -31
4623 -39
4624 -41
4625 -41
4626 -39
4627 -31
4628 -24
4629 -17
4630 -8
4631 8
4632 17
4633 24
4634 31
4635 39
4636 41
4637 41
4638 39
4639 33
4640 5
4641 -5
4642 -33
4643 -38
4644 -38
4645 -33
4646 -5
4647 5
4648 33
4649 38
4650 38
4651 29
4652 25
4653 16
4654 11
4655 -11
4656 -16
4657 -25
4658 -29
4659 -40
4660 -41
4661 -41
4662 -40
4663 -29
4664 -25
4665 -16
4666 -11
4667 11
4668 16
4669 25
4670 29
4671 40
4672 41
4673 41
4674 40
4675 26
4676 15
4677 -15
4678 -26
4679 -41
4680 -41
4681 -26
4682 -15
4683 15
4684 26
4685 41
4686 41
4687 36
4688 0
4689 -36
4690 -36
4691 0
4692 36
4693 32
4694 7
4695 -7
4696 -32
4697 -39
4698 -39
4699 -32
4700 -7
4701 7
4702 32
4703 39
4704 39
4705 35
4706 2
4707 -2
4708 -35
4709 -37
4710 -37
4711 -35
4712 -2
4713 2
4714 35
4715 37
4716 37
4717 30
4718 10
4719 -10
4720 -30
4721 -40
4722 -40
4723 -30
4724 -10
4725 10
4726 30
4727 40
4728 40
4729 27
4730 14
4731 -14
4732 -27
4733 -41
4734 -41
4735 -27
4736 -14
4737 14
4738 27
4739 41
4740 41
4741 34
4742 4
4743 -4
4744 -34
4745 -38
4746 -38
4747 -34
4748 -4
4749 4
4750 34
4751 38
4752 38
4753 28
4754 13
4755 -13
4756 -28
4757 -41
4758 -41
4759 -28
4760 -13
4761 13
4762 28
4763 41
4764 41
4765 31
4766 9
4767 -9
4768 -31
4769 -40
4770 -40
4771 -31
4772 -9
4773 9
4774 31
4775 40
4776 40
4777 33
4778 21
4779 6
4780 -6
4781 -21
4782 -33
4783 -39
4784 -42
4785 -39
4786 -33
4787 -21
4788 -6
4789 6
4790 21
4791 33
4792 39
4793 42
4794 39
4795 22
4796 20
4797 -20
4798 -22
4799 -42
4800 -42
4801 -22
4802 -20
4803 20
4804 22
4805 42
4806 42
4807 23
4808 19
4809 -19
4810 -23
4811 -42
4812 -42
4813 -23
4814 -19
4815 19
4816 23
4817 42
4818 42
4819 24
4820 18
4821 -18
4822 -24
4823 -42
4824 -42
4825 -24
4826 -18
4827 18
4828 24
4829 42
4830 42
4831 36
4832 29
4833 12
4834 1
4835 -1
4836 -12
4837 -29
4838 -36
4839 -37
4840 -41
4841 -41
4842 -37
4843 -36
4844 -29
4845 -12
4846 -1
4847 1
4848 12
4849 29
4850 36
4851 37
4852 41
4853 41
4854 37
4855 35
4856 25
4857 17
4858 3
4859 -3
4860 -17
4861 -25
4862 -35
4863 -38
4864 -42
4865 -42
4866 -38
4867 -35
4868 -25
4869 -17
4870 -3
4871 3
4872 17
4873 25
4874 35
4875 38
4876 42
4877 42
4878 38
4879 32
4880 8
4881 -8
4882 -32
4883 -40
4884 -40
4885 -32
4886 -8
4887 8
4888 32
4889 40
4890 40
4891 26
4892 16
4893 -16
4894 -26
4895 -42
4896 -42
4897 -26
4898 -16
4899 16
4900 26
4901 42
4902 42
4903 34
4904 30
4905 11
4906 5
4907 -5
4908 -11
4909 -30
4910 -34
4911 -39
4912 -41
4913 -41
4914 -39
4915 -34
4916 -30
4917 -11
4918 -5
4919 5
4920 11
4921 30
4922 34
4923 39
4924 41
4925 41
4926 39
4927 27
4928 15
4929 -15
4930 -27
4931 -42
4932 -42
4933 -27
4934 -15
4935 15
4936 27
4937 42
4938 42
4939 37
4940 33
4941 7
4942 0
4943 -7
4944 -33
4945 -37
4946 -40
4947 -40
4948 -37
4949 -33
4950 -7
4951 0
4952 7
4953 33
4954 37
4955 40
4956 40
4957 31
4958 10
4959 -10
4960 -31
4961 -41
4962 -41
4963 -31
4964 -10
4965 10
4966 31
4967 41
4968 41
4969 36
4970 28
4971 14
4972 2
4973 -2
4974 -14
4975 -28
4976 -36
4977 -38
4978 -42
4979 -42
4980 -38
4981 -36
4982 -28
4983 -14
4984 -2
4985 2
4986 14
4987 28
4988 36
4989 38
4990 42
4991 42
4992 38
4993 35
4994 4
4995 -4
4996 -35
4997 -39
4998 -39
4999 -35
5000 -4
5001 4
5002 35
5003 39
5004 39
5005 29
5006 22
5007 21
5008 13
5009 -13
5010 -21
5011 -22
5012 -29
5013 -42
5014 -43
5015 -43
5016 -42
5017 -29
5018 -22
5019 -21
5020 -13
5021 13
5022 21
5023 22
5024 29
5025 42
5026 43
5027 43
5028 42
5029 23
5030 20
5031 -20
5032 -23
5033 -43
5034 -43
5035 -23
5036 -20
5037 20
5038 23
5039 43
5040 43
5041 32
5042 24
5043 19
5044 9
5045 -9
5046 -19
5047 -24
5048 -32
5049 -41
5050 -43
5051 -43
5052 -41
5053 -32
5054 -24
5055 -19
5056 -9
5057 9
5058 19
5059 24
5060 32
5061 41
5062 43
5063 43
5064 41
5065 34
5066 6
5067 -6
5068 -34
5069 -40
5070 -40
5071 -34
5072 -6
5073 6
5074 34
5075 40
5076 40
5077 25
5078 18
5079 -18
5080 -25
5081 -43
5082 -43
5083 -25
5084 -18
5085 18
5086 25
5087 43
5088 43
5089 30
5090 12
5091 -12
5092 -30
5093 -42
5094 -42
5095 -30
5096 -12
5097 12
5098 30
5099 42
5100 42
5101 37
5102 26
5103 17
5104 1
5105 -1
5106 -17
5107 -26
5108 -37
5109 -38
5110 -43
5111 -43
5112 -38
5113 -37
5114 -26
5115 -17
5116 -1
5117 1
5118 17
5119 26
5120 37
5121 38
5122 43
5123 43
5124 38
5125 36
5126 3
5127 -3
5128 -36
5129 -39
5130 -39
5131 -36
5132 -3
5133 3
5134 36
5135 39
5136 39
5137 33
5138 27
5139 16
5140 8
5141 -8
5142 -16
5143 -27
5144 -33
5145 -41
5146 -43
5147 -43
5148 -41
5149 -33
5150 -27
5151 -16
5152 -8
5153 8
5154 16
5155 27
5156 33
5157 41
5158 43
5159 43
5160 41
5161 31
5162 11
5163 -11
5164 -31
5165 -42
5166 -42
5167 -31
5168 -11
5169 11
5170 31
5171 42
5172 42
5173 35
5174 5
5175 -5
5176 -35
5177 -40
5178 -40
5179 -35
5180 -5
5181 5
5182 35
5183 40
5184 40
5185 28
5186 15
5187 -15
5188 -28
5189 -43
5190 -43
5191 -28
5192 -15
5193 15
5194 28
5195 43
5196 43
5197 34
5198 29
5199 14
5200 7
5201 -7
5202 -14
5203 -29
5204 -34
5205 -41
5206 -43
5207 -43
5208 -41
5209 -34
5210 -29
5211 -14
5212 -7
5213 7
5214 14
5215 29
5216 34
5217 41
5218 43
5219 43
5220 41
5221 38
5222 32
5223 10
5224 0
5225 -10
5226 -32
5227 -38
5228 -42
5229 -42
5230 -38
5231 -32
5232 -10
5233 0
5234 10
5235 32
5236 38
5237 42
5238 42
5239 37
5240 2
5241 -2
5242 -37
5243 -39
5244 -39
5245 -37
5246 -2
5247 2
5248 37
5249 39
5250 39
5251 22
5252 -22
5253 -44
5254 -22
5255 22
5256 44
5257 23
5258 21
5259 -21
5260 -23
5261 -44
5262 -44
5263 -23
5264 -21
5265 21
5266 23
5267 44
5268 44
5269 36
5270 24
5271 20
5272 4
5273 -4
5274 -20
5275 -24
5276 -36
5277 -40
5278 -44
5279 -44
5280 -40
5281 -36
5282 -24
5283 -20
5284 -4
5285 4
5286 20
5287 24
5288 36
5289 40
5290 44
5291 44
5292 40
5293 30
5294 13
5295 -13
5296 -30
5297 -43
5298 -43
5299 -30
5300 -13
5301 13
5302 30
5303 43
5304 43
5305 25
5306 19
5307 -19
5308 -25
5309 -44
5310 -44
5311 -25
5312 -19
5313 19
5314 25
5315 44
5316 44
5317 33
5318 9
5319 -9
5320 -33
5321 -42
5322 -42
5323 -33
5324 -9
5325 9
5326 33
5327 42
5328 42
5329 26
5330 18
5331 -18
5332 -26
5333 -44
5334 -44
5335 -26
5336 -18
5337 18
5338 26
5339 44
5340 44
5341 35
5342 6
5343 -6
5344 -35
5345 -41
5346 -41
5347 -35
5348 -6
5349 6
5350 35
5351 41
5352 41
5353 31
5354 27
5355 17
5356 12
5357 -12
5358 -17
5359 -27
5360 -31
5361 -43
5362 -44
5363 -44
5364 -43
5365 -31
5366 -27
5367 -17
5368 -12
5369 12
5370 17
5371 27
5372 31
5373 43
5374 44
5375 44
5376 43
5377 38
5378 1
5379 -1
5380 -38
5381 -39
5382 -39
5383 -38
5384 -1
5385 1
5386 38
5387 39
5388 39
5389 28
5390 16
5391 -16
5392 -28
5393 -44
5394 -44
5395 -28
5396 -16
5397 16
5398 28
5399 44
5400 44
5401 37
5402 3
5403 -3
5404 -37
5405 -40
5406 -40
5407 -37
5408 -3
5409 3
5410 37
5411 40
5412 40
5413 34
5414 8
5415 -8
5416 -34
5417 -42
5418 -42
5419 -34
5420 -8
5421 8
5422 34
5423 42
5424 42
5425 32
5426 11
5427 -11
5428 -32
5429 -43
5430 -43
5431 -32
5432 -11
5433 11
5434 32
5435 43
5436 43
5437 36
5438 29
5439 15
5440 5
5441 -5
5442 -15
5443 -29
5444 -36
5445 -41
5446 -44
5447 -44
5448 -41
5449 -36
5450 -29
5451 -15
5452 -5
5453 5
5454 15
5455 29
5456 36
5457 41
5458 44
5459 44
5460 41
5461 30
5462 14
5463 -14
5464 -30
5465 -44
5466 -44
5467 -30
5468 -14
5469 14
5470 30
5471 44
5472 44
5473 35
5474 33
5475 23
5476 22
5477 10
5478 7
5479 -7
5480 -10
5481 -22
5482 -23
5483 -33
5484 -35
5485 -42
5486 -43
5487 -45
5488 -45
5489 -43
5490 -42
5491 -35
5492 -33
5493 -23
5494 -22
5495 -10
5496 -7
5497 7
5498 10
5499 22
5500 23
5501 33
5502 35
5503 42
5504 43
5505 45
5506 45
5507 43
5508 42
5509 39
5510 24
5511 21
5512 0
5513 -21
5514 -24
5515 -39
5516 -45
5517 -45
5518 -39
5519 -24
5520 -21
5521 0
5522 21
5523 24
5524 39
5525 45
5526 45
5527 38
5528 2
5529 -2
5530 -38
5531 -40
5532 -40
5533 -38
5534 -2
5535 2
5536 38
5537 40
5538 40
5539 25
5540 20
5541 -20
5542 -25
5543 -45
5544 -45
5545 -25
5546 -20
5547 20
5548 25
5549 45
5550 45
5551 26
5552 19
5553 -19
5554 -26
5555 -45
5556 -45
5557 -26
5558 -19
5559 19
5560 26
5561 45
5562 45
5563 37
5564 31
5565 13
5566 4
5567 -4
5568 -13
5569 -31
5570 -37
5571 -41
5572 -44
5573 -44
5574 -41
5575 -37
5576 -31
5577 -13
5578 -4
5579 4
5580 13
5581 31
5582 37
5583 41
5584 44
5585 44
5586 41
5587 27
5588 18
5589 -18
5590 -27
5591 -45
5592 -45
5593 -27
5594 -18
5595 18
5596 27
5597 45
5598 45
5599 34
5600 9
5601 -9
5602 -34
5603 -43
5604 -43
5605 -34
5606 -9
5607 9
5608 34
5609 43
5610 43
5611 36
5612 6
5613 -6
5614 -36
5615 -42
5616 -42
5617 -36
5618 -6
5619 6
5620 36
5621 42
5622 42
5623 28
5624 17
5625 -17
5626 -28
5627 -45
5628 -45
5629 -28
5630 -17
5631 17
5632 28
5633 45
5634 45
5635 32
5636 12
5637 -12
5638 -32
5639 -44
5640 -44
5641 -32
5642 -12
5643 12
5644 32
5645 44
5646 44
5647 39
5648 29
5649 16
5650 1
5651 -1
5652 -16
5653 -29
5654 -39
5655 -40
5656 -45
5657 -45
5658 -40
5659 -39
5660 -29
5661 -16
5662 -1
5663 1
5664 16
5665 29
5666 39
5667 40
5668 45
5669 45
5670 40
5671 38
5672 3
5673 -3
5674 -38
5675 -41
5676 -41
5677 -38
5678 -3
5679 3
5680 38
5681 41
5682 41
5683 35
5684 8
5685 -8
5686 -35
5687 -43
5688 -43
5689 -35
5690 -8
5691 8
5692 35
5693 43
5694 43
5695 33
5696 11
5697 -11
5698 -33
5699 -44
5700 -44
5701 -33
5702 -11
5703 11
5704 33
5705 44
5706 44
5707 30
5708 15
5709 -15
5710 -30
5711 -45
5712 -45
5713 -30
5714 -15
5715 15
5716 30
5717 45
5718 45
5719 37
5720 5
5721 -5
5722 -37
5723 -42
5724 -42
5725 -37
5726 -5
5727 5
5728 37
5729 42
5730 42
5731 23
5732 -23
5733 -46
5734 -23
5735 23
5736 46
5737 24
5738 22
5739 -22
5740 -24
5741 -46
5742 -46
5743 -24
5744 -22
5745 22
5746 24
5747 46
5748 46
5749 31
5750 25
5751 21
5752 14
5753 -14
5754 -21
5755 -25
5756 -31
5757 -45
5758 -46
5759 -46
5760 -45
5761 -31
5762 -25
5763 -21
5764 -14
5765 14
5766 21
5767 25
5768 31
5769 45
5770 46
5771 46
5772 45
5773 34
5774 26
5775 20
5776 10
5777 -10
5778 -20
5779 -26
5780 -34
5781 -44
5782 -46
5783 -46
5784 -44
5785 -34
5786 -26
5787 -20
5788 -10
5789 10
5790 20
5791 26
5792 34
5793 44
5794 46
5795 46
5796 44
5797 36
5798 7
5799 -7
5800 -36
5801 -43
5802 -43
5803 -36
5804 -7
5805 7
5806 36
5807 43
5808 43
5809 40
5810 0
5811 -40
5812 -40
5813 0
5814 40
5815 39
5816 27
5817 19
5818 2
5819 -2
5820 -19
5821 -27
5822 -39
5823 -41
5824 -46
5825 -46
5826 -41
5827 -39
5828 -27
5829 -19
5830 -2
5831 2
5832 19
5833 27
5834 39
5835 41
5836 46
5837 46
5838 41
5839 32
5840 13
5841 -13
5842 -32
5843 -45
5844 -45
5845 -32
5846 -13
5847 13
5848 32
5849 45
5850 45
5851 38
5852 28
5853 18
5854 4
5855 -4
5856 -18
5857 -28
5858 -38
5859 -42
5860 -46
5861 -46
5862 -42
5863 -38
5864 -28
5865 -18
5866 -4
5867 4
5868 18
5869 28
5870 38
5871 42
5872 46
5873 46
5874 42
5875 35
5876 9
5877 -9
5878 -35
5879 -44
5880 -44
5881 -35
5882 -9
5883 9
5884 35
5885 44
5886 44
5887 29
5888 17
5889 -17
5890 -29
5891 -46
5892 -46
5893 -29
5894 -17
5895 17
5896 29
5897 46
5898 46
5899 37
5900 6
5901 -6
5902 -37
5903 -43
5904 -43
5905 -37
5906 -6
5907 6
5908 37
5909 43
5910 43
5911 33
5912 12
5913 -12
5914 -33
5915 -45
5916 -45
5917 -33
5918 -12
5919 12
5920 33
5921 45
5922 45
5923 30
5924 16
5925 -16
5926 -30
5927 -46
5928 -46
5929 -30
5930 -16
5931 16
5932 30
5933 46
5934 46
5935 40
5936 1
5937 -1
5938 -40
5939 -41
5940 -41
5941 -40
5942 -1
5943 1
5944 40
5945 41
5946 41
5947 39
5948 3
5949 -3
5950 -39
5951 -42
5952 -42
5953 -39
5954 -3
5955 3
5956 39
5957 42
5958 42
5959 36
5960 8
5961 -8
5962 -36
5963 -44
5964 -44
5965 -36
5966 -8
5967 8
5968 36
5969 44
5970 44
5971 34
5972 31
5973 15
5974 11
5975 -11
5976 -15
5977 -31
5978 -34
5979 -45
5980 -46
5981 -46
5982 -45
5983 -34
5984 -31
5985 -15
5986 -11
5987 11
5988 15
5989 31
5990 34
5991 45
5992 46
5993 46
5994 45
5995 24
5996 23
5997 -23
5998 -24
5999 -47
6000 -47
6001 -24
6002 -23
6003 23
6004 24
6005 47
6006 47
6007 38
6008 25
6009 22
6010 5
6011 -5
6012 -22
6013 -25
6014 -38
6015 -43
6016 -47
6017 -47
6018 -43
6019 -38
6020 -25
6021 -22
6022 -5
6023 5
6024 22
6025 25
6026 38
6027 43
6028 47
6029 47
6030 43
6031 26
6032 21
6033 -21
6034 -26
6035 -47
6036 -47
6037 -26
6038 -21
6039 21
6040 26
6041 47
6042 47
6043 32
6044 14
6045 -14
6046 -32
6047 -46
6048 -46
6049 -32
6050 -14
6051 14
6052 32
6053 46
6054 46
6055 27
6056 20
6057 -20
6058 -27
6059 -47
6060 -47
6061 -27
6062 -20
6063 20
6064 27
6065 47
6066 47
6067 35
6068 10
6069 -10
6070 -35
6071 -45
6072 -45
6073 -35
6074 -10
6075 10
6076 35
6077 45
6078 45
6079 37
6080 28
6081 19
6082 7
6083 -7
6084 -19
6085 -28
6086 -37
6087 -44
6088 -47
6089 -47
6090 -44
6091 -37
6092 -28
6093 -19
6094 -7
6095 7
6096 19
6097 28
6098 37
6099 44
6100 47
6101 47
6102 44
6103 41
6104 0
6105 -41
6106 -41
6107 0
6108 41
6109 40
6110 2
6111 -2
6112 -40
6113 -42
6114 -42
6115 -40
6116 -2
6117 2
6118 40
6119 42
6120 42
6121 33
6122 29
6123 18
6124 13
6125 -13
6126 -18
6127 -29
6128 -33
6129 -46
6130 -47
6131 -47
6132 -46
6133 -33
6134 -29
6135 -18
6136 -13
6137 13
6138 18
6139 29
6140 33
6141 46
6142 47
6143 47
6144 46
6145 39
6146 4
6147 -4
6148 -39
6149 -43
6150 -43
6151 -39
6152 -4
6153 4
6154 39
6155 43
6156 43
6157 30
6158 17
6159 -17
6160 -30
6161 -47
6162 -47
6163 -30
6164 -17
6165 17
6166 30
6167 47
6168 47
6169 36
6170 9
6171 -9
6172 -36
6173 -45
6174 -45
6175 -36
6176 -9
6177 9
6178 36
6179 45
6180 45
6181 38
6182 34
6183 12
6184 6
6185 -6
6186 -12
6187 -34
6188 -38
6189 -44
6190 -46
6191 -46
6192 -44
6193 -38
6194 -34
6195 -12
6196 -6
6197 6
6198 12
6199 34
6200 38
6201 44
6202 46
6203 46
6204 44
6205 31
6206 16
6207 -16
6208 -31
6209 -47
6210 -47
6211 -31
6212 -16
6213 16
6214 31
6215 47
6216 47
6217 41
6218 1
6219 -1
6220 -41
6221 -42
6222 -42
6223 -41
6224 -1
6225 1
6226 41
6227 42
6228 42
6229 24
6230 -24
6231 -48
6232 -24
6233 24
6234 48
6235 40
6236 37
6237 32
6238 25
6239 23
6240 15
6241 8
6242 3
6243 -3
6244 -8
6245 -15
6246 -23
6247 -25
6248 -32
6249 -37
6250 -40
6251 -43
6252 -45
6253 -47
6254 -48
6255 -48
6256 -47
6257 -45
6258 -43
6259 -40
6260 -37
6261 -32
6262 -25
6263 -23
6264 -15
6265 -8
6266 -3
6267 3
6268 8
6269 15
6270 23
6271 25
6272 32
6273 37
6274 40
6275 43
6276 45
6277 47
6278 48
6279 48
6280 47
6281 45
6282 43
6283 35
6284 11
6285 -11
6286 -35
6287 -46
6288 -46
6289 -35
6290 -11
6291 11
6292 35
6293 46
6294 46
6295 26
6296 22
6297 -22
6298 -26
6299 -48
6300 -48
6301 -26
6302 -22
6303 22
6304 26
6305 48
6306 48
6307 27
6308 21
6309 -21
6310 -27
6311 -48
6312 -48
6313 -27
6314 -21
6315 21
6316 27
6317 48
6318 48
6319 39
6320 5
6321 -5
6322 -39
6323 -44
6324 -44
6325 -39
6326 -5
6327 5
6328 39
6329 44
6330 44
6331 28
6332 20
6333 -20
6334 -28
6335 -48
6336 -48
6337 -28
6338 -20
6339 20
6340 28
6341 48
6342 48
6343 33
6344 14
6345 -14
6346 -33
6347 -47
6348 -47
6349 -33
6350 -14
6351 14
6352 33
6353 47
6354 47
6355 29
6356 19
6357 -19
6358 -29
6359 -48
6360 -48
6361 -29
6362 -19
6363 19
6364 29
6365 48
6366 48
6367 36
6368 10
6369 -10
6370 -36
6371 -46
6372 -46
6373 -36
6374 -10
6375 10
6376 36
6377 46
6378 46
6379 38
6380 7
6381 -7
6382 -38
6383 -45
6384 -45
6385 -38
6386 -7
6387 7
6388 38
6389 45
6390 45
6391 42
6392 30
6393 18
6394 0
6395 -18
6396 -30
6397 -42
6398 -48
6399 -48
6400 -42
6401 -30
6402 -18
6403 0
6404 18
6405 30
6406 42
6407 48
6408 48
6409 41
6410 34
6411 13
6412 2
6413 -2
6414 -13
6415 -34
6416 -41
6417 -43
6418 -47
6419 -47
6420 -43
6421 -41
6422 -34
6423 -13
6424 -2
6425 2
6426 13
6427 34
6428 41
6429 43
6430 47
6431 47
6432 43
6433 40
6434 4
6435 -4
6436 -40
6437 -44
6438 -44
6439 -40
6440 -4
6441 4
6442 40
6443 44
6444 44
6445 31
6446 17
6447 -17
6448 -31
6449 -48
6450 -48
6451 -31
6452 -17
6453 17
6454 31
6455 48
6456 48
6457 37
6458 9
6459 -9
6460 -37
6461 -46
6462 -46
6463 -37
6464 -9
6465 9
6466 37
6467 46
6468 46
6469 35
6470 12
6471 -12
6472 -35
6473 -47
6474 -47
6475 -35
6476 -12
6477 12
6478 35
6479 47
6480 47
6481 39
6482 6
6483 -6
6484 -39
6485 -45
6486 -45
6487 -39
6488 -6
6489 6
6490 39
6491 45
6492 45
6493 32
6494 16
6495 -16
6496 -32
6497 -48
6498 -48
6499 -32
6500 -16
6501 16
6502 32
6503 48
6504 48
6505 25
6506 24
6507 -24
6508 -25
6509 -49
6510 -49
6511 -25
6512 -24
6513 24
6514 25
6515 49
6516 49
6517 26
6518 23
6519 -23
6520 -26
6521 -49
6522 -49
6523 -26
6524 -23
6525 23
6526 26
6527 49
6528 49
6529 42
6530 27
6531 22
6532 1
6533 -1
6534 -22
6535 -27
6536 -42
6537 -43
6538 -49
6539 -49
6540 -43
6541 -42
6542 -27
6543 -22
6544 -1
6545 1
6546 22
6547 27
6548 42
6549 43
6550 49
6551 49
6552 43
6553 33
6554 15
6555 -15
6556 -33
6557 -48
6558 -48
6559 -33
6560 -15
6561 15
6562 33
6563 48
6564 48
6565 38
6566 8
6567 -8
6568 -38
6569 -46
6570 -46
6571 -38
6572 -8
6573 8
6574 38
6575 46
6576 46
6577 41
6578 36
6579 28
6580 21
6581 11
6582 3
6583 -3
6584 -11
6585 -21
6586 -28
6587 -36
6588 -41
6589 -44
6590 -47
6591 -49
6592 -49
6593 -47
6594 -44
6595 -41
6596 -36
6597 -28
6598 -21
6599 -11
6600 -3
6601 3
6602 11
6603 21
6604 28
6605 36
6606 41
6607 44
6608 47
6609 49
6610 49
6611 47
6612 44
6613 29
6614 20
6615 -20
6616 -29
6617 -49
6618 -49
6619 -29
6620 -20
6621 20
6622 29
6623 49
6624 49
6625 40
6626 5
6627 -5
6628 -40
6629 -45
6630 -45
6631 -40
6632 -5
6633 5
6634 40
6635 45
6636 45
6637 34
6638 14
6639 -14
6640 -34
6641 -48
6642 -48
6643 -34
6644 -14
6645 14
6646 34
6647 48
6648 48
6649 30
6650 19
6651 -19
6652 -30
6653 -49
6654 -49
6655 -30
6656 -19
6657 19
6658 30
6659 49
6660 49
6661 37
6662 10
6663 -10
6664 -37
6665 -47
6666 -47
6667 -37
6668 -10
6669 10
6670 37
6671 47
6672 47
6673 39
6674 31
6675 18
6676 7
6677 -7
6678 -18
6679 -31
6680 -39
6681 -46
6682 -49
6683 -49
6684 -46
6685 -39
6686 -31
6687 -18
6688 -7
6689 7
6690 18
6691 31
6692 39
6693 46
6694 49
6695 49
6696 46
6697 43
6698 35
6699 13
6700 0
6701 -13
6702 -35
6703 -43
6704 -48
6705 -48
6706 -43
6707 -35
6708 -13
6709 0
6710 13
6711 35
6712 43
6713 48
6714 48
6715 42
6716 2
6717 -2
6718 -42
6719 -44
6720 -44
6721 -42
6722 -2
6723 2
6724 42
6725 44
6726 44
6727 32
6728 17
6729 -17
6730 -32
6731 -49
6732 -49
6733 -32
6734 -17
6735 17
6736 32
6737 49
6738 49
6739 41
6740 4
6741 -4
6742 -41
6743 -45
6744 -45
6745 -41
6746 -4
6747 4
6748 41
6749 45
6750 45
6751 38
6752 9
6753 -9
6754 -38
6755 -47
6756 -47
6757 -38
6758 -9
6759 9
6760 38
6761 47
6762 47
6763 36
6764 12
6765 -12
6766 -36
6767 -48
6768 -48
6769 -36
6770 -12
6771 12
6772 36
6773 48
6774 48
6775 33
6776 16
6777 -16
6778 -33
6779 -49
6780 -49
6781 -33
6782 -16
6783 16
6784 33
6785 49
6786 49
6787 25
6788 -25
6789 -50
6790 -25
6791 25
6792 50
6793 40
6794 26
6795 24
6796 6
6797 -6
6798 -24
6799 -26
6800 -40
6801 -46
6802 -50
6803 -50
6804 -46
6805 -40
6806 -26
6807 -24
6808 -6
6809 6
6810 24
6811 26
6812 40
6813 46
6814 50
6815 50
6816 46
6817 27
6818 23
6819 -23
6820 -27
6821 -50
6822 -50
6823 -27
6824 -23
6825 23
6826 27
6827 50
6828 50
6829 28
6830 22
6831 -22
6832 -28
6833 -50
6834 -50
6835 -28
6836 -22
6837 22
6838 28
6839 50
6840 50
6841 34
6842 29
6843 21
6844 15
6845 -15
6846 -21
6847 -29
6848 -34
6849 -49
6850 -50
6851 -50
6852 -49
6853 -34
6854 -29
6855 -21
6856 -15
6857 15
6858 21
6859 29
6860 34
6861 49
6862 50
6863 50
6864 49
6865 43
6866 1
6867 -1
6868 -43
6869 -44
6870 -44
6871 -43
6872 -1
6873 1
6874 43
6875 44
6876 44
6877 39
6878 37
6879 11
6880 8
6881 -8
6882 -11
6883 -37
6884 -39
6885 -47
6886 -48
6887 -48
6888 -47
6889 -39
6890 -37
6891 -11
6892 -8
6893 8
6894 11
6895 37
6896 39
6897 47
6898 48
6899 48
6900 47
6901 42
6902 3
6903 -3
6904 -42
6905 -45
6906 -45
6907 -42
6908 -3
6909 3
6910 42
6911 45
6912 45
6913 30
6914 20
6915 -20
6916 -30
6917 -50
6918 -50
6919 -30
6920 -20
6921 20
6922 30
6923 50
6924 50
6925 41
6926 35
6927 31
6928 19
6929 14
6930 5
6931 -5
6932 -14
6933 -19
6934 -31
6935 -35
6936 -41
6937 -46
6938 -49
6939 -50
6940 -50
6941 -49
6942 -46
6943 -41
6944 -35
6945 -31
6946 -19
6947 -14
6948 -5
6949 5
6950 14
6951 19
6952 31
6953 35
6954 41
6955 46
6956 49
6957 50
6958 50
6959 49
6960 46
6961 38
6962 32
6963 18
6964 10
6965 -10
6966 -18
6967 -32
6968 -38
6969 -48
6970 -50
6971 -50
6972 -48
6973 -38
6974 -32
6975 -18
6976 -10
6977 10
6978 18
6979 32
6980 38
6981 48
6982 50
6983 50
6984 48
6985 40
6986 7
6987 -7
6988 -40
6989 -47
6990 -47
6991 -40
6992 -7
6993 7
6994 40
6995 47
6996 47
6997 36
6998 13
6999 -13
7000 -36
7001 -49
7002 -49
7003 -36
7004 -13
7005 13
7006 36
7007 49
7008 49
7009 44
7010 0
7011 -44
7012 -44
7013 0
7014 44
7015 43
7016 33
7017 17
7018 2
7019 -2
7020 -17
7021 -33
7022 -43
7023 -45
7024 -50
7025 -50
7026 -45
7027 -43
7028 -33
7029 -17
7030 -2
7031 2
7032 17
7033 33
7034 43
7035 45
7036 50
7037 50
7038 45
7039 42
7040 4
7041 -4
7042 -42
7043 -46
7044 -46
7045 -42
7046 -4
7047 4
7048 42
7049 46
7050 46
7051 26
7052 25
7053 -25
7054 -26
7055 -51
7056 -51
7057 -26
7058 -25
7059 25
7060 26
7061 51
7062 51
7063 39
7064 27
7065 24
7066 9
7067 -9
7068 -24
7069 -27
7070 -39
7071 -48
7072 -51
7073 -51
7074 -48
7075 -39
7076 -27
7077 -24
7078 -9
7079 9
7080 24
7081 27
7082 39
7083 48
7084 51
7085 51
7086 48
7087 34
7088 16
7089 -16
7090 -34
7091 -50
7092 -50
7093 -34
7094 -16
7095 16
7096 34
7097 50
7098 50
7099 37
7100 28
7101 23
7102 12
7103 -12
7104 -23
7105 -28
7106 -37
7107 -49
7108 -51
7109 -51
7110 -49
7111 -37
7112 -28
7113 -23
7114 -12
7115 12
7116 23
7117 28
7118 37
7119 49
7120 51
7121 51
7122 49
7123 41
7124 29
7125 22
7126 6
7127 -6
7128 -22
7129 -29
7130 -41
7131 -47
7132 -51
7133 -51
7134 -47
7135 -41
7136 -29
7137 -22
7138 -6
7139 6
7140 22
7141 29
7142 41
7143 47
7144 51
7145 51
7146 47
7147 30
7148 21
7149 -21
7150 -30
7151 -51
7152 -51
7153 -30
7154 -21
7155 21
7156 30
7157 51
7158 51
7159 35
7160 15
7161 -15
7162 -35
7163 -50
7164 -50
7165 -35
7166 -15
7167 15
7168 35
7169 50
7170 50
7171 44
7172 31
7173 20
7174 1
7175 -1
7176 -20
7177 -31
7178 -44
7179 -45
7180 -51
7181 -51
7182 -45
7183 -44
7184 -31
7185 -20
7186 -1
7187 1
7188 20
7189 31
7190 44
7191 45
7192 51
7193 51
7194 45
7195 38
7196 11
7197 -11
7198 -38
7199 -49
7200 -49
7201 -38
7202 -11
7203 11
7204 38
7205 49
7206 49
7207 40
7208 8
7209 -8
7210 -40
7211 -48
7212 -48
7213 -40
7214 -8
7215 8
7216 40
7217 48
7218 48
7219 43
7220 3
7221 -3
7222 -43
7223 -46
7224 -46
7225 -43
7226 -3
7227 3
7228 43
7229 46
7230 46
7231 32
7232 19
7233 -19
7234 -32
7235 -51
7236 -51
7237 -32
7238 -19
7239 19
7240 32
7241 51
7242 51
7243 36
7244 14
7245 -14
7246 -36
7247 -50
7248 -50
7249 -36
7250 -14
7251 14
7252 36
7253 50
7254 50
7255 42
7256 5
7257 -5
7258 -42
7259 -47
7260 -47
7261 -42
7262 -5
7263 5
7264 42
7265 47
7266 47
7267 33
7268 18
7269 -18
7270 -33
7271 -51
7272 -51
7273 -33
7274 -18
7275 18
7276 33
7277 51
7278 51
7279 39
7280 10
7281 -10
7282 -39
7283 -49
7284 -49
7285 -39
7286 -10
7287 10
7288 39
7289 49
7290 49
7291 41
7292 7
7293 -7
7294 -41
7295 -48
7296 -48
7297 -41
7298 -7
7299 7
7300 41
7301 48
7302 48
7303 37
7304 13
7305 -13
7306 -37
7307 -50
7308 -50
7309 -37
7310 -13
7311 13
7312 37
7313 50
7314 50
7315 34
7316 17
7317 -17
7318 -34
7319 -51
7320 -51
7321 -34
7322 -17
7323 17
7324 34
7325 51
7326 51
7327 45
7328 0
7329 -45
7330 -45
7331 0
7332 45
7333 44
7334 26
7335 2
7336 -2
7337 -26
7338 -44
7339 -46
7340 -52
7341 -46
7342 -44
7343 -26
7344 -2
7345 2
7346 26
7347 44
7348 46
7349 52
7350 46
7351 27
7352 25
7353 -25
7354 -27
7355 -52
7356 -52
7357 -27
7358 -25
7359 25
7360 27
7361 52
7362 52
7363 28
7364 24
7365 -24
7366 -28
7367 -52
7368 -52
7369 -28
7370 -24
7371 24
7372 28
7373 52
7374 52
7375 43
7376 29
7377 23
7378 4
7379 -4
7380 -23
7381 -29
7382 -43
7383 -47
7384 -52
7385 -52
7386 -47
7387 -43
7388 -29
7389 -23
7390 -4
7391 4
7392 23
7393 29
7394 43
7395 47
7396 52
7397 52
7398 47
7399 40
7400 35
7401 16
7402 9
7403 -9
7404 -16
7405 -35
7406 -40
7407 -49
7408 -51
7409 -51
7410 -49
7411 -40
7412 -35
7413 -16
7414 -9
7415 9
7416 16
7417 35
7418 40
7419 49
7420 51
7421 51
7422 49
7423 38
7424 30
7425 22
7426 12
7427 -12
7428 -22
7429 -30
7430 -38
7431 -50
7432 -52
7433 -52
7434 -50
7435 -38
7436 -30
7437 -22
7438 -12
7439 12
7440 22
7441 30
7442 38
7443 50
7444 52
7445 52
7446 50
7447 42
7448 6
7449 -6
7450 -42
7451 -48
7452 -48
7453 -42
7454 -6
7455 6
7456 42
7457 48
7458 48
7459 31
7460 21
7461 -21
7462 -31
7463 -52
7464 -52
7465 -31
7466 -21
7467 21
7468 31
7469 52
7470 52
7471 36
7472 15
7473 -15
7474 -36
7475 -51
7476 -51
7477 -36
7478 -15
7479 15
7480 36
7481 51
7482 51
7483 32
7484 20
7485 -20
7486 -32
7487 -52
7488 -52
7489 -32
7490 -20
7491 20
7492 32
7493 52
7494 52
7495 45
7496 39
7497 11
7498 1
7499 -1
7500 -11
7501 -39
7502 -45
7503 -46
7504 -50
7505 -50
7506 -46
7507 -45
7508 -39
7509 -11
7510 -1
7511 1
7512 11
7513 39
7514 45
7515 46
7516 50
7517 50
7518 46
7519 41
7520 8
7521 -8
7522 -41
7523 -49
7524 -49
7525 -41
7526 -8
7527 8
7528 41
7529 49
7530 49
7531 44
7532 33
7533 19
7534 3
7535 -3
7536 -19
7537 -33
7538 -44
7539 -47
7540 -52
7541 -52
7542 -47
7543 -44
7544 -33
7545 -19
7546 -3
7547 3
7548 19
7549 33
7550 44
7551 47
7552 52
7553 52
7554 47
7555 37
7556 14
7557 -14
7558 -37
7559 -51
7560 -51
7561 -37
7562 -14
7563 14
7564 37
7565 51
7566 51
7567 43
7568 5
7569 -5
7570 -43
7571 -48
7572 -48
7573 -43
7574 -5
7575 5
7576 43
7577 48
7578 48
7579 34
7580 18
7581 -18
7582 -34
7583 -52
7584 -52
7585 -34
7586 -18
7587 18
7588 34
7589 52
7590 52
7591 40
7592 10
7593 -10
7594 -40
7595 -50
7596 -50
7597 -40
7598 -10
7599 10
7600 40
7601 50
7602 50
7603 42
7604 38
7605 27
7606 26
7607 13
7608 7
7609 -7
7610 -13
7611 -26
7612 -27
7613 -38
7614 -42
7615 -49
7616 -51
7617 -53
7618 -53
7619 -51
7620 -49
7621 -42
7622 -38
7623 -27
7624 -26
7625 -13
7626 -7
7627 7
7628 13
7629 26
7630 27
7631 38
7632 42
7633 49
7634 51
7635 53
7636 53
7637 51
7638 49
7639 35
7640 28
7641 25
7642 17
7643 -17
7644 -25
7645 -28
7646 -35
7647 -52
7648 -53
7649 -53
7650 -52
7651 -35
7652 -28
7653 -25
7654 -17
7655 17
7656 25
7657 28
7658 35
7659 52
7660 53
7661 53
7662 52
7663 29
7664 24
7665 -24
7666 -29
7667 -53
7668 -53
7669 -29
7670 -24
7671 24
7672 29
7673 53
7674 53
7675 46
7676 0
7677 -46
7678 -46
7679 0
7680 46
7681 45
7682 30
7683 23
7684 2
7685 -2
7686 -23
7687 -30
7688 -45
7689 -47
7690 -53
7691 -53
7692 -47
7693 -45
7694 -30
7695 -23
7696 -2
7697 2
7698 23
7699 30
7700 45
7701 47
7702 53
7703 53
7704 47
7705 31
7706 22
7707 -22
7708 -31
7709 -53
7710 -53
7711 -31
7712 -22
7713 22
7714 31
7715 53
7716 53
7717 44
7718 36
7719 16
7720 4
7721 -4
7722 -16
7723 -36
7724 -44
7725 -48
7726 -52
7727 -52
7728 -48
7729 -44
7730 -36
7731 -16
7732 -4
7733 4
7734 16
7735 36
7736 44
7737 48
7738 52
7739 52
7740 48
7741 41
7742 9
7743 -9
7744 -41
7745 -50
7746 -50
7747 -41
7748 -9
7749 9
7750 41
7751 50
7752 50
7753 39
7754 12
7755 -12
7756 -39
7757 -51
7758 -51
7759 -39
7760 -12
7761 12
7762 39
7763 51
7764 51
7765 32
7766 21
7767 -21
7768 -32
7769 -53
7770 -53
7771 -32
7772 -21
7773 21
7774 32
7775 53
7776 53
7777 43
7778 6
7779 -6
7780 -43
7781 -49
7782 -49
7783 -43
7784 -6
7785 6
7786 43
7787 49
7788 49
7789 37
7790 33
7791 20
7792 15
7793 -15
7794 -20
7795 -33
7796 -37
7797 -52
7798 -53
7799 -53
7800 -52
7801 -37
7802 -33
7803 -20
7804 -15
7805 15
7806 20
7807 33
7808 37
7809 52
7810 53
7811 53
7812 52
7813 40
7814 11
7815 -11
7816 -40
7817 -51
7818 -51
7819 -40
7820 -11
7821 11
7822 40
7823 51
7824 51
7825 46
7826 34
7827 19
7828 1
7829 -1
7830 -19
7831 -34
7832 -46
7833 -47
7834 -53
7835 -53
7836 -47
7837 -46
7838 -34
7839 -19
7840 -1
7841 1
7842 19
7843 34
7844 46
7845 47
7846 53
7847 53
7848 47
7849 42
7850 8
7851 -8
7852 -42
7853 -50
7854 -50
7855 -42
7856 -8
7857 8
7858 42
7859 50
7860 50
7861 45
7862 3
7863 -3
7864 -45
7865 -48
7866 -48
7867 -45
7868 -3
7869 3
7870 45
7871 48
7872 48
7873 38
7874 14
7875 -14
7876 -38
7877 -52
7878 -52
7879 -38
7880 -14
7881 14
7882 38
7883 52
7884 52
7885 35
7886 18
7887 -18
7888 -35
7889 -53
7890 -53
7891 -35
7892 -18
7893 18
7894 35
7895 53
7896 53
7897 44
7898 5
7899 -5
7900 -44
7901 -49
7902 -49
7903 -44
7904 -5
7905 5
7906 44
7907 49
7908 49
7909 27
7910 -27
7911 -54
7912 -27
7913 27
7914 54
7915 28
7916 26
7917 -26
7918 -28
7919 -54
7920 -54
7921 -28
7922 -26
7923 26
7924 28
7925 54
7926 54
7927 41
7928 29
7929 25
7930 10
7931 -10
7932 -25
7933 -29
7934 -41
7935 -51
7936 -54
7937 -54
7938 -51
7939 -41
7940 -29
7941 -25
7942 -10
7943 10
7944 25
7945 29
7946 41
7947 51
7948 54
7949 54
7950 51
7951 30
7952 24
7953 -24
7954 -30
7955 -54
7956 -54
7957 -30
7958 -24
7959 24
7960 30
7961 54
7962 54
7963 39
7964 36
7965 17
7966 13
7967 -13
7968 -17
7969 -36
7970 -39
7971 -52
7972 -53
7973 -53
7974 -52
7975 -39
7976 -36
7977 -17
7978 -13
7979 13
7980 17
7981 36
7982 39
7983 52
7984 53
7985 53
7986 52
7987 43
7988 7
7989 -7
7990 -43
7991 -50
7992 -50
7993 -43
7994 -7
7995 7
7996 43
7997 50
7998 50
7999 31
8000 23
8001 -23
8002 -31
8003 -54
8004 -54
8005 -31
8006 -23
8007 23
8008 31
8009 54
8010 54
8011 47
8012 0
8013 -47
8014 -47
8015 0
8016 47
8017 46
8018 32
8019 22
8020 2
8021 -2
8022 -22
8023 -32
8024 -46
8025 -48
8026 -54
8027 -54
8028 -48
8029 -46
8030 -32
8031 -22
8032 -2
8033 2
8034 22
8035 32
8036 46
8037 48
8038 54
8039 54
8040 48
8041 37
8042 16
8043 -16
8044 -37
8045 -53
8046 -53
8047 -37
8048 -16
8049 16
8050 37
8051 53
8052 53
8053 45
8054 4
8055 -4
8056 -45
8057 -49
8058 -49
8059 -45
8060 -4
8061 4
8062 45
8063 49
8064 49
8065 42
8066 33
8067 21
8068 9
8069 -9
8070 -21
8071 -33
8072 -42
8073 -51
8074 -54
8075 -54
8076 -51
8077 -42
8078 -33
8079 -21
8080 -9
8081 9
8082 21
8083 33
8084 42
8085 51
8086 54
8087 54
8088 51
8089 40
8090 12
8091 -12
8092 -40
8093 -52
8094 -52
8095 -40
8096 -12
8097 12
8098 40
8099 52
8100 52
8101 44
8102 34
8103 20
8104 6
8105 -6
8106 -20
8107 -34
8108 -44
8109 -50
8110 -54
8111 -54
8112 -50
8113 -44
8114 -34
8115 -20
8116 -6
8117 6
8118 20
8119 34
8120 44
8121 50
8122 54
8123 54
8124 50
8125 38
8126 15
8127 -15
8128 -38
8129 -53
8130 -53
8131 -38
8132 -15
8133 15
8134 38
8135 53
8136 53
8137 35
8138 19
8139 -19
8140 -35
8141 -54
8142 -54
8143 -35
8144 -19
8145 19
8146 35
8147 54
8148 54
8149 41
8150 11
8151 -11
8152 -41
8153 -52
8154 -52
8155 -41
8156 -11
8157 11
8158 41
8159 52
8160 52
8161 47
8162 43
8163 8
8164 1
8165 -1
8166 -8
8167 -43
8168 -47
8169 -48
8170 -51
8171 -51
8172 -48
8173 -47
8174 -43
8175 -8
8176 -1
8177 1
8178 8
8179 43
8180 47
8181 48
8182 51
8183 51
8184 48
8185 46
8186 39
8187 14
8188 3
8189 -3
8190 -14
8191 -39
8192 -46
8193 -49
8194 -53
8195 -53
8196 -49
8197 -46
8198 -39
8199 -14
8200 -3
8201 3
8202 14
8203 39
8204 46
8205 49
8206 53
8207 53
8208 49
8209 36
8210 18
8211 -18
8212 -36
8213 -54
8214 -54
8215 -36
8216 -18
8217 18
8218 36
8219 54
8220 54
8221 28
8222 27
8223 -27
8224 -28
8225 -55
8226 -55
8227 -28
8228 -27
8229 27
8230 28
8231 55
8232 55
8233 29
8234 26
8235 -26
8236 -29
8237 -55
8238 -55
8239 -29
8240 -26
8241 26
8242 29
8243 55
8244 55
8245 45
8246 30
8247 25
8248 5
8249 -5
8250 -25
8251 -30
8252 -45
8253 -50
8254 -55
8255 -55
8256 -50
8257 -45
8258 -30
8259 -25
8260 -5
8261 5
8262 25
8263 30
8264 45
8265 50
8266 55
8267 55
8268 50
8269 31
8270 24
8271 -24
8272 -31
8273 -55
8274 -55
8275 -31
8276 -24
8277 24
8278 31
8279 55
8280 55
8281 42
8282 10
8283 -10
8284 -42
8285 -52
8286 -52
8287 -42
8288 -10
8289 10
8290 42
8291 52
8292 52
8293 37
8294 17
8295 -17
8296 -37
8297 -54
8298 -54
8299 -37
8300 -17
8301 17
8302 37
8303 54
8304 54
8305 40
8306 32
8307 23
8308 13
8309 -13
8310 -23
8311 -32
8312 -40
8313 -53
8314 -55
8315 -55
8316 -53
8317 -40
8318 -32
8319 -23
8320 -13
8321 13
8322 23
8323 32
8324 40
8325 53
8326 55
8327 55
8328 53
8329 44
8330 7
8331 -7
8332 -44
8333 -51
8334 -51
8335 -44
8336 -7
8337 7
8338 44
8339 51
8340 51
8341 33
8342 22
8343 -22
8344 -33
8345 -55
8346 -55
8347 -33
8348 -22
8349 22
8350 33
8351 55
8352 55
8353 48
8354 0
8355 -48
8356 -48
8357 0
8358 48
8359 47
8360 2
8361 -2
8362 -47
8363 -49
8364 -49
8365 -47
8366 -2
8367 2
8368 47
8369 49
8370 49
8371 38
8372 16
8373 -16
8374 -38
8375 -54
8376 -54
8377 -38
8378 -16
8379 16
8380 38
8381 54
8382 54
8383 34
8384 21
8385 -21
8386 -34
8387 -55
8388 -55
8389 -34
8390 -21
8391 21
8392 34
8393 55
8394 55
8395 46
8396 4
8397 -4
8398 -46
8399 -50
8400 -50
8401 -46
8402 -4
8403 4
8404 46
8405 50
8406 50
8407 43
8408 41
8409 12
8410 9
8411 -9
8412 -12
8413 -41
8414 -43
8415 -52
8416 -53
8417 -53
8418 -52
8419 -43
8420 -41
8421 -12
8422 -9
8423 9
8424 12
8425 41
8426 43
8427 52
8428 53
8429 53
8430 52
8431 35
8432 20
8433 -20
8434 -35
8435 -55
8436 -55
8437 -35
8438 -20
8439 20
8440 35
8441 55
8442 55
8443 45
8444 39
8445 15
8446 6
8447 -6
8448 -15
8449 -39
8450 -45
8451 -51
8452 -54
8453 -54
8454 -51
8455 -45
8456 -39
8457 -15
8458 -6
8459 6
8460 15
8461 39
8462 45
8463 51
8464 54
8465 54
8466 51
8467 36
8468 19
8469 -19
8470 -36
8471 -55
8472 -55
8473 -36
8474 -19
8475 19
8476 36
8477 55
8478 55
8479 42
8480 11
8481 -11
8482 -42
8483 -53
8484 -53
8485 -42
8486 -11
8487 11
8488 42
8489 53
8490 53
8491 44
8492 28
8493 8
8494 -8
8495 -28
8496 -44
8497 -52
8498 -56
8499 -52
8500 -44
8501 -28
8502 -8
8503 8
8504 28
8505 44
8506 52
8507 56
8508 52
8509 48
8510 29
8511 27
8512 1
8513 -1
8514 -27
8515 -29
8516 -48
8517 -49
8518 -56
8519 -56
8520 -49
8521 -48
8522 -29
8523 -27
8524 -1
8525 1
8526 27
8527 29
8528 48
8529 49
8530 56
8531 56
8532 49
8533 40
8534 30
8535 26
8536 14
8537 -14
8538 -26
8539 -30
8540 -40
8541 -54
8542 -56
8543 -56
8544 -54
8545 -40
8546 -30
8547 -26
8548 -14
8549 14
8550 26
8551 30
8552 40
8553 54
8554 56
8555 56
8556 54
8557 47
8558 37
8559 18
8560 3
8561 -3
8562 -18
8563 -37
8564 -47
8565 -50
8566 -55
8567 -55
8568 -50
8569 -47
8570 -37
8571 -18
8572 -3
8573 3
8574 18
8575 37
8576 47
8577 50
8578 55
8579 55
8580 50
8581 31
8582 25
8583 -25
8584 -31
8585 -56
8586 -56
8587 -31
8588 -25
8589 25
8590 31
8591 56
8592 56
8593 32
8594 24
8595 -24
8596 -32
8597 -56
8598 -56
8599 -32
8600 -24
8601 24
8602 32
8603 56
8604 56
8605 46
8606 5
8607 -5
8608 -46
8609 -51
8610 -51
8611 -46
8612 -5
8613 5
8614 46
8615 51
8616 51
8617 33
8618 23
8619 -23
8620 -33
8621 -56
8622 -56
8623 -33
8624 -23
8625 23
8626 33
8627 56
8628 56
8629 43
8630 38
8631 17
8632 10
8633 -10
8634 -17
8635 -38
8636 -43
8637 -53
8638 -55
8639 -55
8640 -53
8641 -43
8642 -38
8643 -17
8644 -10
8645 10
8646 17
8647 38
8648 43
8649 53
8650 55
8651 55
8652 53
8653 41
8654 13
8655 -13
8656 -41
8657 -54
8658 -54
8659 -41
8660 -13
8661 13
8662 41
8663 54
8664 54
8665 34
8666 22
8667 -22
8668 -34
8669 -56
8670 -56
8671 -34
8672 -22
8673 22
8674 34
8675 56
8676 56
8677 45
8678 7
8679 -7
8680 -45
8681 -52
8682 -52
8683 -45
8684 -7
8685 7
8686 45
8687 52
8688 52
8689 49
8690 39
8691 35
8692 21
8693 16
8694 0
8695 -16
8696 -21
8697 -35
8698 -39
8699 -49
8700 -55
8701 -56
8702 -56
8703 -55
8704 -49
8705 -39
8706 -35
8707 -21
8708 -16
8709 0
8710 16
8711 21
8712 35
8713 39
8714 49
8715 55
8716 56
8717 56
8718 55
8719 48
8720 2
8721 -2
8722 -48
8723 -50
8724 -50
8725 -48
8726 -2
8727 2
8728 48
8729 50
8730 50
8731 42
8732 12
8733 -12
8734 -42
8735 -54
8736 -54
8737 -42
8738 -12
8739 12
8740 42
8741 54
8742 54
8743 47
8744 44
8745 9
8746 4
8747 -4
8748 -9
8749 -44
8750 -47
8751 -51
8752 -53
8753 -53
8754 -51
8755 -47
8756 -44
8757 -9
8758 -4
8759 4
8760 9
8761 44
8762 47
8763 51
8764 53
8765 53
8766 51
8767 36
8768 20
8769 -20
8770 -36
8771 -56
8772 -56
8773 -36
8774 -20
8775 20
8776 36
8777 56
8778 56
8779 40
8780 15
8781 -15
8782 -40
8783 -55
8784 -55
8785 -40
8786 -15
8787 15
8788 40
8789 55
8790 55
8791 46
8792 6
8793 -6
8794 -46
8795 -52
8796 -52
8797 -46
8798 -6
8799 6
8800 46
8801 52
8802 52
8803 37
8804 19
8805 -19
8806 -37
8807 -56
8808 -56
8809 -37
8810 -19
8811 19
8812 37
8813 56
8814 56
8815 29
8816 28
8817 -28
8818 -29
8819 -57
8820 -57
8821 -29
8822 -28
8823 28
8824 29
8825 57
8826 57
8827 30
8828 27
8829 -27
8830 -30
8831 -57
8832 -57
8833 -30
8834 -27
8835 27
8836 30
8837 57
8838 57
8839 43
8840 31
8841 26
8842 11
8843 -11
8844 -26
8845 -31
8846 -43
8847 -54
8848 -57
8849 -57
8850 -54
8851 -43
8852 -31
8853 -26
8854 -11
8855 11
8856 26
8857 31
8858 43
8859 54
8860 57
8861 57
8862 54
8863 45
8864 32
8865 25
8866 8
8867 -8
8868 -25
8869 -32
8870 -45
8871 -53
8872 -57
8873 -57
8874 -53
8875 -45
8876 -32
8877 -25
8878 -8
8879 8
8880 25
8881 32
8882 45
8883 53
8884 57
8885 57
8886 53
8887 49
8888 41
8889 14
8890 1
8891 -1
8892 -14
8893 -41
8894 -49
8895 -50
8896 -55
8897 -55
8898 -50
8899 -49
8900 -41
8901 -14
8902 -1
8903 1
8904 14
8905 41
8906 49
8907 50
8908 55
8909 55
8910 50
8911 38
8912 18
8913 -18
8914 -38
8915 -56
8916 -56
8917 -38
8918 -18
8919 18
8920 38
8921 56
8922 56
8923 48
8924 33
8925 24
8926 3
8927 -3
8928 -24
8929 -33
8930 -48
8931 -51
8932 -57
8933 -57
8934 -51
8935 -48
8936 -33
8937 -24
8938 -3
8939 3
8940 24
8941 33
8942 48
8943 51
8944 57
8945 57
8946 51
8947 34
8948 23
8949 -23
8950 -34
8951 -57
8952 -57
8953 -34
8954 -23
8955 23
8956 34
8957 57
8958 57
8959 47
8960 5
8961 -5
8962 -47
8963 -52
8964 -52
8965 -47
8966 -5
8967 5
8968 47
8969 52
8970 52
8971 39
8972 17
8973 -17
8974 -39
8975 -56
8976 -56
8977 -39
8978 -17
8979 17
8980 39
8981 56
8982 56
8983 44
8984 10
8985 -10
8986 -44
8987 -54
8988 -54
8989 -44
8990 -10
8991 10
8992 44
8993 54
8994 54
8995 42
8996 35
8997 22
8998 13
8999 -13
9000 -22
9001 -35
9002 -42
9003 -55
9004 -57
9005 -57
9006 -55
9007 -42
9008 -35
9009 -22
9010 -13
9011 13
9012 22
9013 35
9014 42
9015 55
9016 57
9017 57
9018 55
9019 46
9020 7
9021 -7
9022 -46
9023 -53
9024 -53
9025 -46
9026 -7
9027 7
9028 46
9029 53
9030 53
9031 36
9032 21
9033 -21
9034 -36
9035 -57
9036 -57
9037 -36
9038 -21
9039 21
9040 36
9041 57
9042 57
9043 40
9044 16
9045 -16
9046 -40
9047 -56
9048 -56
9049 -40
9050 -16
9051 16
9052 40
9053 56
9054 56
9055 50
9056 0
9057 -50
9058 -50
9059 0
9060 50
