# A307011 b-file computed by Hugo Pfoertner 2019-03-26
0 0
1 1
2 0
3 -1
4 -1
5 0
6 1
7 2
8 2
9 1
10 0
11 -1
12 -2
13 -2
14 -2
15 -1
16 0
17 1
18 2
19 3
20 3
21 3
22 2
23 1
24 0
25 -1
26 -2
27 -3
28 -3
29 -3
30 -3
31 -2
32 -1
33 0
34 1
35 2
36 3
37 4
38 4
39 4
40 4
41 3
42 2
43 1
44 0
45 -1
46 -2
47 -3
48 -4
49 -4
50 -4
51 -4
52 -4
53 -3
54 -2
55 -1
56 0
57 1
58 2
59 3
60 4
61 5
62 5
63 5
64 5
65 5
66 4
67 3
68 2
69 1
70 0
71 -1
72 -2
73 -3
74 -4
75 -5
76 -5
77 -5
78 -5
79 -5
80 -5
81 -4
82 -3
83 -2
84 -1
85 0
86 1
87 2
88 3
89 4
90 5
91 6
92 6
93 6
94 6
95 6
96 6
97 5
98 4
99 3
100 2
101 1
102 0
103 -1
104 -2
105 -3
106 -4
107 -5
108 -6
109 -6
110 -6
111 -6
112 -6
113 -6
114 -6
115 -5
116 -4
117 -3
118 -2
119 -1
120 0
121 1
122 2
123 3
124 4
125 5
126 6
127 7
128 7
129 7
130 7
131 7
132 7
133 7
134 6
135 5
136 4
137 3
138 2
139 1
140 0
141 -1
142 -2
143 -3
144 -4
145 -5
146 -6
147 -7
148 -7
149 -7
150 -7
151 -7
152 -7
153 -7
154 -7
155 -6
156 -5
157 -4
158 -3
159 -2
160 -1
161 0
162 1
163 2
164 3
165 4
166 5
167 6
168 7
169 8
170 8
171 8
172 8
173 8
174 8
175 8
176 8
177 7
178 6
179 5
180 4
181 3
182 2
183 1
184 0
185 -1
186 -2
187 -3
188 -4
189 -5
190 -6
191 -7
192 -8
193 -8
194 -8
195 -8
196 -8
197 -8
198 -8
199 -8
200 -8
201 -7
202 -6
203 -5
204 -4
205 -3
206 -2
207 -1
208 0
209 1
210 2
211 3
212 4
213 5
214 6
215 7
216 8
217 9
218 9
219 9
220 9
221 9
222 9
223 9
224 9
225 9
226 8
227 7
228 6
229 5
230 4
231 3
232 2
233 1
234 0
235 -1
236 -2
237 -3
238 -4
239 -5
240 -6
241 -7
242 -8
243 -9
244 -9
245 -9
246 -9
247 -9
248 -9
249 -9
250 -9
251 -9
252 -9
253 -8
254 -7
255 -6
256 -5
257 -4
258 -3
259 -2
260 -1
261 0
262 1
263 2
264 3
265 4
266 5
267 6
268 7
269 8
270 9
271 10
272 10
273 10
274 10
275 10
276 10
277 10
278 10
279 10
280 10
281 9
282 8
283 7
284 6
285 5
286 4
287 3
288 2
289 1
290 0
291 -1
292 -2
293 -3
294 -4
295 -5
296 -6
297 -7
298 -8
299 -9
300 -10
301 -10
302 -10
303 -10
304 -10
305 -10
306 -10
307 -10
308 -10
309 -10
310 -10
311 -9
312 -8
313 -7
314 -6
315 -5
316 -4
317 -3
318 -2
319 -1
320 0
321 1
322 2
323 3
324 4
325 5
326 6
327 7
328 8
329 9
330 10
331 11
332 11
333 11
334 11
335 11
336 11
337 11
338 11
339 11
340 11
341 11
342 10
343 9
344 8
345 7
346 6
347 5
348 4
349 3
350 2
351 1
352 0
353 -1
354 -2
355 -3
356 -4
357 -5
358 -6
359 -7
360 -8
361 -9
362 -10
363 -11
364 -11
365 -11
366 -11
367 -11
368 -11
369 -11
370 -11
371 -11
372 -11
373 -11
374 -11
375 -10
376 -9
377 -8
378 -7
379 -6
380 -5
381 -4
382 -3
383 -2
384 -1
385 0
386 1
387 2
388 3
389 4
390 5
391 6
392 7
393 8
394 9
395 10
396 11
397 12
398 12
399 12
400 12
401 12
402 12
403 12
404 12
405 12
406 12
407 12
408 12
409 11
410 10
411 9
412 8
413 7
414 6
415 5
416 4
417 3
418 2
419 1
420 0
421 -1
422 -2
423 -3
424 -4
425 -5
426 -6
427 -7
428 -8
429 -9
430 -10
431 -11
432 -12
433 -12
434 -12
435 -12
436 -12
437 -12
438 -12
439 -12
440 -12
441 -12
442 -12
443 -12
444 -12
445 -11
446 -10
447 -9
448 -8
449 -7
450 -6
451 -5
452 -4
453 -3
454 -2
455 -1
456 0
457 1
458 2
459 3
460 4
461 5
462 6
463 7
464 8
465 9
466 10
467 11
468 12
469 13
470 13
471 13
472 13
473 13
474 13
475 13
476 13
477 13
478 13
479 13
480 13
481 13
482 12
483 11
484 10
485 9
486 8
487 7
488 6
489 5
490 4
491 3
492 2
493 1
494 0
495 -1
496 -2
497 -3
498 -4
499 -5
500 -6
501 -7
502 -8
503 -9
504 -10
505 -11
506 -12
507 -13
508 -13
509 -13
510 -13
511 -13
512 -13
513 -13
514 -13
515 -13
516 -13
517 -13
518 -13
519 -13
520 -13
521 -12
522 -11
523 -10
524 -9
525 -8
526 -7
527 -6
528 -5
529 -4
530 -3
531 -2
532 -1
533 0
534 1
535 2
536 3
537 4
538 5
539 6
540 7
541 8
542 9
543 10
544 11
545 12
546 13
547 14
548 14
549 14
550 14
551 14
552 14
553 14
554 14
555 14
556 14
557 14
558 14
559 14
560 14
561 13
562 12
563 11
564 10
565 9
566 8
567 7
568 6
569 5
570 4
571 3
572 2
573 1
574 0
575 -1
576 -2
577 -3
578 -4
579 -5
580 -6
581 -7
582 -8
583 -9
584 -10
585 -11
586 -12
587 -13
588 -14
589 -14
590 -14
591 -14
592 -14
593 -14
594 -14
595 -14
596 -14
597 -14
598 -14
599 -14
600 -14
601 -14
602 -14
603 -13
604 -12
605 -11
606 -10
607 -9
608 -8
609 -7
610 -6
611 -5
612 -4
613 -3
614 -2
615 -1
616 0
617 1
618 2
619 3
620 4
621 5
622 6
623 7
624 8
625 9
626 10
627 11
628 12
629 13
630 14
631 15
632 15
633 15
634 15
635 15
636 15
637 15
638 15
639 15
640 15
641 15
642 15
643 15
644 15
645 15
646 14
647 13
648 12
649 11
650 10
651 9
652 8
653 7
654 6
655 5
656 4
657 3
658 2
659 1
660 0
661 -1
662 -2
663 -3
664 -4
665 -5
666 -6
667 -7
668 -8
669 -9
670 -10
671 -11
672 -12
673 -13
674 -14
675 -15
676 -15
677 -15
678 -15
679 -15
680 -15
681 -15
682 -15
683 -15
684 -15
685 -15
686 -15
687 -15
688 -15
689 -15
690 -15
691 -14
692 -13
693 -12
694 -11
695 -10
696 -9
697 -8
698 -7
699 -6
700 -5
701 -4
702 -3
703 -2
704 -1
705 0
706 1
707 2
708 3
709 4
710 5
711 6
712 7
713 8
714 9
715 10
716 11
717 12
718 13
719 14
720 15
721 16
722 16
723 16
724 16
725 16
726 16
727 16
728 16
729 16
730 16
731 16
732 16
733 16
734 16
735 16
736 16
737 15
738 14
739 13
740 12
741 11
742 10
743 9
744 8
745 7
746 6
747 5
748 4
749 3
750 2
751 1
752 0
753 -1
754 -2
755 -3
756 -4
757 -5
758 -6
759 -7
760 -8
761 -9
762 -10
763 -11
764 -12
765 -13
766 -14
767 -15
768 -16
769 -16
770 -16
771 -16
772 -16
773 -16
774 -16
775 -16
776 -16
777 -16
778 -16
779 -16
780 -16
781 -16
782 -16
783 -16
784 -16
785 -15
786 -14
787 -13
788 -12
789 -11
790 -10
791 -9
792 -8
793 -7
794 -6
795 -5
796 -4
797 -3
798 -2
799 -1
800 0
801 1
802 2
803 3
804 4
805 5
806 6
807 7
808 8
809 9
810 10
811 11
812 12
813 13
814 14
815 15
816 16
817 17
818 17
819 17
820 17
821 17
822 17
823 17
824 17
825 17
826 17
827 17
828 17
829 17
830 17
831 17
832 17
833 17
834 16
835 15
836 14
837 13
838 12
839 11
840 10
841 9
842 8
843 7
844 6
845 5
846 4
847 3
848 2
849 1
850 0
851 -1
852 -2
853 -3
854 -4
855 -5
856 -6
857 -7
858 -8
859 -9
860 -10
861 -11
862 -12
863 -13
864 -14
865 -15
866 -16
867 -17
868 -17
869 -17
870 -17
871 -17
872 -17
873 -17
874 -17
875 -17
876 -17
877 -17
878 -17
879 -17
880 -17
881 -17
882 -17
883 -17
884 -17
885 -16
886 -15
887 -14
888 -13
889 -12
890 -11
891 -10
892 -9
893 -8
894 -7
895 -6
896 -5
897 -4
898 -3
899 -2
900 -1
901 0
902 1
903 2
904 3
905 4
906 5
907 6
908 7
909 8
910 9
911 10
912 11
913 12
914 13
915 14
916 15
917 16
918 17
919 18
920 18
921 18
922 18
923 18
924 18
925 18
926 18
927 18
928 18
929 18
930 18
931 18
932 18
933 18
934 18
935 18
936 18
937 17
938 16
939 15
940 14
941 13
942 12
943 11
944 10
945 9
946 8
947 7
948 6
949 5
950 4
951 3
952 2
953 1
954 0
955 -1
956 -2
957 -3
958 -4
959 -5
960 -6
961 -7
962 -8
963 -9
964 -10
965 -11
966 -12
967 -13
968 -14
969 -15
970 -16
971 -17
972 -18
973 -18
974 -18
975 -18
976 -18
977 -18
978 -18
979 -18
980 -18
981 -18
982 -18
983 -18
984 -18
985 -18
986 -18
987 -18
988 -18
989 -18
990 -18
991 -17
992 -16
993 -15
994 -14
995 -13
996 -12
997 -11
998 -10
999 -9
1000 -8
1001 -7
1002 -6
1003 -5
1004 -4
1005 -3
1006 -2
1007 -1
1008 0
1009 1
1010 2
1011 3
1012 4
1013 5
1014 6
1015 7
1016 8
1017 9
1018 10
1019 11
1020 12
1021 13
1022 14
1023 15
1024 16
1025 17
1026 18
1027 19
1028 19
1029 19
1030 19
1031 19
1032 19
1033 19
1034 19
1035 19
1036 19
1037 19
1038 19
1039 19
1040 19
1041 19
1042 19
1043 19
1044 19
1045 19
1046 18
1047 17
1048 16
1049 15
1050 14
1051 13
1052 12
1053 11
1054 10
1055 9
1056 8
1057 7
1058 6
1059 5
1060 4
1061 3
1062 2
1063 1
1064 0
1065 -1
1066 -2
1067 -3
1068 -4
1069 -5
1070 -6
1071 -7
1072 -8
1073 -9
1074 -10
1075 -11
1076 -12
1077 -13
1078 -14
1079 -15
1080 -16
1081 -17
1082 -18
1083 -19
1084 -19
1085 -19
1086 -19
1087 -19
1088 -19
1089 -19
1090 -19
1091 -19
1092 -19
1093 -19
1094 -19
1095 -19
1096 -19
1097 -19
1098 -19
1099 -19
1100 -19
1101 -19
1102 -19
1103 -18
1104 -17
1105 -16
1106 -15
1107 -14
1108 -13
1109 -12
1110 -11
1111 -10
1112 -9
1113 -8
1114 -7
1115 -6
1116 -5
1117 -4
1118 -3
1119 -2
1120 -1
1121 0
1122 1
1123 2
1124 3
1125 4
1126 5
1127 6
1128 7
1129 8
1130 9
1131 10
1132 11
1133 12
1134 13
1135 14
1136 15
1137 16
1138 17
1139 18
1140 19
1141 20
1142 20
1143 20
1144 20
1145 20
1146 20
1147 20
1148 20
1149 20
1150 20
1151 20
1152 20
1153 20
1154 20
1155 20
1156 20
1157 20
1158 20
1159 20
1160 20
1161 19
1162 18
1163 17
1164 16
1165 15
1166 14
1167 13
1168 12
1169 11
1170 10
1171 9
1172 8
1173 7
1174 6
1175 5
1176 4
1177 3
1178 2
1179 1
1180 0
1181 -1
1182 -2
1183 -3
1184 -4
1185 -5
1186 -6
1187 -7
1188 -8
1189 -9
1190 -10
1191 -11
1192 -12
1193 -13
1194 -14
1195 -15
1196 -16
1197 -17
1198 -18
1199 -19
1200 -20
1201 -20
1202 -20
1203 -20
1204 -20
1205 -20
1206 -20
1207 -20
1208 -20
1209 -20
1210 -20
1211 -20
1212 -20
1213 -20
1214 -20
1215 -20
1216 -20
1217 -20
1218 -20
1219 -20
1220 -20
1221 -19
1222 -18
1223 -17
1224 -16
1225 -15
1226 -14
1227 -13
1228 -12
1229 -11
1230 -10
1231 -9
1232 -8
1233 -7
1234 -6
1235 -5
1236 -4
1237 -3
1238 -2
1239 -1
1240 0
1241 1
1242 2
1243 3
1244 4
1245 5
1246 6
1247 7
1248 8
1249 9
1250 10
1251 11
1252 12
1253 13
1254 14
1255 15
1256 16
1257 17
1258 18
1259 19
1260 20
1261 21
1262 21
1263 21
1264 21
1265 21
1266 21
1267 21
1268 21
1269 21
1270 21
1271 21
1272 21
1273 21
1274 21
1275 21
1276 21
1277 21
1278 21
1279 21
1280 21
1281 21
1282 20
1283 19
1284 18
1285 17
1286 16
1287 15
1288 14
1289 13
1290 12
1291 11
1292 10
1293 9
1294 8
1295 7
1296 6
1297 5
1298 4
1299 3
1300 2
1301 1
1302 0
1303 -1
1304 -2
1305 -3
1306 -4
1307 -5
1308 -6
1309 -7
1310 -8
1311 -9
1312 -10
1313 -11
1314 -12
1315 -13
1316 -14
1317 -15
1318 -16
1319 -17
1320 -18
1321 -19
1322 -20
1323 -21
1324 -21
1325 -21
1326 -21
1327 -21
1328 -21
1329 -21
1330 -21
1331 -21
1332 -21
1333 -21
1334 -21
1335 -21
1336 -21
1337 -21
1338 -21
1339 -21
1340 -21
1341 -21
1342 -21
1343 -21
1344 -21
1345 -20
1346 -19
1347 -18
1348 -17
1349 -16
1350 -15
1351 -14
1352 -13
1353 -12
1354 -11
1355 -10
1356 -9
1357 -8
1358 -7
1359 -6
1360 -5
1361 -4
1362 -3
1363 -2
1364 -1
1365 0
1366 1
1367 2
1368 3
1369 4
1370 5
1371 6
1372 7
1373 8
1374 9
1375 10
1376 11
1377 12
1378 13
1379 14
1380 15
1381 16
1382 17
1383 18
1384 19
1385 20
1386 21
1387 22
1388 22
1389 22
1390 22
1391 22
1392 22
1393 22
1394 22
1395 22
1396 22
1397 22
1398 22
1399 22
1400 22
1401 22
1402 22
1403 22
1404 22
1405 22
1406 22
1407 22
1408 22
1409 21
1410 20
1411 19
1412 18
1413 17
1414 16
1415 15
1416 14
1417 13
1418 12
1419 11
1420 10
1421 9
1422 8
1423 7
1424 6
1425 5
1426 4
1427 3
1428 2
1429 1
1430 0
1431 -1
1432 -2
1433 -3
1434 -4
1435 -5
1436 -6
1437 -7
1438 -8
1439 -9
1440 -10
1441 -11
1442 -12
1443 -13
1444 -14
1445 -15
1446 -16
1447 -17
1448 -18
1449 -19
1450 -20
1451 -21
1452 -22
1453 -22
1454 -22
1455 -22
1456 -22
1457 -22
1458 -22
1459 -22
1460 -22
1461 -22
1462 -22
1463 -22
1464 -22
1465 -22
1466 -22
1467 -22
1468 -22
1469 -22
1470 -22
1471 -22
1472 -22
1473 -22
1474 -22
1475 -21
1476 -20
1477 -19
1478 -18
1479 -17
1480 -16
1481 -15
1482 -14
1483 -13
1484 -12
1485 -11
1486 -10
1487 -9
1488 -8
1489 -7
1490 -6
1491 -5
1492 -4
1493 -3
1494 -2
1495 -1
1496 0
1497 1
1498 2
1499 3
1500 4
1501 5
1502 6
1503 7
1504 8
1505 9
1506 10
1507 11
1508 12
1509 13
1510 14
1511 15
1512 16
1513 17
1514 18
1515 19
1516 20
1517 21
1518 22
1519 23
1520 23
1521 23
1522 23
1523 23
1524 23
1525 23
1526 23
1527 23
1528 23
1529 23
1530 23
1531 23
1532 23
1533 23
1534 23
1535 23
1536 23
1537 23
1538 23
1539 23
1540 23
1541 23
1542 22
1543 21
1544 20
1545 19
1546 18
1547 17
1548 16
1549 15
1550 14
1551 13
1552 12
1553 11
1554 10
1555 9
1556 8
1557 7
1558 6
1559 5
1560 4
1561 3
1562 2
1563 1
1564 0
1565 -1
1566 -2
1567 -3
1568 -4
1569 -5
1570 -6
1571 -7
1572 -8
1573 -9
1574 -10
1575 -11
1576 -12
1577 -13
1578 -14
1579 -15
1580 -16
1581 -17
1582 -18
1583 -19
1584 -20
1585 -21
1586 -22
1587 -23
1588 -23
1589 -23
1590 -23
1591 -23
1592 -23
1593 -23
1594 -23
1595 -23
1596 -23
1597 -23
1598 -23
1599 -23
1600 -23
1601 -23
1602 -23
1603 -23
1604 -23
1605 -23
1606 -23
1607 -23
1608 -23
1609 -23
1610 -23
1611 -22
1612 -21
1613 -20
1614 -19
1615 -18
1616 -17
1617 -16
1618 -15
1619 -14
1620 -13
1621 -12
1622 -11
1623 -10
1624 -9
1625 -8
1626 -7
1627 -6
1628 -5
1629 -4
1630 -3
1631 -2
1632 -1
1633 0
1634 1
1635 2
1636 3
1637 4
1638 5
1639 6
1640 7
1641 8
1642 9
1643 10
1644 11
1645 12
1646 13
1647 14
1648 15
1649 16
1650 17
1651 18
1652 19
1653 20
1654 21
1655 22
1656 23
1657 24
1658 24
1659 24
1660 24
1661 24
1662 24
1663 24
1664 24
1665 24
1666 24
1667 24
1668 24
1669 24
1670 24
1671 24
1672 24
1673 24
1674 24
1675 24
1676 24
1677 24
1678 24
1679 24
1680 24
1681 23
1682 22
1683 21
1684 20
1685 19
1686 18
1687 17
1688 16
1689 15
1690 14
1691 13
1692 12
1693 11
1694 10
1695 9
1696 8
1697 7
1698 6
1699 5
1700 4
1701 3
1702 2
1703 1
1704 0
1705 -1
1706 -2
1707 -3
1708 -4
1709 -5
1710 -6
1711 -7
1712 -8
1713 -9
1714 -10
1715 -11
1716 -12
1717 -13
1718 -14
1719 -15
1720 -16
1721 -17
1722 -18
1723 -19
1724 -20
1725 -21
1726 -22
1727 -23
1728 -24
1729 -24
1730 -24
1731 -24
1732 -24
1733 -24
1734 -24
1735 -24
1736 -24
1737 -24
1738 -24
1739 -24
1740 -24
1741 -24
1742 -24
1743 -24
1744 -24
1745 -24
1746 -24
1747 -24
1748 -24
1749 -24
1750 -24
1751 -24
1752 -24
1753 -23
1754 -22
1755 -21
1756 -20
1757 -19
1758 -18
1759 -17
1760 -16
1761 -15
1762 -14
1763 -13
1764 -12
1765 -11
1766 -10
1767 -9
1768 -8
1769 -7
1770 -6
1771 -5
1772 -4
1773 -3
1774 -2
1775 -1
1776 0
1777 1
1778 2
1779 3
1780 4
1781 5
1782 6
1783 7
1784 8
1785 9
1786 10
1787 11
1788 12
1789 13
1790 14
1791 15
1792 16
1793 17
1794 18
1795 19
1796 20
1797 21
1798 22
1799 23
1800 24
1801 25
1802 25
1803 25
1804 25
1805 25
1806 25
1807 25
1808 25
1809 25
1810 25
1811 25
1812 25
1813 25
1814 25
1815 25
1816 25
1817 25
1818 25
1819 25
1820 25
1821 25
1822 25
1823 25
1824 25
1825 25
1826 24
1827 23
1828 22
1829 21
1830 20
1831 19
1832 18
1833 17
1834 16
1835 15
1836 14
1837 13
1838 12
1839 11
1840 10
1841 9
1842 8
1843 7
1844 6
1845 5
1846 4
1847 3
1848 2
1849 1
1850 0
1851 -1
1852 -2
1853 -3
1854 -4
1855 -5
1856 -6
1857 -7
1858 -8
1859 -9
1860 -10
1861 -11
1862 -12
1863 -13
1864 -14
1865 -15
1866 -16
1867 -17
1868 -18
1869 -19
1870 -20
1871 -21
1872 -22
1873 -23
1874 -24
1875 -25
1876 -25
1877 -25
1878 -25
1879 -25
1880 -25
1881 -25
1882 -25
1883 -25
1884 -25
1885 -25
1886 -25
1887 -25
1888 -25
1889 -25
1890 -25
1891 -25
1892 -25
1893 -25
1894 -25
1895 -25
1896 -25
1897 -25
1898 -25
1899 -25
1900 -25
1901 -24
1902 -23
1903 -22
1904 -21
1905 -20
1906 -19
1907 -18
1908 -17
1909 -16
1910 -15
1911 -14
1912 -13
1913 -12
1914 -11
1915 -10
1916 -9
1917 -8
1918 -7
1919 -6
1920 -5
1921 -4
1922 -3
1923 -2
1924 -1
1925 0
1926 1
1927 2
1928 3
1929 4
1930 5
1931 6
1932 7
1933 8
1934 9
1935 10
1936 11
1937 12
1938 13
1939 14
1940 15
1941 16
1942 17
1943 18
1944 19
1945 20
1946 21
1947 22
1948 23
1949 24
1950 25
1951 26
1952 26
1953 26
1954 26
1955 26
1956 26
1957 26
1958 26
1959 26
1960 26
1961 26
1962 26
1963 26
1964 26
1965 26
1966 26
1967 26
1968 26
1969 26
1970 26
1971 26
1972 26
1973 26
1974 26
1975 26
1976 26
1977 25
1978 24
1979 23
1980 22
1981 21
1982 20
1983 19
1984 18
1985 17
1986 16
1987 15
1988 14
1989 13
1990 12
1991 11
1992 10
1993 9
1994 8
1995 7
1996 6
1997 5
1998 4
1999 3
2000 2
2001 1
2002 0
2003 -1
2004 -2
2005 -3
2006 -4
2007 -5
2008 -6
2009 -7
2010 -8
2011 -9
2012 -10
2013 -11
2014 -12
2015 -13
2016 -14
2017 -15
2018 -16
2019 -17
2020 -18
2021 -19
2022 -20
2023 -21
2024 -22
2025 -23
2026 -24
2027 -25
2028 -26
2029 -26
2030 -26
2031 -26
2032 -26
2033 -26
2034 -26
2035 -26
2036 -26
2037 -26
2038 -26
2039 -26
2040 -26
2041 -26
2042 -26
2043 -26
2044 -26
2045 -26
2046 -26
2047 -26
2048 -26
2049 -26
2050 -26
2051 -26
2052 -26
2053 -26
2054 -26
2055 -25
2056 -24
2057 -23
2058 -22
2059 -21
2060 -20
2061 -19
2062 -18
2063 -17
2064 -16
2065 -15
2066 -14
2067 -13
2068 -12
2069 -11
2070 -10
2071 -9
2072 -8
2073 -7
2074 -6
2075 -5
2076 -4
2077 -3
2078 -2
2079 -1
2080 0
2081 1
2082 2
2083 3
2084 4
2085 5
2086 6
2087 7
2088 8
2089 9
2090 10
2091 11
2092 12
2093 13
2094 14
2095 15
2096 16
2097 17
2098 18
2099 19
2100 20
2101 21
2102 22
2103 23
2104 24
2105 25
2106 26
2107 27
2108 27
2109 27
2110 27
2111 27
2112 27
2113 27
2114 27
2115 27
2116 27
2117 27
2118 27
2119 27
2120 27
2121 27
2122 27
2123 27
2124 27
2125 27
2126 27
2127 27
2128 27
2129 27
2130 27
2131 27
2132 27
2133 27
2134 26
2135 25
2136 24
2137 23
2138 22
2139 21
2140 20
2141 19
2142 18
2143 17
2144 16
2145 15
2146 14
2147 13
2148 12
2149 11
2150 10
2151 9
2152 8
2153 7
2154 6
2155 5
2156 4
2157 3
2158 2
2159 1
2160 0
2161 -1
2162 -2
2163 -3
2164 -4
2165 -5
2166 -6
2167 -7
2168 -8
2169 -9
2170 -10
2171 -11
2172 -12
2173 -13
2174 -14
2175 -15
2176 -16
2177 -17
2178 -18
2179 -19
2180 -20
2181 -21
2182 -22
2183 -23
2184 -24
2185 -25
2186 -26
2187 -27
2188 -27
2189 -27
2190 -27
2191 -27
2192 -27
2193 -27
2194 -27
2195 -27
2196 -27
2197 -27
2198 -27
2199 -27
2200 -27
2201 -27
2202 -27
2203 -27
2204 -27
2205 -27
2206 -27
2207 -27
2208 -27
2209 -27
2210 -27
2211 -27
2212 -27
2213 -27
2214 -27
2215 -26
2216 -25
2217 -24
2218 -23
2219 -22
2220 -21
2221 -20
2222 -19
2223 -18
2224 -17
2225 -16
2226 -15
2227 -14
2228 -13
2229 -12
2230 -11
2231 -10
2232 -9
2233 -8
2234 -7
2235 -6
2236 -5
2237 -4
2238 -3
2239 -2
2240 -1
2241 0
2242 1
2243 2
2244 3
2245 4
2246 5
2247 6
2248 7
2249 8
2250 9
2251 10
2252 11
2253 12
2254 13
2255 14
2256 15
2257 16
2258 17
2259 18
2260 19
2261 20
2262 21
2263 22
2264 23
2265 24
2266 25
2267 26
2268 27
2269 28
2270 28
2271 28
2272 28
2273 28
2274 28
2275 28
2276 28
2277 28
2278 28
2279 28
2280 28
2281 28
2282 28
2283 28
2284 28
2285 28
2286 28
2287 28
2288 28
2289 28
2290 28
2291 28
2292 28
2293 28
2294 28
2295 28
2296 28
2297 27
2298 26
2299 25
2300 24
2301 23
2302 22
2303 21
2304 20
2305 19
2306 18
2307 17
2308 16
2309 15
2310 14
2311 13
2312 12
2313 11
2314 10
2315 9
2316 8
2317 7
2318 6
2319 5
2320 4
2321 3
2322 2
2323 1
2324 0
2325 -1
2326 -2
2327 -3
2328 -4
2329 -5
2330 -6
2331 -7
2332 -8
2333 -9
2334 -10
2335 -11
2336 -12
2337 -13
2338 -14
2339 -15
2340 -16
2341 -17
2342 -18
2343 -19
2344 -20
2345 -21
2346 -22
2347 -23
2348 -24
2349 -25
2350 -26
2351 -27
2352 -28
2353 -28
2354 -28
2355 -28
2356 -28
2357 -28
2358 -28
2359 -28
2360 -28
2361 -28
2362 -28
2363 -28
2364 -28
2365 -28
2366 -28
2367 -28
2368 -28
2369 -28
2370 -28
2371 -28
2372 -28
2373 -28
2374 -28
2375 -28
2376 -28
2377 -28
2378 -28
2379 -28
2380 -28
2381 -27
2382 -26
2383 -25
2384 -24
2385 -23
2386 -22
2387 -21
2388 -20
2389 -19
2390 -18
2391 -17
2392 -16
2393 -15
2394 -14
2395 -13
2396 -12
2397 -11
2398 -10
2399 -9
2400 -8
2401 -7
2402 -6
2403 -5
2404 -4
2405 -3
2406 -2
2407 -1
2408 0
2409 1
2410 2
2411 3
2412 4
2413 5
2414 6
2415 7
2416 8
2417 9
2418 10
2419 11
2420 12
2421 13
2422 14
2423 15
2424 16
2425 17
2426 18
2427 19
2428 20
2429 21
2430 22
2431 23
2432 24
2433 25
2434 26
2435 27
2436 28
2437 29
2438 29
2439 29
2440 29
2441 29
2442 29
2443 29
2444 29
2445 29
2446 29
2447 29
2448 29
2449 29
2450 29
2451 29
2452 29
2453 29
2454 29
2455 29
2456 29
2457 29
2458 29
2459 29
2460 29
2461 29
2462 29
2463 29
2464 29
2465 29
2466 28
2467 27
2468 26
2469 25
2470 24
2471 23
2472 22
2473 21
2474 20
2475 19
2476 18
2477 17
2478 16
2479 15
2480 14
2481 13
2482 12
2483 11
2484 10
2485 9
2486 8
2487 7
2488 6
2489 5
2490 4
2491 3
2492 2
2493 1
2494 0
2495 -1
2496 -2
2497 -3
2498 -4
2499 -5
2500 -6
2501 -7
2502 -8
2503 -9
2504 -10
2505 -11
2506 -12
2507 -13
2508 -14
2509 -15
2510 -16
2511 -17
2512 -18
2513 -19
2514 -20
2515 -21
2516 -22
2517 -23
2518 -24
2519 -25
2520 -26
2521 -27
2522 -28
2523 -29
2524 -29
2525 -29
2526 -29
2527 -29
2528 -29
2529 -29
2530 -29
2531 -29
2532 -29
2533 -29
2534 -29
2535 -29
2536 -29
2537 -29
2538 -29
2539 -29
2540 -29
2541 -29
2542 -29
2543 -29
2544 -29
2545 -29
2546 -29
2547 -29
2548 -29
2549 -29
2550 -29
2551 -29
2552 -29
2553 -28
2554 -27
2555 -26
2556 -25
2557 -24
2558 -23
2559 -22
2560 -21
2561 -20
2562 -19
2563 -18
2564 -17
2565 -16
2566 -15
2567 -14
2568 -13
2569 -12
2570 -11
2571 -10
2572 -9
2573 -8
2574 -7
2575 -6
2576 -5
2577 -4
2578 -3
2579 -2
2580 -1
2581 0
2582 1
2583 2
2584 3
2585 4
2586 5
2587 6
2588 7
2589 8
2590 9
2591 10
2592 11
2593 12
2594 13
2595 14
2596 15
2597 16
2598 17
2599 18
2600 19
2601 20
2602 21
2603 22
2604 23
2605 24
2606 25
2607 26
2608 27
2609 28
2610 29
2611 30
2612 30
2613 30
2614 30
2615 30
2616 30
2617 30
2618 30
2619 30
2620 30
2621 30
2622 30
2623 30
2624 30
2625 30
2626 30
2627 30
2628 30
2629 30
2630 30
2631 30
2632 30
2633 30
2634 30
2635 30
2636 30
2637 30
2638 30
2639 30
2640 30
2641 29
2642 28
2643 27
2644 26
2645 25
2646 24
2647 23
2648 22
2649 21
2650 20
2651 19
2652 18
2653 17
2654 16
2655 15
2656 14
2657 13
2658 12
2659 11
2660 10
2661 9
2662 8
2663 7
2664 6
2665 5
2666 4
2667 3
2668 2
2669 1
2670 0
2671 -1
2672 -2
2673 -3
2674 -4
2675 -5
2676 -6
2677 -7
2678 -8
2679 -9
2680 -10
2681 -11
2682 -12
2683 -13
2684 -14
2685 -15
2686 -16
2687 -17
2688 -18
2689 -19
2690 -20
2691 -21
2692 -22
2693 -23
2694 -24
2695 -25
2696 -26
2697 -27
2698 -28
2699 -29
2700 -30
2701 -30
2702 -30
2703 -30
2704 -30
2705 -30
2706 -30
2707 -30
2708 -30
2709 -30
2710 -30
2711 -30
2712 -30
2713 -30
2714 -30
2715 -30
2716 -30
2717 -30
2718 -30
2719 -30
2720 -30
2721 -30
2722 -30
2723 -30
2724 -30
2725 -30
2726 -30
2727 -30
2728 -30
2729 -30
2730 -30
2731 -29
2732 -28
2733 -27
2734 -26
2735 -25
2736 -24
2737 -23
2738 -22
2739 -21
2740 -20
2741 -19
2742 -18
2743 -17
2744 -16
2745 -15
2746 -14
2747 -13
2748 -12
2749 -11
2750 -10
2751 -9
2752 -8
2753 -7
2754 -6
2755 -5
2756 -4
2757 -3
2758 -2
2759 -1
2760 0
2761 1
2762 2
2763 3
2764 4
2765 5
2766 6
2767 7
2768 8
2769 9
2770 10
2771 11
2772 12
2773 13
2774 14
2775 15
2776 16
2777 17
2778 18
2779 19
2780 20
2781 21
2782 22
2783 23
2784 24
2785 25
2786 26
2787 27
2788 28
2789 29
2790 30
2791 31
2792 31
2793 31
2794 31
2795 31
2796 31
2797 31
2798 31
2799 31
2800 31
2801 31
2802 31
2803 31
2804 31
2805 31
2806 31
2807 31
2808 31
2809 31
2810 31
2811 31
2812 31
2813 31
2814 31
2815 31
2816 31
2817 31
2818 31
2819 31
2820 31
2821 31
2822 30
2823 29
2824 28
2825 27
2826 26
2827 25
2828 24
2829 23
2830 22
2831 21
2832 20
2833 19
2834 18
2835 17
2836 16
2837 15
2838 14
2839 13
2840 12
2841 11
2842 10
2843 9
2844 8
2845 7
2846 6
2847 5
2848 4
2849 3
2850 2
2851 1
2852 0
2853 -1
2854 -2
2855 -3
2856 -4
2857 -5
2858 -6
2859 -7
2860 -8
2861 -9
2862 -10
2863 -11
2864 -12
2865 -13
2866 -14
2867 -15
2868 -16
2869 -17
2870 -18
2871 -19
2872 -20
2873 -21
2874 -22
2875 -23
2876 -24
2877 -25
2878 -26
2879 -27
2880 -28
2881 -29
2882 -30
2883 -31
2884 -31
2885 -31
2886 -31
2887 -31
2888 -31
2889 -31
2890 -31
2891 -31
2892 -31
2893 -31
2894 -31
2895 -31
2896 -31
2897 -31
2898 -31
2899 -31
2900 -31
2901 -31
2902 -31
2903 -31
2904 -31
2905 -31
2906 -31
2907 -31
2908 -31
2909 -31
2910 -31
2911 -31
2912 -31
2913 -31
2914 -31
2915 -30
2916 -29
2917 -28
2918 -27
2919 -26
2920 -25
2921 -24
2922 -23
2923 -22
2924 -21
2925 -20
2926 -19
2927 -18
2928 -17
2929 -16
2930 -15
2931 -14
2932 -13
2933 -12
2934 -11
2935 -10
2936 -9
2937 -8
2938 -7
2939 -6
2940 -5
2941 -4
2942 -3
2943 -2
2944 -1
2945 0
2946 1
2947 2
2948 3
2949 4
2950 5
2951 6
2952 7
2953 8
2954 9
2955 10
2956 11
2957 12
2958 13
2959 14
2960 15
2961 16
2962 17
2963 18
2964 19
2965 20
2966 21
2967 22
2968 23
2969 24
2970 25
2971 26
2972 27
2973 28
2974 29
2975 30
2976 31
2977 32
2978 32
2979 32
2980 32
2981 32
2982 32
2983 32
2984 32
2985 32
2986 32
2987 32
2988 32
2989 32
2990 32
2991 32
2992 32
2993 32
2994 32
2995 32
2996 32
2997 32
2998 32
2999 32
3000 32
3001 32
3002 32
3003 32
3004 32
3005 32
3006 32
3007 32
3008 32
3009 31
3010 30
3011 29
3012 28
3013 27
3014 26
3015 25
3016 24
3017 23
3018 22
3019 21
3020 20
3021 19
3022 18
3023 17
3024 16
3025 15
3026 14
3027 13
3028 12
3029 11
3030 10
3031 9
3032 8
3033 7
3034 6
3035 5
3036 4
3037 3
3038 2
3039 1
3040 0
3041 -1
3042 -2
3043 -3
3044 -4
3045 -5
3046 -6
3047 -7
3048 -8
3049 -9
3050 -10
3051 -11
3052 -12
3053 -13
3054 -14
3055 -15
3056 -16
3057 -17
3058 -18
3059 -19
3060 -20
3061 -21
3062 -22
3063 -23
3064 -24
3065 -25
3066 -26
3067 -27
3068 -28
3069 -29
3070 -30
3071 -31
3072 -32
3073 -32
3074 -32
3075 -32
3076 -32
3077 -32
3078 -32
3079 -32
3080 -32
3081 -32
3082 -32
3083 -32
3084 -32
3085 -32
3086 -32
3087 -32
3088 -32
3089 -32
3090 -32
3091 -32
3092 -32
3093 -32
3094 -32
3095 -32
3096 -32
3097 -32
3098 -32
3099 -32
3100 -32
3101 -32
3102 -32
3103 -32
3104 -32
3105 -31
3106 -30
3107 -29
3108 -28
3109 -27
3110 -26
3111 -25
3112 -24
3113 -23
3114 -22
3115 -21
3116 -20
3117 -19
3118 -18
3119 -17
3120 -16
3121 -15
3122 -14
3123 -13
3124 -12
3125 -11
3126 -10
3127 -9
3128 -8
3129 -7
3130 -6
3131 -5
3132 -4
3133 -3
3134 -2
3135 -1
3136 0
3137 1
3138 2
3139 3
3140 4
3141 5
3142 6
3143 7
3144 8
3145 9
3146 10
3147 11
3148 12
3149 13
3150 14
3151 15
3152 16
3153 17
3154 18
3155 19
3156 20
3157 21
3158 22
3159 23
3160 24
3161 25
3162 26
3163 27
3164 28
3165 29
3166 30
3167 31
3168 32
3169 33
3170 33
3171 33
3172 33
3173 33
3174 33
3175 33
3176 33
3177 33
3178 33
3179 33
3180 33
3181 33
3182 33
3183 33
3184 33
3185 33
3186 33
3187 33
3188 33
3189 33
3190 33
3191 33
3192 33
3193 33
3194 33
3195 33
3196 33
3197 33
3198 33
3199 33
3200 33
3201 33
3202 32
3203 31
3204 30
3205 29
3206 28
3207 27
3208 26
3209 25
3210 24
3211 23
3212 22
3213 21
3214 20
3215 19
3216 18
3217 17
3218 16
3219 15
3220 14
3221 13
3222 12
3223 11
3224 10
3225 9
3226 8
3227 7
3228 6
3229 5
3230 4
3231 3
3232 2
3233 1
3234 0
3235 -1
3236 -2
3237 -3
3238 -4
3239 -5
3240 -6
3241 -7
3242 -8
3243 -9
3244 -10
3245 -11
3246 -12
3247 -13
3248 -14
3249 -15
3250 -16
3251 -17
3252 -18
3253 -19
3254 -20
3255 -21
3256 -22
3257 -23
3258 -24
3259 -25
3260 -26
3261 -27
3262 -28
3263 -29
3264 -30
3265 -31
3266 -32
3267 -33
3268 -33
3269 -33
3270 -33
3271 -33
3272 -33
3273 -33
3274 -33
3275 -33
3276 -33
3277 -33
3278 -33
3279 -33
3280 -33
3281 -33
3282 -33
3283 -33
3284 -33
3285 -33
3286 -33
3287 -33
3288 -33
3289 -33
3290 -33
3291 -33
3292 -33
3293 -33
3294 -33
3295 -33
3296 -33
3297 -33
3298 -33
3299 -33
3300 -33
3301 -32
3302 -31
3303 -30
3304 -29
3305 -28
3306 -27
3307 -26
3308 -25
3309 -24
3310 -23
3311 -22
3312 -21
3313 -20
3314 -19
3315 -18
3316 -17
3317 -16
3318 -15
3319 -14
3320 -13
3321 -12
3322 -11
3323 -10
3324 -9
3325 -8
3326 -7
3327 -6
3328 -5
3329 -4
3330 -3
3331 -2
3332 -1
3333 0
3334 1
3335 2
3336 3
3337 4
3338 5
3339 6
3340 7
3341 8
3342 9
3343 10
3344 11
3345 12
3346 13
3347 14
3348 15
3349 16
3350 17
3351 18
3352 19
3353 20
3354 21
3355 22
3356 23
3357 24
3358 25
3359 26
3360 27
3361 28
3362 29
3363 30
3364 31
3365 32
3366 33
3367 34
3368 34
3369 34
3370 34
3371 34
3372 34
3373 34
3374 34
3375 34
3376 34
3377 34
3378 34
3379 34
3380 34
3381 34
3382 34
3383 34
3384 34
3385 34
3386 34
3387 34
3388 34
3389 34
3390 34
3391 34
3392 34
3393 34
3394 34
3395 34
3396 34
3397 34
3398 34
3399 34
3400 34
3401 33
3402 32
3403 31
3404 30
3405 29
3406 28
3407 27
3408 26
3409 25
3410 24
3411 23
3412 22
3413 21
3414 20
3415 19
3416 18
3417 17
3418 16
3419 15
3420 14
3421 13
3422 12
3423 11
3424 10
3425 9
3426 8
3427 7
3428 6
3429 5
3430 4
3431 3
3432 2
3433 1
3434 0
3435 -1
3436 -2
3437 -3
3438 -4
3439 -5
3440 -6
3441 -7
3442 -8
3443 -9
3444 -10
3445 -11
3446 -12
3447 -13
3448 -14
3449 -15
3450 -16
3451 -17
3452 -18
3453 -19
3454 -20
3455 -21
3456 -22
3457 -23
3458 -24
3459 -25
3460 -26
3461 -27
3462 -28
3463 -29
3464 -30
3465 -31
3466 -32
3467 -33
3468 -34
3469 -34
3470 -34
3471 -34
3472 -34
3473 -34
3474 -34
3475 -34
3476 -34
3477 -34
3478 -34
3479 -34
3480 -34
3481 -34
3482 -34
3483 -34
3484 -34
3485 -34
3486 -34
3487 -34
3488 -34
3489 -34
3490 -34
3491 -34
3492 -34
3493 -34
3494 -34
3495 -34
3496 -34
3497 -34
3498 -34
3499 -34
3500 -34
3501 -34
3502 -34
3503 -33
3504 -32
3505 -31
3506 -30
3507 -29
3508 -28
3509 -27
3510 -26
3511 -25
3512 -24
3513 -23
3514 -22
3515 -21
3516 -20
3517 -19
3518 -18
3519 -17
3520 -16
3521 -15
3522 -14
3523 -13
3524 -12
3525 -11
3526 -10
3527 -9
3528 -8
3529 -7
3530 -6
3531 -5
3532 -4
3533 -3
3534 -2
3535 -1
3536 0
3537 1
3538 2
3539 3
3540 4
3541 5
3542 6
3543 7
3544 8
3545 9
3546 10
3547 11
3548 12
3549 13
3550 14
3551 15
3552 16
3553 17
3554 18
3555 19
3556 20
3557 21
3558 22
3559 23
3560 24
3561 25
3562 26
3563 27
3564 28
3565 29
3566 30
3567 31
3568 32
3569 33
3570 34
3571 35
3572 35
3573 35
3574 35
3575 35
3576 35
3577 35
3578 35
3579 35
3580 35
3581 35
3582 35
3583 35
3584 35
3585 35
3586 35
3587 35
3588 35
3589 35
3590 35
3591 35
3592 35
3593 35
3594 35
3595 35
3596 35
3597 35
3598 35
3599 35
3600 35
3601 35
3602 35
3603 35
3604 35
3605 35
3606 34
3607 33
3608 32
3609 31
3610 30
3611 29
3612 28
3613 27
3614 26
3615 25
3616 24
3617 23
3618 22
3619 21
3620 20
3621 19
3622 18
3623 17
3624 16
3625 15
3626 14
3627 13
3628 12
3629 11
3630 10
3631 9
3632 8
3633 7
3634 6
3635 5
3636 4
3637 3
3638 2
3639 1
3640 0
3641 -1
3642 -2
3643 -3
3644 -4
3645 -5
3646 -6
3647 -7
3648 -8
3649 -9
3650 -10
3651 -11
3652 -12
3653 -13
3654 -14
3655 -15
3656 -16
3657 -17
3658 -18
3659 -19
3660 -20
3661 -21
3662 -22
3663 -23
3664 -24
3665 -25
3666 -26
3667 -27
3668 -28
3669 -29
3670 -30
3671 -31
3672 -32
3673 -33
3674 -34
3675 -35
3676 -35
3677 -35
3678 -35
3679 -35
3680 -35
3681 -35
3682 -35
3683 -35
3684 -35
3685 -35
3686 -35
3687 -35
3688 -35
3689 -35
3690 -35
3691 -35
3692 -35
3693 -35
3694 -35
3695 -35
3696 -35
3697 -35
3698 -35
3699 -35
3700 -35
3701 -35
3702 -35
3703 -35
3704 -35
3705 -35
3706 -35
3707 -35
3708 -35
3709 -35
3710 -35
3711 -34
3712 -33
3713 -32
3714 -31
3715 -30
3716 -29
3717 -28
3718 -27
3719 -26
3720 -25
3721 -24
3722 -23
3723 -22
3724 -21
3725 -20
3726 -19
3727 -18
3728 -17
3729 -16
3730 -15
3731 -14
3732 -13
3733 -12
3734 -11
3735 -10
3736 -9
3737 -8
3738 -7
3739 -6
3740 -5
3741 -4
3742 -3
3743 -2
3744 -1
3745 0
3746 1
3747 2
3748 3
3749 4
3750 5
3751 6
3752 7
3753 8
3754 9
3755 10
3756 11
3757 12
3758 13
3759 14
3760 15
3761 16
3762 17
3763 18
3764 19
3765 20
3766 21
3767 22
3768 23
3769 24
3770 25
3771 26
3772 27
3773 28
3774 29
3775 30
3776 31
3777 32
3778 33
3779 34
3780 35
3781 36
3782 36
3783 36
3784 36
3785 36
3786 36
3787 36
3788 36
3789 36
3790 36
3791 36
3792 36
3793 36
3794 36
3795 36
3796 36
3797 36
3798 36
3799 36
3800 36
3801 36
3802 36
3803 36
3804 36
3805 36
3806 36
3807 36
3808 36
3809 36
3810 36
3811 36
3812 36
3813 36
3814 36
3815 36
3816 36
3817 35
3818 34
3819 33
3820 32
3821 31
3822 30
3823 29
3824 28
3825 27
3826 26
3827 25
3828 24
3829 23
3830 22
3831 21
3832 20
3833 19
3834 18
3835 17
3836 16
3837 15
3838 14
3839 13
3840 12
3841 11
3842 10
3843 9
3844 8
3845 7
3846 6
3847 5
3848 4
3849 3
3850 2
3851 1
3852 0
3853 -1
3854 -2
3855 -3
3856 -4
3857 -5
3858 -6
3859 -7
3860 -8
3861 -9
3862 -10
3863 -11
3864 -12
3865 -13
3866 -14
3867 -15
3868 -16
3869 -17
3870 -18
3871 -19
3872 -20
3873 -21
3874 -22
3875 -23
3876 -24
3877 -25
3878 -26
3879 -27
3880 -28
3881 -29
3882 -30
3883 -31
3884 -32
3885 -33
3886 -34
3887 -35
3888 -36
3889 -36
3890 -36
3891 -36
3892 -36
3893 -36
3894 -36
3895 -36
3896 -36
3897 -36
3898 -36
3899 -36
3900 -36
3901 -36
3902 -36
3903 -36
3904 -36
3905 -36
3906 -36
3907 -36
3908 -36
3909 -36
3910 -36
3911 -36
3912 -36
3913 -36
3914 -36
3915 -36
3916 -36
3917 -36
3918 -36
3919 -36
3920 -36
3921 -36
3922 -36
3923 -36
3924 -36
3925 -35
3926 -34
3927 -33
3928 -32
3929 -31
3930 -30
3931 -29
3932 -28
3933 -27
3934 -26
3935 -25
3936 -24
3937 -23
3938 -22
3939 -21
3940 -20
3941 -19
3942 -18
3943 -17
3944 -16
3945 -15
3946 -14
3947 -13
3948 -12
3949 -11
3950 -10
3951 -9
3952 -8
3953 -7
3954 -6
3955 -5
3956 -4
3957 -3
3958 -2
3959 -1
3960 0
3961 1
3962 2
3963 3
3964 4
3965 5
3966 6
3967 7
3968 8
3969 9
3970 10
3971 11
3972 12
3973 13
3974 14
3975 15
3976 16
3977 17
3978 18
3979 19
3980 20
3981 21
3982 22
3983 23
3984 24
3985 25
3986 26
3987 27
3988 28
3989 29
3990 30
3991 31
3992 32
3993 33
3994 34
3995 35
3996 36
3997 37
3998 37
3999 37
4000 37
4001 37
4002 37
4003 37
4004 37
4005 37
4006 37
4007 37
4008 37
4009 37
4010 37
4011 37
4012 37
4013 37
4014 37
4015 37
4016 37
4017 37
4018 37
4019 37
4020 37
4021 37
4022 37
4023 37
4024 37
4025 37
4026 37
4027 37
4028 37
4029 37
4030 37
4031 37
4032 37
4033 37
4034 36
4035 35
4036 34
4037 33
4038 32
4039 31
4040 30
4041 29
4042 28
4043 27
4044 26
4045 25
4046 24
4047 23
4048 22
4049 21
4050 20
4051 19
4052 18
4053 17
4054 16
4055 15
4056 14
4057 13
4058 12
4059 11
4060 10
4061 9
4062 8
4063 7
4064 6
4065 5
4066 4
4067 3
4068 2
4069 1
4070 0
4071 -1
4072 -2
4073 -3
4074 -4
4075 -5
4076 -6
4077 -7
4078 -8
4079 -9
4080 -10
4081 -11
4082 -12
4083 -13
4084 -14
4085 -15
4086 -16
4087 -17
4088 -18
4089 -19
4090 -20
4091 -21
4092 -22
4093 -23
4094 -24
4095 -25
4096 -26
4097 -27
4098 -28
4099 -29
4100 -30
4101 -31
4102 -32
4103 -33
4104 -34
4105 -35
4106 -36
4107 -37
4108 -37
4109 -37
4110 -37
4111 -37
4112 -37
4113 -37
4114 -37
4115 -37
4116 -37
4117 -37
4118 -37
4119 -37
4120 -37
4121 -37
4122 -37
4123 -37
4124 -37
4125 -37
4126 -37
4127 -37
4128 -37
4129 -37
4130 -37
4131 -37
4132 -37
4133 -37
4134 -37
4135 -37
4136 -37
4137 -37
4138 -37
4139 -37
4140 -37
4141 -37
4142 -37
4143 -37
4144 -37
4145 -36
4146 -35
4147 -34
4148 -33
4149 -32
4150 -31
4151 -30
4152 -29
4153 -28
4154 -27
4155 -26
4156 -25
4157 -24
4158 -23
4159 -22
4160 -21
4161 -20
4162 -19
4163 -18
4164 -17
4165 -16
4166 -15
4167 -14
4168 -13
4169 -12
4170 -11
4171 -10
4172 -9
4173 -8
4174 -7
4175 -6
4176 -5
4177 -4
4178 -3
4179 -2
4180 -1
4181 0
4182 1
4183 2
4184 3
4185 4
4186 5
4187 6
4188 7
4189 8
4190 9
4191 10
4192 11
4193 12
4194 13
4195 14
4196 15
4197 16
4198 17
4199 18
4200 19
4201 20
4202 21
4203 22
4204 23
4205 24
4206 25
4207 26
4208 27
4209 28
4210 29
4211 30
4212 31
4213 32
4214 33
4215 34
4216 35
4217 36
4218 37
4219 38
4220 38
4221 38
4222 38
4223 38
4224 38
4225 38
4226 38
4227 38
4228 38
4229 38
4230 38
4231 38
4232 38
4233 38
4234 38
4235 38
4236 38
4237 38
4238 38
4239 38
4240 38
4241 38
4242 38
4243 38
4244 38
4245 38
4246 38
4247 38
4248 38
4249 38
4250 38
4251 38
4252 38
4253 38
4254 38
4255 38
4256 38
4257 37
4258 36
4259 35
4260 34
4261 33
4262 32
4263 31
4264 30
4265 29
4266 28
4267 27
4268 26
4269 25
4270 24
4271 23
4272 22
4273 21
4274 20
4275 19
4276 18
4277 17
4278 16
4279 15
4280 14
4281 13
4282 12
4283 11
4284 10
4285 9
4286 8
4287 7
4288 6
4289 5
4290 4
4291 3
4292 2
4293 1
4294 0
4295 -1
4296 -2
4297 -3
4298 -4
4299 -5
4300 -6
4301 -7
4302 -8
4303 -9
4304 -10
4305 -11
4306 -12
4307 -13
4308 -14
4309 -15
4310 -16
4311 -17
4312 -18
4313 -19
4314 -20
4315 -21
4316 -22
4317 -23
4318 -24
4319 -25
4320 -26
4321 -27
4322 -28
4323 -29
4324 -30
4325 -31
4326 -32
4327 -33
4328 -34
4329 -35
4330 -36
4331 -37
4332 -38
4333 -38
4334 -38
4335 -38
4336 -38
4337 -38
4338 -38
4339 -38
4340 -38
4341 -38
4342 -38
4343 -38
4344 -38
4345 -38
4346 -38
4347 -38
4348 -38
4349 -38
4350 -38
4351 -38
4352 -38
4353 -38
4354 -38
4355 -38
4356 -38
4357 -38
4358 -38
4359 -38
4360 -38
4361 -38
4362 -38
4363 -38
4364 -38
4365 -38
4366 -38
4367 -38
4368 -38
4369 -38
4370 -38
4371 -37
4372 -36
4373 -35
4374 -34
4375 -33
4376 -32
4377 -31
4378 -30
4379 -29
4380 -28
4381 -27
4382 -26
4383 -25
4384 -24
4385 -23
4386 -22
4387 -21
4388 -20
4389 -19
4390 -18
4391 -17
4392 -16
4393 -15
4394 -14
4395 -13
4396 -12
4397 -11
4398 -10
4399 -9
4400 -8
4401 -7
4402 -6
4403 -5
4404 -4
4405 -3
4406 -2
4407 -1
4408 0
4409 1
4410 2
4411 3
4412 4
4413 5
4414 6
4415 7
4416 8
4417 9
4418 10
4419 11
4420 12
4421 13
4422 14
4423 15
4424 16
4425 17
4426 18
4427 19
4428 20
4429 21
4430 22
4431 23
4432 24
4433 25
4434 26
4435 27
4436 28
4437 29
4438 30
4439 31
4440 32
4441 33
4442 34
4443 35
4444 36
4445 37
4446 38
4447 39
4448 39
4449 39
4450 39
4451 39
4452 39
4453 39
4454 39
4455 39
4456 39
4457 39
4458 39
4459 39
4460 39
4461 39
4462 39
4463 39
4464 39
4465 39
4466 39
4467 39
4468 39
4469 39
4470 39
4471 39
4472 39
4473 39
4474 39
4475 39
4476 39
4477 39
4478 39
4479 39
4480 39
4481 39
4482 39
4483 39
4484 39
4485 39
4486 38
4487 37
4488 36
4489 35
4490 34
4491 33
4492 32
4493 31
4494 30
4495 29
4496 28
4497 27
4498 26
4499 25
4500 24
4501 23
4502 22
4503 21
4504 20
4505 19
4506 18
4507 17
4508 16
4509 15
4510 14
4511 13
4512 12
4513 11
4514 10
4515 9
4516 8
4517 7
4518 6
4519 5
4520 4
4521 3
4522 2
4523 1
4524 0
4525 -1
4526 -2
4527 -3
4528 -4
4529 -5
4530 -6
4531 -7
4532 -8
4533 -9
4534 -10
4535 -11
4536 -12
4537 -13
4538 -14
4539 -15
4540 -16
4541 -17
4542 -18
4543 -19
4544 -20
4545 -21
4546 -22
4547 -23
4548 -24
4549 -25
4550 -26
4551 -27
4552 -28
4553 -29
4554 -30
4555 -31
4556 -32
4557 -33
4558 -34
4559 -35
4560 -36
4561 -37
4562 -38
4563 -39
4564 -39
4565 -39
4566 -39
4567 -39
4568 -39
4569 -39
4570 -39
4571 -39
4572 -39
4573 -39
4574 -39
4575 -39
4576 -39
4577 -39
4578 -39
4579 -39
4580 -39
4581 -39
4582 -39
4583 -39
4584 -39
4585 -39
4586 -39
4587 -39
4588 -39
4589 -39
4590 -39
4591 -39
4592 -39
4593 -39
4594 -39
4595 -39
4596 -39
4597 -39
4598 -39
4599 -39
4600 -39
4601 -39
4602 -39
4603 -38
4604 -37
4605 -36
4606 -35
4607 -34
4608 -33
4609 -32
4610 -31
4611 -30
4612 -29
4613 -28
4614 -27
4615 -26
4616 -25
4617 -24
4618 -23
4619 -22
4620 -21
4621 -20
4622 -19
4623 -18
4624 -17
4625 -16
4626 -15
4627 -14
4628 -13
4629 -12
4630 -11
4631 -10
4632 -9
4633 -8
4634 -7
4635 -6
4636 -5
4637 -4
4638 -3
4639 -2
4640 -1
4641 0
4642 1
4643 2
4644 3
4645 4
4646 5
4647 6
4648 7
4649 8
4650 9
4651 10
4652 11
4653 12
4654 13
4655 14
4656 15
4657 16
4658 17
4659 18
4660 19
4661 20
4662 21
4663 22
4664 23
4665 24
4666 25
4667 26
4668 27
4669 28
4670 29
4671 30
4672 31
4673 32
4674 33
4675 34
4676 35
4677 36
4678 37
4679 38
4680 39
4681 40
4682 40
4683 40
4684 40
4685 40
4686 40
4687 40
4688 40
4689 40
4690 40
4691 40
4692 40
4693 40
4694 40
4695 40
4696 40
4697 40
4698 40
4699 40
4700 40
4701 40
4702 40
4703 40
4704 40
4705 40
4706 40
4707 40
4708 40
4709 40
4710 40
4711 40
4712 40
4713 40
4714 40
4715 40
4716 40
4717 40
4718 40
4719 40
4720 40
4721 39
4722 38
4723 37
4724 36
4725 35
4726 34
4727 33
4728 32
4729 31
4730 30
4731 29
4732 28
4733 27
4734 26
4735 25
4736 24
4737 23
4738 22
4739 21
4740 20
4741 19
4742 18
4743 17
4744 16
4745 15
4746 14
4747 13
4748 12
4749 11
4750 10
4751 9
4752 8
4753 7
4754 6
4755 5
4756 4
4757 3
4758 2
4759 1
4760 0
4761 -1
4762 -2
4763 -3
4764 -4
4765 -5
4766 -6
4767 -7
4768 -8
4769 -9
4770 -10
4771 -11
4772 -12
4773 -13
4774 -14
4775 -15
4776 -16
4777 -17
4778 -18
4779 -19
4780 -20
4781 -21
4782 -22
4783 -23
4784 -24
4785 -25
4786 -26
4787 -27
4788 -28
4789 -29
4790 -30
4791 -31
4792 -32
4793 -33
4794 -34
4795 -35
4796 -36
4797 -37
4798 -38
4799 -39
4800 -40
4801 -40
4802 -40
4803 -40
4804 -40
4805 -40
4806 -40
4807 -40
4808 -40
4809 -40
4810 -40
4811 -40
4812 -40
4813 -40
4814 -40
4815 -40
4816 -40
4817 -40
4818 -40
4819 -40
4820 -40
4821 -40
4822 -40
4823 -40
4824 -40
4825 -40
4826 -40
4827 -40
4828 -40
4829 -40
4830 -40
4831 -40
4832 -40
4833 -40
4834 -40
4835 -40
4836 -40
4837 -40
4838 -40
4839 -40
4840 -40
4841 -39
4842 -38
4843 -37
4844 -36
4845 -35
4846 -34
4847 -33
4848 -32
4849 -31
4850 -30
4851 -29
4852 -28
4853 -27
4854 -26
4855 -25
4856 -24
4857 -23
4858 -22
4859 -21
4860 -20
4861 -19
4862 -18
4863 -17
4864 -16
4865 -15
4866 -14
4867 -13
4868 -12
4869 -11
4870 -10
4871 -9
4872 -8
4873 -7
4874 -6
4875 -5
4876 -4
4877 -3
4878 -2
4879 -1
4880 0
4881 1
4882 2
4883 3
4884 4
4885 5
4886 6
4887 7
4888 8
4889 9
4890 10
4891 11
4892 12
4893 13
4894 14
4895 15
4896 16
4897 17
4898 18
4899 19
4900 20
4901 21
4902 22
4903 23
4904 24
4905 25
4906 26
4907 27
4908 28
4909 29
4910 30
4911 31
4912 32
4913 33
4914 34
4915 35
4916 36
4917 37
4918 38
4919 39
4920 40
4921 41
4922 41
4923 41
4924 41
4925 41
4926 41
4927 41
4928 41
4929 41
4930 41
4931 41
4932 41
4933 41
4934 41
4935 41
4936 41
4937 41
4938 41
4939 41
4940 41
4941 41
4942 41
4943 41
4944 41
4945 41
4946 41
4947 41
4948 41
4949 41
4950 41
4951 41
4952 41
4953 41
4954 41
4955 41
4956 41
4957 41
4958 41
4959 41
4960 41
4961 41
4962 40
4963 39
4964 38
4965 37
4966 36
4967 35
4968 34
4969 33
4970 32
4971 31
4972 30
4973 29
4974 28
4975 27
4976 26
4977 25
4978 24
4979 23
4980 22
4981 21
4982 20
4983 19
4984 18
4985 17
4986 16
4987 15
4988 14
4989 13
4990 12
4991 11
4992 10
4993 9
4994 8
4995 7
4996 6
4997 5
4998 4
4999 3
5000 2
5001 1
5002 0
5003 -1
5004 -2
5005 -3
5006 -4
5007 -5
5008 -6
5009 -7
5010 -8
5011 -9
5012 -10
5013 -11
5014 -12
5015 -13
5016 -14
5017 -15
5018 -16
5019 -17
5020 -18
5021 -19
5022 -20
5023 -21
5024 -22
5025 -23
5026 -24
5027 -25
5028 -26
5029 -27
5030 -28
5031 -29
5032 -30
5033 -31
5034 -32
5035 -33
5036 -34
5037 -35
5038 -36
5039 -37
5040 -38
5041 -39
5042 -40
5043 -41
5044 -41
5045 -41
5046 -41
5047 -41
5048 -41
5049 -41
5050 -41
5051 -41
5052 -41
5053 -41
5054 -41
5055 -41
5056 -41
5057 -41
5058 -41
5059 -41
5060 -41
5061 -41
5062 -41
5063 -41
5064 -41
5065 -41
5066 -41
5067 -41
5068 -41
5069 -41
5070 -41
5071 -41
5072 -41
5073 -41
5074 -41
5075 -41
5076 -41
5077 -41
5078 -41
5079 -41
5080 -41
5081 -41
5082 -41
5083 -41
5084 -41
5085 -40
5086 -39
5087 -38
5088 -37
5089 -36
5090 -35
5091 -34
5092 -33
5093 -32
5094 -31
5095 -30
5096 -29
5097 -28
5098 -27
5099 -26
5100 -25
5101 -24
5102 -23
5103 -22
5104 -21
5105 -20
5106 -19
5107 -18
5108 -17
5109 -16
5110 -15
5111 -14
5112 -13
5113 -12
5114 -11
5115 -10
5116 -9
5117 -8
5118 -7
5119 -6
5120 -5
5121 -4
5122 -3
5123 -2
5124 -1
5125 0
5126 1
5127 2
5128 3
5129 4
5130 5
5131 6
5132 7
5133 8
5134 9
5135 10
5136 11
5137 12
5138 13
5139 14
5140 15
5141 16
5142 17
5143 18
5144 19
5145 20
5146 21
5147 22
5148 23
5149 24
5150 25
5151 26
5152 27
5153 28
5154 29
5155 30
5156 31
5157 32
5158 33
5159 34
5160 35
5161 36
5162 37
5163 38
5164 39
5165 40
5166 41
5167 42
5168 42
5169 42
5170 42
5171 42
5172 42
5173 42
5174 42
5175 42
5176 42
5177 42
5178 42
5179 42
5180 42
5181 42
5182 42
5183 42
5184 42
5185 42
5186 42
5187 42
5188 42
5189 42
5190 42
5191 42
5192 42
5193 42
5194 42
5195 42
5196 42
5197 42
5198 42
5199 42
5200 42
5201 42
5202 42
5203 42
5204 42
5205 42
5206 42
5207 42
5208 42
5209 41
5210 40
5211 39
5212 38
5213 37
5214 36
5215 35
5216 34
5217 33
5218 32
5219 31
5220 30
5221 29
5222 28
5223 27
5224 26
5225 25
5226 24
5227 23
5228 22
5229 21
5230 20
5231 19
5232 18
5233 17
5234 16
5235 15
5236 14
5237 13
5238 12
5239 11
5240 10
5241 9
5242 8
5243 7
5244 6
5245 5
5246 4
5247 3
5248 2
5249 1
5250 0
5251 -1
5252 -2
5253 -3
5254 -4
5255 -5
5256 -6
5257 -7
5258 -8
5259 -9
5260 -10
5261 -11
5262 -12
5263 -13
5264 -14
5265 -15
5266 -16
5267 -17
5268 -18
5269 -19
5270 -20
5271 -21
5272 -22
5273 -23
5274 -24
5275 -25
5276 -26
5277 -27
5278 -28
5279 -29
5280 -30
5281 -31
5282 -32
5283 -33
5284 -34
5285 -35
5286 -36
5287 -37
5288 -38
5289 -39
5290 -40
5291 -41
5292 -42
5293 -42
5294 -42
5295 -42
5296 -42
5297 -42
5298 -42
5299 -42
5300 -42
5301 -42
5302 -42
5303 -42
5304 -42
5305 -42
5306 -42
5307 -42
5308 -42
5309 -42
5310 -42
5311 -42
5312 -42
5313 -42
5314 -42
5315 -42
5316 -42
5317 -42
5318 -42
5319 -42
5320 -42
5321 -42
5322 -42
5323 -42
5324 -42
5325 -42
5326 -42
5327 -42
5328 -42
5329 -42
5330 -42
5331 -42
5332 -42
5333 -42
5334 -42
5335 -41
5336 -40
5337 -39
5338 -38
5339 -37
5340 -36
5341 -35
5342 -34
5343 -33
5344 -32
5345 -31
5346 -30
5347 -29
5348 -28
5349 -27
5350 -26
5351 -25
5352 -24
5353 -23
5354 -22
5355 -21
5356 -20
5357 -19
5358 -18
5359 -17
5360 -16
5361 -15
5362 -14
5363 -13
5364 -12
5365 -11
5366 -10
5367 -9
5368 -8
5369 -7
5370 -6
5371 -5
5372 -4
5373 -3
5374 -2
5375 -1
5376 0
5377 1
5378 2
5379 3
5380 4
5381 5
5382 6
5383 7
5384 8
5385 9
5386 10
5387 11
5388 12
5389 13
5390 14
5391 15
5392 16
5393 17
5394 18
5395 19
5396 20
5397 21
5398 22
5399 23
5400 24
5401 25
5402 26
5403 27
5404 28
5405 29
5406 30
5407 31
5408 32
5409 33
5410 34
5411 35
5412 36
5413 37
5414 38
5415 39
5416 40
5417 41
5418 42
5419 43
5420 43
5421 43
5422 43
5423 43
5424 43
5425 43
5426 43
5427 43
5428 43
5429 43
5430 43
5431 43
5432 43
5433 43
5434 43
5435 43
5436 43
5437 43
5438 43
5439 43
5440 43
5441 43
5442 43
5443 43
5444 43
5445 43
5446 43
5447 43
5448 43
5449 43
5450 43
5451 43
5452 43
5453 43
5454 43
5455 43
5456 43
5457 43
5458 43
5459 43
5460 43
5461 43
5462 42
5463 41
5464 40
5465 39
5466 38
5467 37
5468 36
5469 35
5470 34
5471 33
5472 32
5473 31
5474 30
5475 29
5476 28
5477 27
5478 26
5479 25
5480 24
5481 23
5482 22
5483 21
5484 20
5485 19
5486 18
5487 17
5488 16
5489 15
5490 14
5491 13
5492 12
5493 11
5494 10
5495 9
5496 8
5497 7
5498 6
5499 5
5500 4
5501 3
5502 2
5503 1
5504 0
5505 -1
5506 -2
5507 -3
5508 -4
5509 -5
5510 -6
5511 -7
5512 -8
5513 -9
5514 -10
5515 -11
5516 -12
5517 -13
5518 -14
5519 -15
5520 -16
5521 -17
5522 -18
5523 -19
5524 -20
5525 -21
5526 -22
5527 -23
5528 -24
5529 -25
5530 -26
5531 -27
5532 -28
5533 -29
5534 -30
5535 -31
5536 -32
5537 -33
5538 -34
5539 -35
5540 -36
5541 -37
5542 -38
5543 -39
5544 -40
5545 -41
5546 -42
5547 -43
5548 -43
5549 -43
5550 -43
5551 -43
5552 -43
5553 -43
5554 -43
5555 -43
5556 -43
5557 -43
5558 -43
5559 -43
5560 -43
5561 -43
5562 -43
5563 -43
5564 -43
5565 -43
5566 -43
5567 -43
5568 -43
5569 -43
5570 -43
5571 -43
5572 -43
5573 -43
5574 -43
5575 -43
5576 -43
5577 -43
5578 -43
5579 -43
5580 -43
5581 -43
5582 -43
5583 -43
5584 -43
5585 -43
5586 -43
5587 -43
5588 -43
5589 -43
5590 -43
5591 -42
5592 -41
5593 -40
5594 -39
5595 -38
5596 -37
5597 -36
5598 -35
5599 -34
5600 -33
5601 -32
5602 -31
5603 -30
5604 -29
5605 -28
5606 -27
5607 -26
5608 -25
5609 -24
5610 -23
5611 -22
5612 -21
5613 -20
5614 -19
5615 -18
5616 -17
5617 -16
5618 -15
5619 -14
5620 -13
5621 -12
5622 -11
5623 -10
5624 -9
5625 -8
5626 -7
5627 -6
5628 -5
5629 -4
5630 -3
5631 -2
5632 -1
5633 0
5634 1
5635 2
5636 3
5637 4
5638 5
5639 6
5640 7
5641 8
5642 9
5643 10
5644 11
5645 12
5646 13
5647 14
5648 15
5649 16
5650 17
5651 18
5652 19
5653 20
5654 21
5655 22
5656 23
5657 24
5658 25
5659 26
5660 27
5661 28
5662 29
5663 30
5664 31
5665 32
5666 33
5667 34
5668 35
5669 36
5670 37
5671 38
5672 39
5673 40
5674 41
5675 42
5676 43
5677 44
5678 44
5679 44
5680 44
5681 44
5682 44
5683 44
5684 44
5685 44
5686 44
5687 44
5688 44
5689 44
5690 44
5691 44
5692 44
5693 44
5694 44
5695 44
5696 44
5697 44
5698 44
5699 44
5700 44
5701 44
5702 44
5703 44
5704 44
5705 44
5706 44
5707 44
5708 44
5709 44
5710 44
5711 44
5712 44
5713 44
5714 44
5715 44
5716 44
5717 44
5718 44
5719 44
5720 44
5721 43
5722 42
5723 41
5724 40
5725 39
5726 38
5727 37
5728 36
5729 35
5730 34
5731 33
5732 32
5733 31
5734 30
5735 29
5736 28
5737 27
5738 26
5739 25
5740 24
5741 23
5742 22
5743 21
5744 20
5745 19
5746 18
5747 17
5748 16
5749 15
5750 14
5751 13
5752 12
5753 11
5754 10
5755 9
5756 8
5757 7
5758 6
5759 5
5760 4
5761 3
5762 2
5763 1
5764 0
5765 -1
5766 -2
5767 -3
5768 -4
5769 -5
5770 -6
5771 -7
5772 -8
5773 -9
5774 -10
5775 -11
5776 -12
5777 -13
5778 -14
5779 -15
5780 -16
5781 -17
5782 -18
5783 -19
5784 -20
5785 -21
5786 -22
5787 -23
5788 -24
5789 -25
5790 -26
5791 -27
5792 -28
5793 -29
5794 -30
5795 -31
5796 -32
5797 -33
5798 -34
5799 -35
5800 -36
5801 -37
5802 -38
5803 -39
5804 -40
5805 -41
5806 -42
5807 -43
5808 -44
5809 -44
5810 -44
5811 -44
5812 -44
5813 -44
5814 -44
5815 -44
5816 -44
5817 -44
5818 -44
5819 -44
5820 -44
5821 -44
5822 -44
5823 -44
5824 -44
5825 -44
5826 -44
5827 -44
5828 -44
5829 -44
5830 -44
5831 -44
5832 -44
5833 -44
5834 -44
5835 -44
5836 -44
5837 -44
5838 -44
5839 -44
5840 -44
5841 -44
5842 -44
5843 -44
5844 -44
5845 -44
5846 -44
5847 -44
5848 -44
5849 -44
5850 -44
5851 -44
5852 -44
5853 -43
5854 -42
5855 -41
5856 -40
5857 -39
5858 -38
5859 -37
5860 -36
5861 -35
5862 -34
5863 -33
5864 -32
5865 -31
5866 -30
5867 -29
5868 -28
5869 -27
5870 -26
5871 -25
5872 -24
5873 -23
5874 -22
5875 -21
5876 -20
5877 -19
5878 -18
5879 -17
5880 -16
5881 -15
5882 -14
5883 -13
5884 -12
5885 -11
5886 -10
5887 -9
5888 -8
5889 -7
5890 -6
5891 -5
5892 -4
5893 -3
5894 -2
5895 -1
5896 0
5897 1
5898 2
5899 3
5900 4
5901 5
5902 6
5903 7
5904 8
5905 9
5906 10
5907 11
5908 12
5909 13
5910 14
5911 15
5912 16
5913 17
5914 18
5915 19
5916 20
5917 21
5918 22
5919 23
5920 24
5921 25
5922 26
5923 27
5924 28
5925 29
5926 30
5927 31
5928 32
5929 33
5930 34
5931 35
5932 36
5933 37
5934 38
5935 39
5936 40
5937 41
5938 42
5939 43
5940 44
5941 45
5942 45
5943 45
5944 45
5945 45
5946 45
5947 45
5948 45
5949 45
5950 45
5951 45
5952 45
5953 45
5954 45
5955 45
5956 45
5957 45
5958 45
5959 45
5960 45
5961 45
5962 45
5963 45
5964 45
5965 45
5966 45
5967 45
5968 45
5969 45
5970 45
5971 45
5972 45
5973 45
5974 45
5975 45
5976 45
5977 45
5978 45
5979 45
5980 45
5981 45
5982 45
5983 45
5984 45
5985 45
5986 44
5987 43
5988 42
5989 41
5990 40
5991 39
5992 38
5993 37
5994 36
5995 35
5996 34
5997 33
5998 32
5999 31
6000 30
6001 29
6002 28
6003 27
6004 26
6005 25
6006 24
6007 23
6008 22
6009 21
6010 20
6011 19
6012 18
6013 17
6014 16
6015 15
6016 14
6017 13
6018 12
6019 11
6020 10
6021 9
6022 8
6023 7
6024 6
6025 5
6026 4
6027 3
6028 2
6029 1
6030 0
6031 -1
6032 -2
6033 -3
6034 -4
6035 -5
6036 -6
6037 -7
6038 -8
6039 -9
6040 -10
6041 -11
6042 -12
6043 -13
6044 -14
6045 -15
6046 -16
6047 -17
6048 -18
6049 -19
6050 -20
6051 -21
6052 -22
6053 -23
6054 -24
6055 -25
6056 -26
6057 -27
6058 -28
6059 -29
6060 -30
6061 -31
6062 -32
6063 -33
6064 -34
6065 -35
6066 -36
6067 -37
6068 -38
6069 -39
6070 -40
6071 -41
6072 -42
6073 -43
6074 -44
6075 -45
6076 -45
6077 -45
6078 -45
6079 -45
6080 -45
6081 -45
6082 -45
6083 -45
6084 -45
6085 -45
6086 -45
6087 -45
6088 -45
6089 -45
6090 -45
6091 -45
6092 -45
6093 -45
6094 -45
6095 -45
6096 -45
6097 -45
6098 -45
6099 -45
6100 -45
6101 -45
6102 -45
6103 -45
6104 -45
6105 -45
6106 -45
6107 -45
6108 -45
6109 -45
6110 -45
6111 -45
6112 -45
6113 -45
6114 -45
6115 -45
6116 -45
6117 -45
6118 -45
6119 -45
6120 -45
6121 -44
6122 -43
6123 -42
6124 -41
6125 -40
6126 -39
6127 -38
6128 -37
6129 -36
6130 -35
6131 -34
6132 -33
6133 -32
6134 -31
6135 -30
6136 -29
6137 -28
6138 -27
6139 -26
6140 -25
6141 -24
6142 -23
6143 -22
6144 -21
6145 -20
6146 -19
6147 -18
6148 -17
6149 -16
6150 -15
6151 -14
6152 -13
6153 -12
6154 -11
6155 -10
6156 -9
6157 -8
6158 -7
6159 -6
6160 -5
6161 -4
6162 -3
6163 -2
6164 -1
6165 0
6166 1
6167 2
6168 3
6169 4
6170 5
6171 6
6172 7
6173 8
6174 9
6175 10
6176 11
6177 12
6178 13
6179 14
6180 15
6181 16
6182 17
6183 18
6184 19
6185 20
6186 21
6187 22
6188 23
6189 24
6190 25
6191 26
6192 27
6193 28
6194 29
6195 30
6196 31
6197 32
6198 33
6199 34
6200 35
6201 36
6202 37
6203 38
6204 39
6205 40
6206 41
6207 42
6208 43
6209 44
6210 45
6211 46
6212 46
6213 46
6214 46
6215 46
6216 46
6217 46
6218 46
6219 46
6220 46
6221 46
6222 46
6223 46
6224 46
6225 46
6226 46
6227 46
6228 46
6229 46
6230 46
6231 46
6232 46
6233 46
6234 46
6235 46
6236 46
6237 46
6238 46
6239 46
6240 46
6241 46
6242 46
6243 46
6244 46
6245 46
6246 46
6247 46
6248 46
6249 46
6250 46
6251 46
6252 46
6253 46
6254 46
6255 46
6256 46
6257 45
6258 44
6259 43
6260 42
6261 41
6262 40
6263 39
6264 38
6265 37
6266 36
6267 35
6268 34
6269 33
6270 32
6271 31
6272 30
6273 29
6274 28
6275 27
6276 26
6277 25
6278 24
6279 23
6280 22
6281 21
6282 20
6283 19
6284 18
6285 17
6286 16
6287 15
6288 14
6289 13
6290 12
6291 11
6292 10
6293 9
6294 8
6295 7
6296 6
6297 5
6298 4
6299 3
6300 2
6301 1
6302 0
6303 -1
6304 -2
6305 -3
6306 -4
6307 -5
6308 -6
6309 -7
6310 -8
6311 -9
6312 -10
6313 -11
6314 -12
6315 -13
6316 -14
6317 -15
6318 -16
6319 -17
6320 -18
6321 -19
6322 -20
6323 -21
6324 -22
6325 -23
6326 -24
6327 -25
6328 -26
6329 -27
6330 -28
6331 -29
6332 -30
6333 -31
6334 -32
6335 -33
6336 -34
6337 -35
6338 -36
6339 -37
6340 -38
6341 -39
6342 -40
6343 -41
6344 -42
6345 -43
6346 -44
6347 -45
6348 -46
6349 -46
6350 -46
6351 -46
6352 -46
6353 -46
6354 -46
6355 -46
6356 -46
6357 -46
6358 -46
6359 -46
6360 -46
6361 -46
6362 -46
6363 -46
6364 -46
6365 -46
6366 -46
6367 -46
6368 -46
6369 -46
6370 -46
6371 -46
6372 -46
6373 -46
6374 -46
6375 -46
6376 -46
6377 -46
6378 -46
6379 -46
6380 -46
6381 -46
6382 -46
6383 -46
6384 -46
6385 -46
6386 -46
6387 -46
6388 -46
6389 -46
6390 -46
6391 -46
6392 -46
6393 -46
6394 -46
6395 -45
6396 -44
6397 -43
6398 -42
6399 -41
6400 -40
6401 -39
6402 -38
6403 -37
6404 -36
6405 -35
6406 -34
6407 -33
6408 -32
6409 -31
6410 -30
6411 -29
6412 -28
6413 -27
6414 -26
6415 -25
6416 -24
6417 -23
6418 -22
6419 -21
6420 -20
6421 -19
6422 -18
6423 -17
6424 -16
6425 -15
6426 -14
6427 -13
6428 -12
6429 -11
6430 -10
6431 -9
6432 -8
6433 -7
6434 -6
6435 -5
6436 -4
6437 -3
6438 -2
6439 -1
6440 0
6441 1
6442 2
6443 3
6444 4
6445 5
6446 6
6447 7
6448 8
6449 9
6450 10
6451 11
6452 12
6453 13
6454 14
6455 15
6456 16
6457 17
6458 18
6459 19
6460 20
6461 21
6462 22
6463 23
6464 24
6465 25
6466 26
6467 27
6468 28
6469 29
6470 30
6471 31
6472 32
6473 33
6474 34
6475 35
6476 36
6477 37
6478 38
6479 39
6480 40
6481 41
6482 42
6483 43
6484 44
6485 45
6486 46
6487 47
6488 47
6489 47
6490 47
6491 47
6492 47
6493 47
6494 47
6495 47
6496 47
6497 47
6498 47
6499 47
6500 47
6501 47
6502 47
6503 47
6504 47
6505 47
6506 47
6507 47
6508 47
6509 47
6510 47
6511 47
6512 47
6513 47
6514 47
6515 47
6516 47
6517 47
6518 47
6519 47
6520 47
6521 47
6522 47
6523 47
6524 47
6525 47
6526 47
6527 47
6528 47
6529 47
6530 47
6531 47
6532 47
6533 47
6534 46
6535 45
6536 44
6537 43
6538 42
6539 41
6540 40
6541 39
6542 38
6543 37
6544 36
6545 35
6546 34
6547 33
6548 32
6549 31
6550 30
6551 29
6552 28
6553 27
6554 26
6555 25
6556 24
6557 23
6558 22
6559 21
6560 20
6561 19
6562 18
6563 17
6564 16
6565 15
6566 14
6567 13
6568 12
6569 11
6570 10
6571 9
6572 8
6573 7
6574 6
6575 5
6576 4
6577 3
6578 2
6579 1
6580 0
6581 -1
6582 -2
6583 -3
6584 -4
6585 -5
6586 -6
6587 -7
6588 -8
6589 -9
6590 -10
6591 -11
6592 -12
6593 -13
6594 -14
6595 -15
6596 -16
6597 -17
6598 -18
6599 -19
6600 -20
6601 -21
6602 -22
6603 -23
6604 -24
6605 -25
6606 -26
6607 -27
6608 -28
6609 -29
6610 -30
6611 -31
6612 -32
6613 -33
6614 -34
6615 -35
6616 -36
6617 -37
6618 -38
6619 -39
6620 -40
6621 -41
6622 -42
6623 -43
6624 -44
6625 -45
6626 -46
6627 -47
6628 -47
6629 -47
6630 -47
6631 -47
6632 -47
6633 -47
6634 -47
6635 -47
6636 -47
6637 -47
6638 -47
6639 -47
6640 -47
6641 -47
6642 -47
6643 -47
6644 -47
6645 -47
6646 -47
6647 -47
6648 -47
6649 -47
6650 -47
6651 -47
6652 -47
6653 -47
6654 -47
6655 -47
6656 -47
6657 -47
6658 -47
6659 -47
6660 -47
6661 -47
6662 -47
6663 -47
6664 -47
6665 -47
6666 -47
6667 -47
6668 -47
6669 -47
6670 -47
6671 -47
6672 -47
6673 -47
6674 -47
6675 -46
6676 -45
6677 -44
6678 -43
6679 -42
6680 -41
6681 -40
6682 -39
6683 -38
6684 -37
6685 -36
6686 -35
6687 -34
6688 -33
6689 -32
6690 -31
6691 -30
6692 -29
6693 -28
6694 -27
6695 -26
6696 -25
6697 -24
6698 -23
6699 -22
6700 -21
6701 -20
6702 -19
6703 -18
6704 -17
6705 -16
6706 -15
6707 -14
6708 -13
6709 -12
6710 -11
6711 -10
6712 -9
6713 -8
6714 -7
6715 -6
6716 -5
6717 -4
6718 -3
6719 -2
6720 -1
6721 0
6722 1
6723 2
6724 3
6725 4
6726 5
6727 6
6728 7
6729 8
6730 9
6731 10
6732 11
6733 12
6734 13
6735 14
6736 15
6737 16
6738 17
6739 18
6740 19
6741 20
6742 21
6743 22
6744 23
6745 24
6746 25
6747 26
6748 27
6749 28
6750 29
6751 30
6752 31
6753 32
6754 33
6755 34
6756 35
6757 36
6758 37
6759 38
6760 39
6761 40
6762 41
6763 42
6764 43
6765 44
6766 45
6767 46
6768 47
6769 48
6770 48
6771 48
6772 48
6773 48
6774 48
6775 48
6776 48
6777 48
6778 48
6779 48
6780 48
6781 48
6782 48
6783 48
6784 48
6785 48
6786 48
6787 48
6788 48
6789 48
6790 48
6791 48
6792 48
6793 48
6794 48
6795 48
6796 48
6797 48
6798 48
6799 48
6800 48
6801 48
6802 48
6803 48
6804 48
6805 48
6806 48
6807 48
6808 48
6809 48
6810 48
6811 48
6812 48
6813 48
6814 48
6815 48
6816 48
6817 47
6818 46
6819 45
6820 44
6821 43
6822 42
6823 41
6824 40
6825 39
6826 38
6827 37
6828 36
6829 35
6830 34
6831 33
6832 32
6833 31
6834 30
6835 29
6836 28
6837 27
6838 26
6839 25
6840 24
6841 23
6842 22
6843 21
6844 20
6845 19
6846 18
6847 17
6848 16
6849 15
6850 14
6851 13
6852 12
6853 11
6854 10
6855 9
6856 8
6857 7
6858 6
6859 5
6860 4
6861 3
6862 2
6863 1
6864 0
6865 -1
6866 -2
6867 -3
6868 -4
6869 -5
6870 -6
6871 -7
6872 -8
6873 -9
6874 -10
6875 -11
6876 -12
6877 -13
6878 -14
6879 -15
6880 -16
6881 -17
6882 -18
6883 -19
6884 -20
6885 -21
6886 -22
6887 -23
6888 -24
6889 -25
6890 -26
6891 -27
6892 -28
6893 -29
6894 -30
6895 -31
6896 -32
6897 -33
6898 -34
6899 -35
6900 -36
6901 -37
6902 -38
6903 -39
6904 -40
6905 -41
6906 -42
6907 -43
6908 -44
6909 -45
6910 -46
6911 -47
6912 -48
6913 -48
6914 -48
6915 -48
6916 -48
6917 -48
6918 -48
6919 -48
6920 -48
6921 -48
6922 -48
6923 -48
6924 -48
6925 -48
6926 -48
6927 -48
6928 -48
6929 -48
6930 -48
6931 -48
6932 -48
6933 -48
6934 -48
6935 -48
6936 -48
6937 -48
6938 -48
6939 -48
6940 -48
6941 -48
6942 -48
6943 -48
6944 -48
6945 -48
6946 -48
6947 -48
6948 -48
6949 -48
6950 -48
6951 -48
6952 -48
6953 -48
6954 -48
6955 -48
6956 -48
6957 -48
6958 -48
6959 -48
6960 -48
6961 -47
6962 -46
6963 -45
6964 -44
6965 -43
6966 -42
6967 -41
6968 -40
6969 -39
6970 -38
6971 -37
6972 -36
6973 -35
6974 -34
6975 -33
6976 -32
6977 -31
6978 -30
6979 -29
6980 -28
6981 -27
6982 -26
6983 -25
6984 -24
6985 -23
6986 -22
6987 -21
6988 -20
6989 -19
6990 -18
6991 -17
6992 -16
6993 -15
6994 -14
6995 -13
6996 -12
6997 -11
6998 -10
6999 -9
7000 -8
7001 -7
7002 -6
7003 -5
7004 -4
7005 -3
7006 -2
7007 -1
7008 0
7009 1
7010 2
7011 3
7012 4
7013 5
7014 6
7015 7
7016 8
7017 9
7018 10
7019 11
7020 12
7021 13
7022 14
7023 15
7024 16
7025 17
7026 18
7027 19
7028 20
7029 21
7030 22
7031 23
7032 24
7033 25
7034 26
7035 27
7036 28
7037 29
7038 30
7039 31
7040 32
7041 33
7042 34
7043 35
7044 36
7045 37
7046 38
7047 39
7048 40
7049 41
7050 42
7051 43
7052 44
7053 45
7054 46
7055 47
7056 48
7057 49
7058 49
7059 49
7060 49
7061 49
7062 49
7063 49
7064 49
7065 49
7066 49
7067 49
7068 49
7069 49
7070 49
7071 49
7072 49
7073 49
7074 49
7075 49
7076 49
7077 49
7078 49
7079 49
7080 49
7081 49
7082 49
7083 49
7084 49
7085 49
7086 49
7087 49
7088 49
7089 49
7090 49
7091 49
7092 49
7093 49
7094 49
7095 49
7096 49
7097 49
7098 49
7099 49
7100 49
7101 49
7102 49
7103 49
7104 49
7105 49
7106 48
7107 47
7108 46
7109 45
7110 44
7111 43
7112 42
7113 41
7114 40
7115 39
7116 38
7117 37
7118 36
7119 35
7120 34
7121 33
7122 32
7123 31
7124 30
7125 29
7126 28
7127 27
7128 26
7129 25
7130 24
7131 23
7132 22
7133 21
7134 20
7135 19
7136 18
7137 17
7138 16
7139 15
7140 14
7141 13
7142 12
7143 11
7144 10
7145 9
7146 8
7147 7
7148 6
7149 5
7150 4
7151 3
7152 2
7153 1
7154 0
7155 -1
7156 -2
7157 -3
7158 -4
7159 -5
7160 -6
7161 -7
7162 -8
7163 -9
7164 -10
7165 -11
7166 -12
7167 -13
7168 -14
7169 -15
7170 -16
7171 -17
7172 -18
7173 -19
7174 -20
7175 -21
7176 -22
7177 -23
7178 -24
7179 -25
7180 -26
7181 -27
7182 -28
7183 -29
7184 -30
7185 -31
7186 -32
7187 -33
7188 -34
7189 -35
7190 -36
7191 -37
7192 -38
7193 -39
7194 -40
7195 -41
7196 -42
7197 -43
7198 -44
7199 -45
7200 -46
7201 -47
7202 -48
7203 -49
7204 -49
7205 -49
7206 -49
7207 -49
7208 -49
7209 -49
7210 -49
7211 -49
7212 -49
7213 -49
7214 -49
7215 -49
7216 -49
7217 -49
7218 -49
7219 -49
7220 -49
7221 -49
7222 -49
7223 -49
7224 -49
7225 -49
7226 -49
7227 -49
7228 -49
7229 -49
7230 -49
7231 -49
7232 -49
7233 -49
7234 -49
7235 -49
7236 -49
7237 -49
7238 -49
7239 -49
7240 -49
7241 -49
7242 -49
7243 -49
7244 -49
7245 -49
7246 -49
7247 -49
7248 -49
7249 -49
7250 -49
7251 -49
7252 -49
7253 -48
7254 -47
7255 -46
7256 -45
7257 -44
7258 -43
7259 -42
7260 -41
7261 -40
7262 -39
7263 -38
7264 -37
7265 -36
7266 -35
7267 -34
7268 -33
7269 -32
7270 -31
7271 -30
7272 -29
7273 -28
7274 -27
7275 -26
7276 -25
7277 -24
7278 -23
7279 -22
7280 -21
7281 -20
7282 -19
7283 -18
7284 -17
7285 -16
7286 -15
7287 -14
7288 -13
7289 -12
7290 -11
7291 -10
7292 -9
7293 -8
7294 -7
7295 -6
7296 -5
7297 -4
7298 -3
7299 -2
7300 -1
7301 0
7302 1
7303 2
7304 3
7305 4
7306 5
7307 6
7308 7
7309 8
7310 9
7311 10
7312 11
7313 12
7314 13
7315 14
7316 15
7317 16
7318 17
7319 18
7320 19
7321 20
7322 21
7323 22
7324 23
7325 24
7326 25
7327 26
7328 27
7329 28
7330 29
7331 30
7332 31
7333 32
7334 33
7335 34
7336 35
7337 36
7338 37
7339 38
7340 39
7341 40
7342 41
7343 42
7344 43
7345 44
7346 45
7347 46
7348 47
7349 48
7350 49
7351 50
7352 50
7353 50
7354 50
7355 50
7356 50
7357 50
7358 50
7359 50
7360 50
7361 50
7362 50
7363 50
7364 50
7365 50
7366 50
7367 50
7368 50
7369 50
7370 50
7371 50
7372 50
7373 50
7374 50
7375 50
7376 50
7377 50
7378 50
7379 50
7380 50
7381 50
7382 50
7383 50
7384 50
7385 50
7386 50
7387 50
7388 50
7389 50
7390 50
7391 50
7392 50
7393 50
7394 50
7395 50
7396 50
7397 50
7398 50
7399 50
7400 50
7401 49
7402 48
7403 47
7404 46
7405 45
7406 44
7407 43
7408 42
7409 41
7410 40
7411 39
7412 38
7413 37
7414 36
7415 35
7416 34
7417 33
7418 32
7419 31
7420 30
7421 29
7422 28
7423 27
7424 26
7425 25
7426 24
7427 23
7428 22
7429 21
7430 20
7431 19
7432 18
7433 17
7434 16
7435 15
7436 14
7437 13
7438 12
7439 11
7440 10
7441 9
7442 8
7443 7
7444 6
7445 5
7446 4
7447 3
7448 2
7449 1
7450 0
7451 -1
7452 -2
7453 -3
7454 -4
7455 -5
7456 -6
7457 -7
7458 -8
7459 -9
7460 -10
7461 -11
7462 -12
7463 -13
7464 -14
7465 -15
7466 -16
7467 -17
7468 -18
7469 -19
7470 -20
7471 -21
7472 -22
7473 -23
7474 -24
7475 -25
7476 -26
7477 -27
7478 -28
7479 -29
7480 -30
7481 -31
7482 -32
7483 -33
7484 -34
7485 -35
7486 -36
7487 -37
7488 -38
7489 -39
7490 -40
7491 -41
7492 -42
7493 -43
7494 -44
7495 -45
7496 -46
7497 -47
7498 -48
7499 -49
7500 -50
7501 -50
7502 -50
7503 -50
7504 -50
7505 -50
7506 -50
7507 -50
7508 -50
7509 -50
7510 -50
7511 -50
7512 -50
7513 -50
7514 -50
7515 -50
7516 -50
7517 -50
7518 -50
7519 -50
7520 -50
7521 -50
7522 -50
7523 -50
7524 -50
7525 -50
7526 -50
7527 -50
7528 -50
7529 -50
7530 -50
7531 -50
7532 -50
7533 -50
7534 -50
7535 -50
7536 -50
7537 -50
7538 -50
7539 -50
7540 -50
7541 -50
7542 -50
7543 -50
7544 -50
7545 -50
7546 -50
7547 -50
7548 -50
7549 -50
7550 -50
7551 -49
7552 -48
7553 -47
7554 -46
7555 -45
7556 -44
7557 -43
7558 -42
7559 -41
7560 -40
7561 -39
7562 -38
7563 -37
7564 -36
7565 -35
7566 -34
7567 -33
7568 -32
7569 -31
7570 -30
7571 -29
7572 -28
7573 -27
7574 -26
7575 -25
7576 -24
7577 -23
7578 -22
7579 -21
7580 -20
7581 -19
7582 -18
7583 -17
7584 -16
7585 -15
7586 -14
7587 -13
7588 -12
7589 -11
7590 -10
7591 -9
7592 -8
7593 -7
7594 -6
7595 -5
7596 -4
7597 -3
7598 -2
7599 -1
7600 0
7601 1
7602 2
7603 3
7604 4
7605 5
7606 6
7607 7
7608 8
7609 9
7610 10
7611 11
7612 12
7613 13
7614 14
7615 15
7616 16
7617 17
7618 18
7619 19
7620 20
7621 21
7622 22
7623 23
7624 24
7625 25
7626 26
7627 27
7628 28
7629 29
7630 30
7631 31
7632 32
7633 33
7634 34
7635 35
7636 36
7637 37
7638 38
7639 39
7640 40
7641 41
7642 42
7643 43
7644 44
7645 45
7646 46
7647 47
7648 48
7649 49
7650 50
7651 51
7652 51
7653 51
7654 51
7655 51
7656 51
7657 51
7658 51
7659 51
7660 51
7661 51
7662 51
7663 51
7664 51
7665 51
7666 51
7667 51
7668 51
7669 51
7670 51
7671 51
7672 51
7673 51
7674 51
7675 51
7676 51
7677 51
7678 51
7679 51
7680 51
7681 51
7682 51
7683 51
7684 51
7685 51
7686 51
7687 51
7688 51
7689 51
7690 51
7691 51
7692 51
7693 51
7694 51
7695 51
7696 51
7697 51
7698 51
7699 51
7700 51
7701 51
7702 50
7703 49
7704 48
7705 47
7706 46
7707 45
7708 44
7709 43
7710 42
7711 41
7712 40
7713 39
7714 38
7715 37
7716 36
7717 35
7718 34
7719 33
7720 32
7721 31
7722 30
7723 29
7724 28
7725 27
7726 26
7727 25
7728 24
7729 23
7730 22
7731 21
7732 20
7733 19
7734 18
7735 17
7736 16
7737 15
7738 14
7739 13
7740 12
7741 11
7742 10
7743 9
7744 8
7745 7
7746 6
7747 5
7748 4
7749 3
7750 2
7751 1
7752 0
7753 -1
7754 -2
7755 -3
7756 -4
7757 -5
7758 -6
7759 -7
7760 -8
7761 -9
7762 -10
7763 -11
7764 -12
7765 -13
7766 -14
7767 -15
7768 -16
7769 -17
7770 -18
7771 -19
7772 -20
7773 -21
7774 -22
7775 -23
7776 -24
7777 -25
7778 -26
7779 -27
7780 -28
7781 -29
7782 -30
7783 -31
7784 -32
7785 -33
7786 -34
7787 -35
7788 -36
7789 -37
7790 -38
7791 -39
7792 -40
7793 -41
7794 -42
7795 -43
7796 -44
7797 -45
7798 -46
7799 -47
7800 -48
7801 -49
7802 -50
7803 -51
7804 -51
7805 -51
7806 -51
7807 -51
7808 -51
7809 -51
7810 -51
7811 -51
7812 -51
7813 -51
7814 -51
7815 -51
7816 -51
7817 -51
7818 -51
7819 -51
7820 -51
7821 -51
7822 -51
7823 -51
7824 -51
7825 -51
7826 -51
7827 -51
7828 -51
7829 -51
7830 -51
7831 -51
7832 -51
7833 -51
7834 -51
7835 -51
7836 -51
7837 -51
7838 -51
7839 -51
7840 -51
7841 -51
7842 -51
7843 -51
7844 -51
7845 -51
7846 -51
7847 -51
7848 -51
7849 -51
7850 -51
7851 -51
7852 -51
7853 -51
7854 -51
7855 -50
7856 -49
7857 -48
7858 -47
7859 -46
7860 -45
7861 -44
7862 -43
7863 -42
7864 -41
7865 -40
7866 -39
7867 -38
7868 -37
7869 -36
7870 -35
7871 -34
7872 -33
7873 -32
7874 -31
7875 -30
7876 -29
7877 -28
7878 -27
7879 -26
7880 -25
7881 -24
7882 -23
7883 -22
7884 -21
7885 -20
7886 -19
7887 -18
7888 -17
7889 -16
7890 -15
7891 -14
7892 -13
7893 -12
7894 -11
7895 -10
7896 -9
7897 -8
7898 -7
7899 -6
7900 -5
7901 -4
7902 -3
7903 -2
7904 -1
7905 0
7906 1
7907 2
7908 3
7909 4
7910 5
7911 6
7912 7
7913 8
7914 9
7915 10
7916 11
7917 12
7918 13
7919 14
7920 15
7921 16
7922 17
7923 18
7924 19
7925 20
7926 21
7927 22
7928 23
7929 24
7930 25
7931 26
7932 27
7933 28
7934 29
7935 30
7936 31
7937 32
7938 33
7939 34
7940 35
7941 36
7942 37
7943 38
7944 39
7945 40
7946 41
7947 42
7948 43
7949 44
7950 45
7951 46
7952 47
7953 48
7954 49
7955 50
7956 51
7957 52
7958 52
7959 52
7960 52
7961 52
7962 52
7963 52
7964 52
7965 52
7966 52
7967 52
7968 52
7969 52
7970 52
7971 52
7972 52
7973 52
7974 52
7975 52
7976 52
7977 52
7978 52
7979 52
7980 52
7981 52
7982 52
7983 52
7984 52
7985 52
7986 52
7987 52
7988 52
7989 52
7990 52
7991 52
7992 52
7993 52
7994 52
7995 52
7996 52
7997 52
7998 52
7999 52
8000 52
8001 52
8002 52
8003 52
8004 52
8005 52
8006 52
8007 52
8008 52
8009 51
8010 50
8011 49
8012 48
8013 47
8014 46
8015 45
8016 44
8017 43
8018 42
8019 41
8020 40
8021 39
8022 38
8023 37
8024 36
8025 35
8026 34
8027 33
8028 32
8029 31
8030 30
8031 29
8032 28
8033 27
8034 26
8035 25
8036 24
8037 23
8038 22
8039 21
8040 20
8041 19
8042 18
8043 17
8044 16
8045 15
8046 14
8047 13
8048 12
8049 11
8050 10
8051 9
8052 8
8053 7
8054 6
8055 5
8056 4
8057 3
8058 2
8059 1
8060 0
8061 -1
8062 -2
8063 -3
8064 -4
8065 -5
8066 -6
8067 -7
8068 -8
8069 -9
8070 -10
8071 -11
8072 -12
8073 -13
8074 -14
8075 -15
8076 -16
8077 -17
8078 -18
8079 -19
8080 -20
8081 -21
8082 -22
8083 -23
8084 -24
8085 -25
8086 -26
8087 -27
8088 -28
8089 -29
8090 -30
8091 -31
8092 -32
8093 -33
8094 -34
8095 -35
8096 -36
8097 -37
8098 -38
8099 -39
8100 -40
8101 -41
8102 -42
8103 -43
8104 -44
8105 -45
8106 -46
8107 -47
8108 -48
8109 -49
8110 -50
8111 -51
8112 -52
8113 -52
8114 -52
8115 -52
8116 -52
8117 -52
8118 -52
8119 -52
8120 -52
8121 -52
8122 -52
8123 -52
8124 -52
8125 -52
8126 -52
8127 -52
8128 -52
8129 -52
8130 -52
8131 -52
8132 -52
8133 -52
8134 -52
8135 -52
8136 -52
8137 -52
8138 -52
8139 -52
8140 -52
8141 -52
8142 -52
8143 -52
8144 -52
8145 -52
8146 -52
8147 -52
8148 -52
8149 -52
8150 -52
8151 -52
8152 -52
8153 -52
8154 -52
8155 -52
8156 -52
8157 -52
8158 -52
8159 -52
8160 -52
8161 -52
8162 -52
8163 -52
8164 -52
8165 -51
8166 -50
8167 -49
8168 -48
8169 -47
8170 -46
8171 -45
8172 -44
8173 -43
8174 -42
8175 -41
8176 -40
8177 -39
8178 -38
8179 -37
8180 -36
8181 -35
8182 -34
8183 -33
8184 -32
8185 -31
8186 -30
8187 -29
8188 -28
8189 -27
8190 -26
8191 -25
8192 -24
8193 -23
8194 -22
8195 -21
8196 -20
8197 -19
8198 -18
8199 -17
8200 -16
8201 -15
8202 -14
8203 -13
8204 -12
8205 -11
8206 -10
8207 -9
8208 -8
8209 -7
8210 -6
8211 -5
8212 -4
8213 -3
8214 -2
8215 -1
8216 0
8217 1
8218 2
8219 3
8220 4
8221 5
8222 6
8223 7
8224 8
8225 9
8226 10
8227 11
8228 12
8229 13
8230 14
8231 15
8232 16
8233 17
8234 18
8235 19
8236 20
8237 21
8238 22
8239 23
8240 24
8241 25
8242 26
8243 27
8244 28
8245 29
8246 30
8247 31
8248 32
8249 33
8250 34
8251 35
8252 36
8253 37
8254 38
8255 39
8256 40
8257 41
8258 42
8259 43
8260 44
8261 45
8262 46
8263 47
8264 48
8265 49
8266 50
8267 51
8268 52
8269 53
8270 53
8271 53
8272 53
8273 53
8274 53
8275 53
8276 53
8277 53
8278 53
8279 53
8280 53
8281 53
8282 53
8283 53
8284 53
8285 53
8286 53
8287 53
8288 53
8289 53
8290 53
8291 53
8292 53
8293 53
8294 53
8295 53
8296 53
8297 53
8298 53
8299 53
8300 53
8301 53
8302 53
8303 53
8304 53
8305 53
8306 53
8307 53
8308 53
8309 53
8310 53
8311 53
8312 53
8313 53
8314 53
8315 53
8316 53
8317 53
8318 53
8319 53
8320 53
8321 53
8322 52
8323 51
8324 50
8325 49
8326 48
8327 47
8328 46
8329 45
8330 44
8331 43
8332 42
8333 41
8334 40
8335 39
8336 38
8337 37
8338 36
8339 35
8340 34
8341 33
8342 32
8343 31
8344 30
8345 29
8346 28
8347 27
8348 26
8349 25
8350 24
8351 23
8352 22
8353 21
8354 20
8355 19
8356 18
8357 17
8358 16
8359 15
8360 14
8361 13
8362 12
8363 11
8364 10
8365 9
8366 8
8367 7
8368 6
8369 5
8370 4
8371 3
8372 2
8373 1
8374 0
8375 -1
8376 -2
8377 -3
8378 -4
8379 -5
8380 -6
8381 -7
8382 -8
8383 -9
8384 -10
8385 -11
8386 -12
8387 -13
8388 -14
8389 -15
8390 -16
8391 -17
8392 -18
8393 -19
8394 -20
8395 -21
8396 -22
8397 -23
8398 -24
8399 -25
8400 -26
8401 -27
8402 -28
8403 -29
8404 -30
8405 -31
8406 -32
8407 -33
8408 -34
8409 -35
8410 -36
8411 -37
8412 -38
8413 -39
8414 -40
8415 -41
8416 -42
8417 -43
8418 -44
8419 -45
8420 -46
8421 -47
8422 -48
8423 -49
8424 -50
8425 -51
8426 -52
8427 -53
8428 -53
8429 -53
8430 -53
8431 -53
8432 -53
8433 -53
8434 -53
8435 -53
8436 -53
8437 -53
8438 -53
8439 -53
8440 -53
8441 -53
8442 -53
8443 -53
8444 -53
8445 -53
8446 -53
8447 -53
8448 -53
8449 -53
8450 -53
8451 -53
8452 -53
8453 -53
8454 -53
8455 -53
8456 -53
8457 -53
8458 -53
8459 -53
8460 -53
8461 -53
8462 -53
8463 -53
8464 -53
8465 -53
8466 -53
8467 -53
8468 -53
8469 -53
8470 -53
8471 -53
8472 -53
8473 -53
8474 -53
8475 -53
8476 -53
8477 -53
8478 -53
8479 -53
8480 -53
8481 -52
8482 -51
8483 -50
8484 -49
8485 -48
8486 -47
8487 -46
8488 -45
8489 -44
8490 -43
8491 -42
8492 -41
8493 -40
8494 -39
8495 -38
8496 -37
8497 -36
8498 -35
8499 -34
8500 -33
8501 -32
8502 -31
8503 -30
8504 -29
8505 -28
8506 -27
8507 -26
8508 -25
8509 -24
8510 -23
8511 -22
8512 -21
8513 -20
8514 -19
8515 -18
8516 -17
8517 -16
8518 -15
8519 -14
8520 -13
8521 -12
8522 -11
8523 -10
8524 -9
8525 -8
8526 -7
8527 -6
8528 -5
8529 -4
8530 -3
8531 -2
8532 -1
8533 0
8534 1
8535 2
8536 3
8537 4
8538 5
8539 6
8540 7
8541 8
8542 9
8543 10
8544 11
8545 12
8546 13
8547 14
8548 15
8549 16
8550 17
8551 18
8552 19
8553 20
8554 21
8555 22
8556 23
8557 24
8558 25
8559 26
8560 27
8561 28
8562 29
8563 30
8564 31
8565 32
8566 33
8567 34
8568 35
8569 36
8570 37
8571 38
8572 39
8573 40
8574 41
8575 42
8576 43
8577 44
8578 45
8579 46
8580 47
8581 48
8582 49
8583 50
8584 51
8585 52
8586 53
8587 54
8588 54
8589 54
8590 54
8591 54
8592 54
8593 54
8594 54
8595 54
8596 54
8597 54
8598 54
8599 54
8600 54
8601 54
8602 54
8603 54
8604 54
8605 54
8606 54
8607 54
8608 54
8609 54
8610 54
8611 54
8612 54
8613 54
8614 54
8615 54
8616 54
8617 54
8618 54
8619 54
8620 54
8621 54
8622 54
8623 54
8624 54
8625 54
8626 54
8627 54
8628 54
8629 54
8630 54
8631 54
8632 54
8633 54
8634 54
8635 54
8636 54
8637 54
8638 54
8639 54
8640 54
8641 53
8642 52
8643 51
8644 50
8645 49
8646 48
8647 47
8648 46
8649 45
8650 44
8651 43
8652 42
8653 41
8654 40
8655 39
8656 38
8657 37
8658 36
8659 35
8660 34
8661 33
8662 32
8663 31
8664 30
8665 29
8666 28
8667 27
8668 26
8669 25
8670 24
8671 23
8672 22
8673 21
8674 20
8675 19
8676 18
8677 17
8678 16
8679 15
8680 14
8681 13
8682 12
8683 11
8684 10
8685 9
8686 8
8687 7
8688 6
8689 5
8690 4
8691 3
8692 2
8693 1
8694 0
8695 -1
8696 -2
8697 -3
8698 -4
8699 -5
8700 -6
8701 -7
8702 -8
8703 -9
8704 -10
8705 -11
8706 -12
8707 -13
8708 -14
8709 -15
8710 -16
8711 -17
8712 -18
8713 -19
8714 -20
8715 -21
8716 -22
8717 -23
8718 -24
8719 -25
8720 -26
8721 -27
8722 -28
8723 -29
8724 -30
8725 -31
8726 -32
8727 -33
8728 -34
8729 -35
8730 -36
8731 -37
8732 -38
8733 -39
8734 -40
8735 -41
8736 -42
8737 -43
8738 -44
8739 -45
8740 -46
8741 -47
8742 -48
8743 -49
8744 -50
8745 -51
8746 -52
8747 -53
8748 -54
8749 -54
8750 -54
8751 -54
8752 -54
8753 -54
8754 -54
8755 -54
8756 -54
8757 -54
8758 -54
8759 -54
8760 -54
8761 -54
8762 -54
8763 -54
8764 -54
8765 -54
8766 -54
8767 -54
8768 -54
8769 -54
8770 -54
8771 -54
8772 -54
8773 -54
8774 -54
8775 -54
8776 -54
8777 -54
8778 -54
8779 -54
8780 -54
8781 -54
8782 -54
8783 -54
8784 -54
8785 -54
8786 -54
8787 -54
8788 -54
8789 -54
8790 -54
8791 -54
8792 -54
8793 -54
8794 -54
8795 -54
8796 -54
8797 -54
8798 -54
8799 -54
8800 -54
8801 -54
8802 -54
8803 -53
8804 -52
8805 -51
8806 -50
8807 -49
8808 -48
8809 -47
8810 -46
8811 -45
8812 -44
8813 -43
8814 -42
8815 -41
8816 -40
8817 -39
8818 -38
8819 -37
8820 -36
8821 -35
8822 -34
8823 -33
8824 -32
8825 -31
8826 -30
8827 -29
8828 -28
8829 -27
8830 -26
8831 -25
8832 -24
8833 -23
8834 -22
8835 -21
8836 -20
8837 -19
8838 -18
8839 -17
8840 -16
8841 -15
8842 -14
8843 -13
8844 -12
8845 -11
8846 -10
8847 -9
8848 -8
8849 -7
8850 -6
8851 -5
8852 -4
8853 -3
8854 -2
8855 -1
8856 0
8857 1
8858 2
8859 3
8860 4
8861 5
8862 6
8863 7
8864 8
8865 9
8866 10
8867 11
8868 12
8869 13
8870 14
8871 15
8872 16
8873 17
8874 18
8875 19
8876 20
8877 21
8878 22
8879 23
8880 24
8881 25
8882 26
8883 27
8884 28
8885 29
8886 30
8887 31
8888 32
8889 33
8890 34
8891 35
8892 36
8893 37
8894 38
8895 39
8896 40
8897 41
8898 42
8899 43
8900 44
8901 45
8902 46
8903 47
8904 48
8905 49
8906 50
8907 51
8908 52
8909 53
8910 54
8911 55
8912 55
8913 55
8914 55
8915 55
8916 55
8917 55
8918 55
8919 55
8920 55
8921 55
8922 55
8923 55
8924 55
8925 55
8926 55
8927 55
8928 55
8929 55
8930 55
8931 55
8932 55
8933 55
8934 55
8935 55
8936 55
8937 55
8938 55
8939 55
8940 55
8941 55
8942 55
8943 55
8944 55
8945 55
8946 55
8947 55
8948 55
8949 55
8950 55
8951 55
8952 55
8953 55
8954 55
8955 55
8956 55
8957 55
8958 55
8959 55
8960 55
8961 55
8962 55
8963 55
8964 55
8965 55
8966 54
8967 53
8968 52
8969 51
8970 50
8971 49
8972 48
8973 47
8974 46
8975 45
8976 44
8977 43
8978 42
8979 41
8980 40
8981 39
8982 38
8983 37
8984 36
8985 35
8986 34
8987 33
8988 32
8989 31
8990 30
8991 29
8992 28
8993 27
8994 26
8995 25
8996 24
8997 23
8998 22
8999 21
9000 20
9001 19
9002 18
9003 17
9004 16
9005 15
9006 14
9007 13
9008 12
9009 11
9010 10
9011 9
9012 8
9013 7
9014 6
9015 5
9016 4
9017 3
9018 2
9019 1
9020 0
9021 -1
9022 -2
9023 -3
9024 -4
9025 -5
9026 -6
9027 -7
9028 -8
9029 -9
9030 -10
9031 -11
9032 -12
9033 -13
9034 -14
9035 -15
9036 -16
9037 -17
9038 -18
9039 -19
9040 -20
9041 -21
9042 -22
9043 -23
9044 -24
9045 -25
9046 -26
9047 -27
9048 -28
9049 -29
9050 -30
9051 -31
9052 -32
9053 -33
9054 -34
9055 -35
9056 -36
9057 -37
9058 -38
9059 -39
9060 -40
9061 -41
9062 -42
9063 -43
9064 -44
9065 -45
9066 -46
9067 -47
9068 -48
9069 -49
9070 -50
9071 -51
9072 -52
9073 -53
9074 -54
9075 -55
9076 -55
9077 -55
9078 -55
9079 -55
9080 -55
9081 -55
9082 -55
9083 -55
9084 -55
9085 -55
9086 -55
9087 -55
9088 -55
9089 -55
9090 -55
9091 -55
9092 -55
9093 -55
9094 -55
9095 -55
9096 -55
9097 -55
9098 -55
9099 -55
9100 -55
9101 -55
9102 -55
9103 -55
9104 -55
9105 -55
9106 -55
9107 -55
9108 -55
9109 -55
9110 -55
9111 -55
9112 -55
9113 -55
9114 -55
9115 -55
9116 -55
9117 -55
9118 -55
9119 -55
9120 -55
9121 -55
9122 -55
9123 -55
9124 -55
9125 -55
9126 -55
9127 -55
9128 -55
9129 -55
9130 -55
9131 -54
9132 -53
9133 -52
9134 -51
9135 -50
9136 -49
9137 -48
9138 -47
9139 -46
9140 -45
9141 -44
9142 -43
9143 -42
9144 -41
9145 -40
9146 -39
9147 -38
9148 -37
9149 -36
9150 -35
9151 -34
9152 -33
9153 -32
9154 -31
9155 -30
9156 -29
9157 -28
9158 -27
9159 -26
9160 -25
9161 -24
9162 -23
9163 -22
9164 -21
9165 -20
9166 -19
9167 -18
9168 -17
9169 -16
9170 -15
9171 -14
9172 -13
9173 -12
9174 -11
9175 -10
9176 -9
9177 -8
9178 -7
9179 -6
9180 -5
9181 -4
9182 -3
9183 -2
9184 -1
9185 0
9186 1
9187 2
9188 3
9189 4
9190 5
9191 6
9192 7
9193 8
9194 9
9195 10
9196 11
9197 12
9198 13
9199 14
9200 15
9201 16
9202 17
9203 18
9204 19
9205 20
9206 21
9207 22
9208 23
9209 24
9210 25
9211 26
9212 27
9213 28
9214 29
9215 30
9216 31
9217 32
9218 33
9219 34
9220 35
9221 36
9222 37
9223 38
9224 39
9225 40
9226 41
9227 42
9228 43
9229 44
9230 45
9231 46
9232 47
9233 48
9234 49
9235 50
9236 51
9237 52
9238 53
9239 54
9240 55
9241 56
9242 56
9243 56
9244 56
9245 56
9246 56
9247 56
9248 56
9249 56
9250 56
9251 56
9252 56
9253 56
9254 56
9255 56
9256 56
9257 56
9258 56
9259 56
9260 56
9261 56
9262 56
9263 56
9264 56
9265 56
9266 56
9267 56
9268 56
9269 56
9270 56
9271 56
9272 56
9273 56
9274 56
9275 56
9276 56
9277 56
9278 56
9279 56
9280 56
9281 56
9282 56
9283 56
9284 56
9285 56
9286 56
9287 56
9288 56
9289 56
9290 56
9291 56
9292 56
9293 56
9294 56
9295 56
9296 56
9297 55
9298 54
9299 53
9300 52
9301 51
9302 50
9303 49
9304 48
9305 47
9306 46
9307 45
9308 44
9309 43
9310 42
9311 41
9312 40
9313 39
9314 38
9315 37
9316 36
9317 35
9318 34
9319 33
9320 32
9321 31
9322 30
9323 29
9324 28
9325 27
9326 26
9327 25
9328 24
9329 23
9330 22
9331 21
9332 20
9333 19
9334 18
9335 17
9336 16
9337 15
9338 14
9339 13
9340 12
9341 11
9342 10
9343 9
9344 8
9345 7
9346 6
9347 5
9348 4
9349 3
9350 2
9351 1
9352 0
9353 -1
9354 -2
9355 -3
9356 -4
9357 -5
9358 -6
9359 -7
9360 -8
9361 -9
9362 -10
9363 -11
9364 -12
9365 -13
9366 -14
9367 -15
9368 -16
9369 -17
9370 -18
9371 -19
9372 -20
9373 -21
9374 -22
9375 -23
9376 -24
9377 -25
9378 -26
9379 -27
9380 -28
9381 -29
9382 -30
9383 -31
9384 -32
9385 -33
9386 -34
9387 -35
9388 -36
9389 -37
9390 -38
9391 -39
9392 -40
9393 -41
9394 -42
9395 -43
9396 -44
9397 -45
9398 -46
9399 -47
9400 -48
9401 -49
9402 -50
9403 -51
9404 -52
9405 -53
9406 -54
9407 -55
9408 -56
9409 -56
9410 -56
9411 -56
9412 -56
9413 -56
9414 -56
9415 -56
9416 -56
9417 -56
9418 -56
9419 -56
9420 -56
9421 -56
9422 -56
9423 -56
9424 -56
9425 -56
9426 -56
9427 -56
9428 -56
9429 -56
9430 -56
9431 -56
9432 -56
9433 -56
9434 -56
9435 -56
9436 -56
9437 -56
9438 -56
9439 -56
9440 -56
9441 -56
9442 -56
9443 -56
9444 -56
9445 -56
9446 -56
9447 -56
9448 -56
9449 -56
9450 -56
9451 -56
9452 -56
9453 -56
9454 -56
9455 -56
9456 -56
9457 -56
9458 -56
9459 -56
9460 -56
9461 -56
9462 -56
9463 -56
9464 -56
9465 -55
9466 -54
9467 -53
9468 -52
9469 -51
9470 -50
9471 -49
9472 -48
9473 -47
9474 -46
9475 -45
9476 -44
9477 -43
9478 -42
9479 -41
9480 -40
9481 -39
9482 -38
9483 -37
9484 -36
9485 -35
9486 -34
9487 -33
9488 -32
9489 -31
9490 -30
9491 -29
9492 -28
9493 -27
9494 -26
9495 -25
9496 -24
9497 -23
9498 -22
9499 -21
9500 -20
9501 -19
9502 -18
9503 -17
9504 -16
9505 -15
9506 -14
9507 -13
9508 -12
9509 -11
9510 -10
9511 -9
9512 -8
9513 -7
9514 -6
9515 -5
9516 -4
9517 -3
9518 -2
9519 -1
9520 0
9521 1
9522 2
9523 3
9524 4
9525 5
9526 6
9527 7
9528 8
9529 9
9530 10
9531 11
9532 12
9533 13
9534 14
9535 15
9536 16
9537 17
9538 18
9539 19
9540 20
9541 21
9542 22
9543 23
9544 24
9545 25
9546 26
9547 27
9548 28
9549 29
9550 30
9551 31
9552 32
9553 33
9554 34
9555 35
9556 36
9557 37
9558 38
9559 39
9560 40
9561 41
9562 42
9563 43
9564 44
9565 45
9566 46
9567 47
9568 48
9569 49
9570 50
9571 51
9572 52
9573 53
9574 54
9575 55
9576 56
9577 57
9578 57
9579 57
9580 57
9581 57
9582 57
9583 57
9584 57
9585 57
9586 57
9587 57
9588 57
9589 57
9590 57
9591 57
9592 57
9593 57
9594 57
9595 57
9596 57
9597 57
9598 57
9599 57
9600 57
9601 57
9602 57
9603 57
9604 57
9605 57
9606 57
9607 57
9608 57
9609 57
9610 57
9611 57
9612 57
9613 57
9614 57
9615 57
9616 57
9617 57
9618 57
9619 57
9620 57
9621 57
9622 57
9623 57
9624 57
9625 57
9626 57
9627 57
9628 57
9629 57
9630 57
9631 57
9632 57
9633 57
9634 56
9635 55
9636 54
9637 53
9638 52
9639 51
9640 50
9641 49
9642 48
9643 47
9644 46
9645 45
9646 44
9647 43
9648 42
9649 41
9650 40
9651 39
9652 38
9653 37
9654 36
9655 35
9656 34
9657 33
9658 32
9659 31
9660 30
9661 29
9662 28
9663 27
9664 26
9665 25
9666 24
9667 23
9668 22
9669 21
9670 20
9671 19
9672 18
9673 17
9674 16
9675 15
9676 14
9677 13
9678 12
9679 11
9680 10
9681 9
9682 8
9683 7
9684 6
9685 5
9686 4
9687 3
9688 2
9689 1
9690 0
9691 -1
9692 -2
9693 -3
9694 -4
9695 -5
9696 -6
9697 -7
9698 -8
9699 -9
9700 -10
9701 -11
9702 -12
9703 -13
9704 -14
9705 -15
9706 -16
9707 -17
9708 -18
9709 -19
9710 -20
9711 -21
9712 -22
9713 -23
9714 -24
9715 -25
9716 -26
9717 -27
9718 -28
9719 -29
9720 -30
9721 -31
9722 -32
9723 -33
9724 -34
9725 -35
9726 -36
9727 -37
9728 -38
9729 -39
9730 -40
9731 -41
9732 -42
9733 -43
9734 -44
9735 -45
9736 -46
9737 -47
9738 -48
9739 -49
9740 -50
9741 -51
9742 -52
9743 -53
9744 -54
9745 -55
9746 -56
9747 -57
9748 -57
9749 -57
9750 -57
9751 -57
9752 -57
9753 -57
9754 -57
9755 -57
9756 -57
9757 -57
9758 -57
9759 -57
9760 -57
9761 -57
9762 -57
9763 -57
9764 -57
9765 -57
9766 -57
9767 -57
9768 -57
9769 -57
9770 -57
9771 -57
9772 -57
9773 -57
9774 -57
9775 -57
9776 -57
9777 -57
9778 -57
9779 -57
9780 -57
9781 -57
9782 -57
9783 -57
9784 -57
9785 -57
9786 -57
9787 -57
9788 -57
9789 -57
9790 -57
9791 -57
9792 -57
9793 -57
9794 -57
9795 -57
9796 -57
9797 -57
9798 -57
9799 -57
9800 -57
9801 -57
9802 -57
9803 -57
9804 -57
9805 -56
9806 -55
9807 -54
9808 -53
9809 -52
9810 -51
9811 -50
9812 -49
9813 -48
9814 -47
9815 -46
9816 -45
9817 -44
9818 -43
9819 -42
9820 -41
9821 -40
9822 -39
9823 -38
9824 -37
9825 -36
9826 -35
9827 -34
9828 -33
9829 -32
9830 -31
9831 -30
9832 -29
9833 -28
9834 -27
9835 -26
9836 -25
9837 -24
9838 -23
9839 -22
9840 -21
9841 -20
9842 -19
9843 -18
9844 -17
9845 -16
9846 -15
9847 -14
9848 -13
9849 -12
9850 -11
9851 -10
9852 -9
9853 -8
9854 -7
9855 -6
9856 -5
9857 -4
9858 -3
9859 -2
9860 -1
9861 0
9862 1
9863 2
9864 3
9865 4
9866 5
9867 6
9868 7
9869 8
9870 9
9871 10
9872 11
9873 12
9874 13
9875 14
9876 15
9877 16
9878 17
9879 18
9880 19
9881 20
9882 21
9883 22
9884 23
9885 24
9886 25
9887 26
9888 27
9889 28
9890 29
9891 30
9892 31
9893 32
9894 33
9895 34
9896 35
9897 36
9898 37
9899 38
9900 39
9901 40
9902 41
9903 42
9904 43
9905 44
9906 45
9907 46
9908 47
9909 48
9910 49
9911 50
9912 51
9913 52
9914 53
9915 54
9916 55
9917 56
9918 57
9919 58
9920 58
9921 58
9922 58
9923 58
9924 58
9925 58
9926 58
9927 58
9928 58
9929 58
9930 58
9931 58
9932 58
9933 58
9934 58
9935 58
9936 58
9937 58
9938 58
9939 58
9940 58
9941 58
9942 58
9943 58
9944 58
9945 58
9946 58
9947 58
9948 58
9949 58
9950 58
9951 58
9952 58
9953 58
9954 58
9955 58
9956 58
9957 58
9958 58
9959 58
9960 58
9961 58
9962 58
9963 58
9964 58
9965 58
9966 58
9967 58
9968 58
9969 58
9970 58
9971 58
9972 58
9973 58
9974 58
9975 58
9976 58
9977 57
9978 56
9979 55
9980 54
9981 53
9982 52
9983 51
9984 50
9985 49
9986 48
9987 47
9988 46
9989 45
9990 44
9991 43
9992 42
9993 41
9994 40
9995 39
9996 38
9997 37
9998 36
9999 35
10000 34
10001 33
10002 32
10003 31
10004 30
10005 29
10006 28
10007 27
10008 26
10009 25
10010 24
10011 23
10012 22
10013 21
10014 20
10015 19
10016 18
10017 17
10018 16
10019 15
10020 14
10021 13
10022 12
10023 11
10024 10
10025 9
10026 8
10027 7
10028 6
10029 5
10030 4
10031 3
10032 2
10033 1
10034 0
