# A308080 b-file computed by Hugo Pfoertner 2019-05-12
0 1
1 2
2 4
3 6
4 8
5 3
6 5
7 7
8 9
9 11
10 15
11 19
12 23
13 12
14 14
15 16
16 18
17 20
18 22
19 24
20 10
21 13
22 17
23 21
24 25
25 28
26 34
27 40
28 46
29 29
30 33
31 35
32 39
33 41
34 45
35 47
36 27
37 30
38 32
39 36
40 38
41 42
42 44
43 48
44 26
45 53
46 61
47 69
48 77
49 54
50 60
51 62
52 68
53 70
54 76
55 78
56 52
57 31
58 37
59 43
60 49
61 55
62 59
63 63
64 67
65 71
66 75
67 79
68 51
69 86
70 56
71 58
72 96
73 64
74 66
75 106
76 72
77 74
78 116
79 80
80 50
81 87
82 95
83 97
84 105
85 107
86 115
87 117
88 85
89 88
90 94
91 98
92 104
93 108
94 114
95 118
96 84
97 57
98 65
99 73
100 81
101 89
102 93
103 99
104 103
105 109
106 113
107 119
108 83
109 127
110 139
111 151
112 163
113 128
114 138
115 140
116 150
117 152
118 162
119 164
120 126
121 129
122 137
123 141
124 149
125 153
126 161
127 165
128 125
129 90
130 92
131 100
132 102
133 110
134 112
135 120
136 82
137 130
138 136
139 142
140 148
141 154
142 160
143 166
144 124
145 176
146 190
147 204
148 218
149 177
150 91
151 189
152 191
153 101
154 203
155 205
156 111
157 217
158 219
159 121
160 175
161 131
162 135
163 143
164 147
165 155
166 159
167 167
168 123
169 178
170 188
171 192
172 202
173 206
174 216
175 220
176 174
177 179
178 187
179 193
180 201
181 207
182 215
183 221
184 173
185 132
186 134
187 144
188 146
189 156
190 158
191 168
192 122
193 233
194 249
195 265
196 281
197 234
198 180
199 186
200 248
201 250
202 194
203 200
204 264
205 266
206 208
207 214
208 280
209 282
210 222
211 172
212 232
213 235
214 247
215 251
216 263
217 267
218 279
219 283
220 231
221 133
222 145
223 157
224 169
225 236
226 246
227 252
228 262
229 268
230 278
231 284
232 230
233 181
234 185
235 195
236 199
237 209
238 213
239 223
240 171
241 237
242 245
243 253
244 261
245 269
246 277
247 285
248 229
249 298
250 316
251 334
252 352
253 299
254 315
255 317
256 333
257 335
258 351
259 353
260 297
261 300
262 182
263 184
264 314
265 318
266 196
267 198
268 332
269 336
270 210
271 212
272 350
273 354
274 224
275 170
276 296
277 238
278 244
279 254
280 260
281 270
282 276
283 286
284 228
285 301
286 313
287 319
288 331
289 337
290 349
291 355
292 295
293 302
294 312
295 320
296 330
297 338
298 348
299 356
300 294
301 183
302 197
303 211
304 225
305 371
306 239
307 243
308 391
309 255
310 259
311 411
312 271
313 275
314 431
315 287
316 227
317 372
318 390
319 392
320 410
321 412
322 430
323 432
324 370
325 373
326 389
327 393
328 409
329 413
330 429
331 433
332 369
333 303
334 311
335 321
336 329
337 339
338 347
339 357
340 293
341 374
342 388
343 394
344 408
345 414
346 428
347 434
348 368
349 240
350 242
351 256
352 258
353 272
354 274
355 288
356 226
357 375
358 387
359 395
360 407
361 415
362 427
363 435
364 367
365 304
366 310
367 322
368 328
369 340
370 346
371 358
372 292
373 452
374 474
375 496
376 518
377 453
378 473
379 475
380 495
381 497
382 517
383 519
384 451
385 454
386 376
387 386
388 472
389 476
390 396
391 406
392 494
393 498
394 416
395 426
396 516
397 520
398 436
399 366
400 450
401 241
402 257
403 273
404 289
405 455
406 305
407 309
408 471
409 477
410 323
411 327
412 493
413 499
414 341
415 345
416 515
417 521
418 359
419 291
420 449
421 377
422 385
423 397
424 405
425 417
426 425
427 437
428 365
429 456
430 470
431 478
432 492
433 500
434 514
435 522
436 448
437 541
438 565
439 589
440 613
441 542
442 306
443 308
444 564
445 566
446 324
447 326
448 588
449 590
450 342
451 344
452 612
453 614
454 360
455 290
456 540
457 457
458 469
459 479
460 491
461 501
462 513
463 523
464 447
465 543
466 563
467 567
468 587
469 591
470 611
471 615
472 539
473 378
474 384
475 398
476 404
477 418
478 424
479 438
480 364
481 544
482 562
483 568
484 586
485 592
486 610
487 616
488 538
489 458
490 468
491 480
492 490
493 502
494 512
495 524
496 446
497 545
498 561
499 569
500 585
501 593
502 609
503 617
504 537
505 307
506 325
507 343
508 361
509 379
510 383
511 399
512 403
513 419
514 423
515 439
516 363
517 638
518 546
519 560
520 664
521 570
522 584
523 690
524 594
525 608
526 716
527 618
528 536
529 639
530 459
531 467
532 663
533 665
534 481
535 489
536 689
537 691
538 503
539 511
540 715
541 717
542 525
543 445
544 637
545 640
546 662
547 666
548 688
549 692
550 714
551 718
552 636
553 641
554 661
555 667
556 687
557 693
558 713
559 719
560 635
561 547
562 559
563 571
564 583
565 595
566 607
567 619
568 535
569 380
570 382
571 400
572 402
573 420
574 422
575 440
576 362
577 642
578 460
579 466
580 660
581 668
582 482
583 488
584 686
585 694
586 504
587 510
588 712
589 720
590 526
591 444
592 634
593 548
594 558
595 572
596 582
597 596
598 606
599 620
600 534
601 643
602 659
603 669
604 685
605 695
606 711
607 721
608 633
609 743
610 771
611 799
612 827
613 744
614 770
615 772
616 798
617 800
618 826
619 828
620 742
621 745
622 381
623 769
624 773
625 401
626 797
627 801
628 421
629 825
630 829
631 441
632 741
633 461
634 465
635 483
636 487
637 505
638 509
639 527
640 443
641 746
642 644
643 658
644 768
645 774
646 670
647 684
648 796
649 802
650 696
651 710
652 824
653 830
654 722
655 632
656 740
657 549
658 557
659 573
660 581
661 597
662 605
663 621
664 533
665 747
666 767
667 775
668 795
669 803
670 823
671 831
672 739
673 645
674 657
675 671
676 683
677 697
678 709
679 723
680 631
681 748
682 462
683 464
684 766
685 776
686 484
687 486
688 794
689 804
690 506
691 508
692 822
693 832
694 528
695 442
696 738
697 856
698 550
699 556
700 886
701 574
702 580
703 916
704 598
705 604
706 946
707 622
708 532
709 857
710 885
711 887
712 915
713 917
714 945
715 947
716 855
717 858
718 884
719 888
720 914
721 918
722 944
723 948
724 854
725 749
726 765
727 777
728 793
729 805
730 821
731 833
732 737
733 646
734 656
735 672
736 682
737 698
738 708
739 724
740 630
741 859
742 883
743 889
744 913
745 919
746 943
747 949
748 853
749 860
750 882
751 890
752 912
753 920
754 942
755 950
756 852
757 463
758 485
759 507
760 529
761 551
762 555
763 575
764 579
765 599
766 603
767 623
768 531
769 750
770 764
771 778
772 792
773 806
774 820
775 834
776 736
777 861
778 647
779 655
780 881
781 891
782 673
783 681
784 911
785 921
786 699
787 707
788 941
789 951
790 725
791 629
792 851
793 977
794 1009
795 1041
796 1073
797 978
798 1008
799 1010
800 1040
801 1042
802 1072
803 1074
804 976
805 979
806 751
807 763
808 1007
809 1011
810 779
811 791
812 1039
813 1043
814 807
815 819
816 1071
817 1075
818 835
819 735
820 975
821 862
822 880
823 892
824 910
825 922
826 940
827 952
828 850
829 980
830 552
831 554
832 1006
833 1012
834 576
835 578
836 1038
837 1044
838 600
839 602
840 1070
841 1076
842 624
843 530
844 974
845 648
846 654
847 674
848 680
849 700
850 706
851 726
852 628
853 981
854 1005
855 1013
856 1037
857 1045
858 1069
859 1077
860 973
861 863
862 879
863 893
864 909
865 923
866 939
867 953
868 849
869 752
870 762
871 780
872 790
873 808
874 818
875 836
876 734
877 982
878 1004
879 1014
880 1036
881 1046
882 1068
883 1078
884 972
885 553
886 577
887 601
888 625
889 1106
890 864
891 878
892 1140
893 894
894 908
895 1174
896 924
897 938
898 1208
899 954
900 848
901 1107
902 649
903 653
904 1139
905 1141
906 675
907 679
908 1173
909 1175
910 701
911 705
912 1207
913 1209
914 727
915 627
916 1105
917 983
918 1003
919 1015
920 1035
921 1047
922 1067
923 1079
924 971
925 1108
926 1138
927 1142
928 1172
929 1176
930 1206
931 1210
932 1104
933 753
934 761
935 781
936 789
937 809
938 817
939 837
940 733
941 1109
942 1137
943 1143
944 1171
945 1177
946 1205
947 1211
948 1103
949 1110
950 984
951 1002
952 1136
953 1144
954 1016
955 1034
956 1170
957 1178
958 1048
959 1066
960 1204
961 1212
962 1080
963 970
964 1102
965 865
966 877
967 895
968 907
969 925
970 937
971 955
972 847
973 650
974 652
975 676
976 678
977 702
978 704
979 728
980 626
981 1111
982 1135
983 1145
984 1169
985 1179
986 1203
987 1213
988 1101
989 754
990 760
991 782
992 788
993 810
994 816
995 838
996 732
997 985
998 1001
999 1017
1000 1033
1001 1049
1002 1065
1003 1081
1004 969
1005 1243
1006 1279
1007 1315
1008 1351
1009 1244
1010 1112
1011 866
1012 876
1013 1134
1014 1278
1015 1280
1016 1146
1017 896
1018 906
1019 1168
1020 1314
1021 1316
1022 1180
1023 926
1024 936
1025 1202
1026 1350
1027 1352
1028 1214
1029 956
1030 846
1031 1100
1032 1242
1033 1245
1034 1277
1035 1281
1036 1313
1037 1317
1038 1349
1039 1353
1040 1241
1041 1246
1042 1276
1043 1282
1044 1312
1045 1318
1046 1348
1047 1354
1048 1240
1049 986
1050 1000
1051 1018
1052 1032
1053 1050
1054 1064
1055 1082
1056 968
1057 1113
1058 651
1059 1133
1060 1147
1061 677
1062 1167
1063 1181
1064 703
1065 1201
1066 1215
1067 729
1068 1099
1069 1247
1070 755
1071 759
1072 1275
1073 1283
1074 783
1075 787
1076 1311
1077 1319
1078 811
1079 815
1080 1347
1081 1355
1082 839
1083 731
1084 1239
1085 867
1086 875
1087 897
1088 905
1089 927
1090 935
1091 957
1092 845
1093 1248
1094 1274
1095 1284
1096 1310
1097 1320
1098 1346
1099 1356
1100 1238
1101 1114
1102 1132
1103 1148
1104 1166
1105 1182
1106 1200
1107 1216
1108 1098
1109 987
1110 999
1111 1019
1112 1031
1113 1051
1114 1063
1115 1083
1116 967
1117 1249
1118 1273
1119 1285
1120 1309
1121 1321
1122 1345
1123 1357
1124 1237
1125 1388
1126 1426
1127 1464
1128 1502
1129 1389
1130 1425
1131 1427
1132 1463
1133 1465
1134 1501
1135 1503
1136 1387
1137 1390
1138 756
1139 758
1140 1424
1141 1428
1142 784
1143 786
1144 1462
1145 1466
1146 812
1147 814
1148 1500
1149 1504
1150 840
1151 730
1152 1386
1153 868
1154 874
1155 898
1156 904
1157 928
1158 934
1159 958
1160 844
1161 1391
1162 1115
1163 1131
1164 1423
1165 1429
1166 1149
1167 1165
1168 1461
1169 1467
1170 1183
1171 1199
1172 1499
1173 1505
1174 1217
1175 1097
1176 1385
1177 1250
1178 1272
1179 1286
1180 1308
1181 1322
1182 1344
1183 1358
1184 1236
1185 1392
1186 988
1187 998
1188 1422
1189 1430
1190 1020
1191 1030
1192 1460
1193 1468
1194 1052
1195 1062
1196 1498
1197 1506
1198 1084
1199 966
1200 1384
1201 1393
1202 1421
1203 1431
1204 1459
1205 1469
1206 1497
1207 1507
1208 1383
1209 1251
1210 1271
1211 1287
1212 1307
1213 1323
1214 1343
1215 1359
1216 1235
1217 1116
1218 1130
1219 1150
1220 1164
1221 1184
1222 1198
1223 1218
1224 1096
1225 757
1226 785
1227 813
1228 841
1229 869
1230 873
1231 899
1232 903
1233 929
1234 933
1235 959
1236 843
1237 1394
1238 1420
1239 1432
1240 1458
1241 1470
1242 1496
1243 1508
1244 1382
1245 1541
1246 989
1247 997
1248 1581
1249 1021
1250 1029
1251 1621
1252 1053
1253 1061
1254 1661
1255 1085
1256 965
1257 1542
1258 1580
1259 1582
1260 1620
1261 1622
1262 1660
1263 1662
1264 1540
1265 1543
1266 1579
1267 1583
1268 1619
1269 1623
1270 1659
1271 1663
1272 1539
1273 1252
1274 1270
1275 1288
1276 1306
1277 1324
1278 1342
1279 1360
1280 1234
1281 1544
1282 1578
1283 1584
1284 1618
1285 1624
1286 1658
1287 1664
1288 1538
1289 1395
1290 1117
1291 1129
1292 1419
1293 1433
1294 1151
1295 1163
1296 1457
1297 1471
1298 1185
1299 1197
1300 1495
1301 1509
1302 1219
1303 1095
1304 1381
1305 1545
1306 1577
1307 1585
1308 1617
1309 1625
1310 1657
1311 1665
1312 1537
1313 870
1314 872
1315 900
1316 902
1317 930
1318 932
1319 960
1320 842
1321 1253
1322 1269
1323 1289
1324 1305
1325 1325
1326 1341
1327 1361
1328 1233
1329 1546
1330 1396
1331 990
1332 996
1333 1418
1334 1576
1335 1586
1336 1434
1337 1022
1338 1028
1339 1456
1340 1616
1341 1626
1342 1472
1343 1054
1344 1060
1345 1494
1346 1656
1347 1666
1348 1510
1349 1086
1350 964
1351 1380
1352 1536
1353 1118
1354 1128
1355 1152
1356 1162
1357 1186
1358 1196
1359 1220
1360 1094
1361 1547
1362 1575
1363 1587
1364 1615
1365 1627
1366 1655
1367 1667
1368 1535
1369 1702
1370 1744
1371 1786
1372 1828
1373 1703
1374 1397
1375 1417
1376 1743
1377 1745
1378 1435
1379 1455
1380 1785
1381 1787
1382 1473
1383 1493
1384 1827
1385 1829
1386 1511
1387 1379
1388 1701
1389 1704
1390 1254
1391 1268
1392 1742
1393 1746
1394 1290
1395 1304
1396 1784
1397 1788
1398 1326
1399 1340
1400 1826
1401 1830
1402 1362
1403 1232
1404 1700
1405 1548
1406 1574
1407 1588
1408 1614
1409 1628
1410 1654
1411 1668
1412 1534
1413 1705
1414 871
1415 1741
1416 1747
1417 901
1418 1783
1419 1789
1420 931
1421 1825
1422 1831
1423 961
1424 1699
1425 991
1426 995
1427 1023
1428 1027
1429 1055
1430 1059
1431 1087
1432 963
1433 1706
1434 1740
1435 1748
1436 1782
1437 1790
1438 1824
1439 1832
1440 1698
1441 1119
1442 1127
1443 1153
1444 1161
1445 1187
1446 1195
1447 1221
1448 1093
1449 1398
1450 1416
1451 1436
1452 1454
1453 1474
1454 1492
1455 1512
1456 1378
1457 1549
1458 1573
1459 1589
1460 1613
1461 1629
1462 1653
1463 1669
1464 1533
1465 1707
1466 1739
1467 1749
1468 1781
1469 1791
1470 1823
1471 1833
1472 1697
1473 1255
1474 1267
1475 1291
1476 1303
1477 1327
1478 1339
1479 1363
1480 1231
1481 1708
1482 1738
1483 1750
1484 1780
1485 1792
1486 1822
1487 1834
1488 1696
1489 1550
1490 992
1491 994
1492 1572
1493 1590
1494 1024
1495 1026
1496 1612
1497 1630
1498 1056
1499 1058
1500 1652
1501 1670
1502 1088
1503 962
1504 1532
1505 1399
1506 1415
1507 1437
1508 1453
1509 1475
1510 1491
1511 1513
1512 1377
1513 1871
1514 1915
1515 1959
1516 2003
1517 1872
1518 1120
1519 1126
1520 1914
1521 1916
1522 1154
1523 1160
1524 1958
1525 1960
1526 1188
1527 1194
1528 2002
1529 2004
1530 1222
1531 1092
1532 1870
1533 1873
1534 1913
1535 1917
1536 1957
1537 1961
1538 2001
1539 2005
1540 1869
1541 1709
1542 1737
1543 1751
1544 1779
1545 1793
1546 1821
1547 1835
1548 1695
1549 1874
1550 1256
1551 1266
1552 1912
1553 1918
1554 1292
1555 1302
1556 1956
1557 1962
1558 1328
1559 1338
1560 2000
1561 2006
1562 1364
1563 1230
1564 1868
1565 1875
1566 1551
1567 1571
1568 1911
1569 1919
1570 1591
1571 1611
1572 1955
1573 1963
1574 1631
1575 1651
1576 1999
1577 2007
1578 1671
1579 1531
1580 1867
1581 1710
1582 1400
1583 1414
1584 1736
1585 1752
1586 1438
1587 1452
1588 1778
1589 1794
1590 1476
1591 1490
1592 1820
1593 1836
1594 1514
1595 1376
1596 1694
1597 1876
1598 1910
1599 1920
1600 1954
1601 1964
1602 1998
1603 2008
1604 1866
1605 993
1606 1025
1607 1057
1608 1089
1609 1121
1610 1125
1611 1155
1612 1159
1613 1189
1614 1193
1615 1223
1616 1091
1617 1877
1618 1257
1619 1265
1620 1909
1621 1921
1622 1293
1623 1301
1624 1953
1625 1965
1626 1329
1627 1337
1628 1997
1629 2009
1630 1365
1631 1229
1632 1865
1633 1552
1634 1570
1635 1592
1636 1610
1637 1632
1638 1650
1639 1672
1640 1530
1641 1711
1642 1735
1643 1753
1644 1777
1645 1795
1646 1819
1647 1837
1648 1693
1649 2048
1650 2094
1651 2140
1652 2186
1653 2049
1654 1401
1655 1413
1656 2093
1657 2095
1658 1439
1659 1451
1660 2139
1661 2141
1662 1477
1663 1489
1664 2185
1665 2187
1666 1515
1667 1375
1668 2047
1669 2050
1670 1878
1671 1908
1672 2092
1673 2096
1674 1922
1675 1952
1676 2138
1677 2142
1678 1966
1679 1996
1680 2184
1681 2188
1682 2010
1683 1864
1684 2046
1685 2051
1686 2091
1687 2097
1688 2137
1689 2143
1690 2183
1691 2189
1692 2045
1693 1712
1694 1734
1695 1754
1696 1776
1697 1796
1698 1818
1699 1838
1700 1692
1701 1553
1702 1569
1703 1593
1704 1609
1705 1633
1706 1649
1707 1673
1708 1529
1709 2052
1710 1122
1711 1124
1712 2090
1713 2098
1714 1156
1715 1158
1716 2136
1717 2144
1718 1190
1719 1192
1720 2182
1721 2190
1722 1224
1723 1090
1724 2044
1725 1879
1726 1907
1727 1923
1728 1951
1729 1967
1730 1995
1731 2011
1732 1863
1733 1258
1734 1264
1735 1294
1736 1300
1737 1330
1738 1336
1739 1366
1740 1228
1741 2053
1742 2089
1743 2099
1744 2135
1745 2145
1746 2181
1747 2191
1748 2043
1749 1402
1750 1412
1751 1440
1752 1450
1753 1478
1754 1488
1755 1516
1756 1374
1757 1713
1758 1733
1759 1755
1760 1775
1761 1797
1762 1817
1763 1839
1764 1691
1765 2054
1766 1880
1767 1906
1768 2088
1769 2100
1770 1924
1771 1950
1772 2134
1773 2146
1774 1968
1775 1994
1776 2180
1777 2192
1778 2012
1779 1862
1780 2042
1781 1554
1782 1568
1783 1594
1784 1608
1785 1634
1786 1648
1787 1674
1788 1528
1789 2233
1790 2281
1791 2329
1792 2377
1793 2234
1794 2280
1795 2282
1796 2328
1797 2330
1798 2376
1799 2378
1800 2232
1801 2055
1802 1123
1803 2087
1804 2101
1805 1157
1806 2133
1807 2147
1808 1191
1809 2179
1810 2193
1811 1225
1812 2041
1813 2235
1814 1259
1815 1263
1816 2279
1817 2283
1818 1295
1819 1299
1820 2327
1821 2331
1822 1331
1823 1335
1824 2375
1825 2379
1826 1367
1827 1227
1828 2231
1829 1881
1830 1905
1831 1925
1832 1949
1833 1969
1834 1993
1835 2013
1836 1861
1837 2236
1838 1714
1839 1732
1840 2278
1841 2284
1842 1756
1843 1774
1844 2326
1845 2332
1846 1798
1847 1816
1848 2374
1849 2380
1850 1840
1851 1690
1852 2230
1853 1403
1854 1411
1855 1441
1856 1449
1857 1479
1858 1487
1859 1517
1860 1373
1861 2237
1862 2277
1863 2285
1864 2325
1865 2333
1866 2373
1867 2381
1868 2229
1869 2056
1870 2086
1871 2102
1872 2132
1873 2148
1874 2178
1875 2194
1876 2040
1877 1555
1878 1567
1879 1595
1880 1607
1881 1635
1882 1647
1883 1675
1884 1527
1885 2238
1886 2276
1887 2286
1888 2324
1889 2334
1890 2372
1891 2382
1892 2228
1893 1882
1894 1904
1895 1926
1896 1948
1897 1970
1898 1992
1899 2014
1900 1860
1901 2057
1902 1715
1903 1731
1904 2085
1905 2103
1906 1757
1907 1773
1908 2131
1909 2149
1910 1799
1911 1815
1912 2177
1913 2195
1914 1841
1915 1689
1916 2039
1917 2239
1918 2275
1919 2287
1920 2323
1921 2335
1922 2371
1923 2383
1924 2227
1925 1260
1926 1262
1927 1296
1928 1298
1929 1332
1930 1334
1931 1368
1932 1226
1933 1404
1934 1410
1935 1442
1936 1448
1937 1480
1938 1486
1939 1518
1940 1372
1941 2426
1942 2240
1943 1556
1944 1566
1945 2274
1946 2476
1947 2288
1948 1596
1949 1606
1950 2322
1951 2526
1952 2336
1953 1636
1954 1646
1955 2370
1956 2576
1957 2384
1958 1676
1959 1526
1960 2226
1961 2427
1962 2475
1963 2477
1964 2525
1965 2527
1966 2575
1967 2577
1968 2425
1969 1883
1970 1903
1971 1927
1972 1947
1973 1971
1974 1991
1975 2015
1976 1859
1977 2428
1978 2058
1979 2084
1980 2474
1981 2478
1982 2104
1983 2130
1984 2524
1985 2528
1986 2150
1987 2176
1988 2574
1989 2578
1990 2196
1991 2038
1992 2424
1993 2429
1994 2473
1995 2479
1996 2523
1997 2529
1998 2573
1999 2579
2000 2423
2001 1716
2002 1730
2003 1758
2004 1772
2005 1800
2006 1814
2007 1842
2008 1688
2009 2241
2010 2273
2011 2289
2012 2321
2013 2337
2014 2369
2015 2385
2016 2225
2017 2430
2018 2472
2019 2480
2020 2522
2021 2530
2022 2572
2023 2580
2024 2422
2025 1261
2026 1297
2027 1333
2028 1369
2029 2431
2030 2059
2031 1405
2032 1409
2033 2083
2034 2471
2035 2481
2036 2105
2037 1443
2038 1447
2039 2129
2040 2521
2041 2531
2042 2151
2043 1481
2044 1485
2045 2175
2046 2571
2047 2581
2048 2197
2049 1519
2050 1371
2051 2037
2052 2421
2053 1884
2054 1902
2055 1928
2056 1946
2057 1972
2058 1990
2059 2016
2060 1858
2061 1557
2062 1565
2063 1597
2064 1605
2065 1637
2066 1645
2067 1677
2068 1525
2069 2242
2070 2272
2071 2290
2072 2320
2073 2338
2074 2368
2075 2386
2076 2224
2077 2432
2078 2470
2079 2482
2080 2520
2081 2532
2082 2570
2083 2582
2084 2420
2085 1717
2086 1729
2087 1759
2088 1771
2089 1801
2090 1813
2091 1843
2092 1687
2093 2060
2094 2082
2095 2106
2096 2128
2097 2152
2098 2174
2099 2198
2100 2036
2101 2433
2102 2469
2103 2483
2104 2519
2105 2533
2106 2569
2107 2583
2108 2419
2109 2627
2110 2243
2111 2271
2112 2679
2113 2291
2114 2319
2115 2731
2116 2339
2117 2367
2118 2783
2119 2387
2120 2223
2121 2628
2122 2678
2123 2680
2124 2730
2125 2732
2126 2782
2127 2784
2128 2626
2129 2629
2130 1885
2131 1901
2132 2677
2133 2681
2134 1929
2135 1945
2136 2729
2137 2733
2138 1973
2139 1989
2140 2781
2141 2785
2142 2017
2143 1857
2144 2625
2145 2630
2146 1406
2147 1408
2148 2676
2149 2682
2150 1444
2151 1446
2152 2728
2153 2734
2154 1482
2155 1484
2156 2780
2157 2786
2158 1520
2159 1370
2160 2624
2161 2434
2162 1558
2163 1564
2164 2468
2165 2484
2166 1598
2167 1604
2168 2518
2169 2534
2170 1638
2171 1644
2172 2568
2173 2584
2174 1678
2175 1524
2176 2418
2177 2631
2178 2675
2179 2683
2180 2727
2181 2735
2182 2779
2183 2787
2184 2623
2185 2244
2186 1718
2187 1728
2188 2270
2189 2292
2190 1760
2191 1770
2192 2318
2193 2340
2194 1802
2195 1812
2196 2366
2197 2388
2198 1844
2199 1686
2200 2222
2201 2061
2202 2081
2203 2107
2204 2127
2205 2153
2206 2173
2207 2199
2208 2035
2209 2632
2210 2674
2211 2684
2212 2726
2213 2736
2214 2778
2215 2788
2216 2622
2217 2435
2218 2467
2219 2485
2220 2517
2221 2535
2222 2567
2223 2585
2224 2417
2225 1886
2226 1900
2227 1930
2228 1944
2229 1974
2230 1988
2231 2018
2232 1856
2233 2633
2234 2673
2235 2685
2236 2725
2237 2737
2238 2777
2239 2789
2240 2621
2241 2245
2242 2269
2243 2293
2244 2317
2245 2341
2246 2365
2247 2389
2248 2221
2249 1407
2250 1445
2251 1483
2252 1521
2253 1559
2254 1563
2255 1599
2256 1603
2257 1639
2258 1643
2259 1679
2260 1523
2261 2634
2262 2436
2263 2062
2264 2080
2265 2466
2266 2672
2267 2686
2268 2486
2269 2108
2270 2126
2271 2516
2272 2724
2273 2738
2274 2536
2275 2154
2276 2172
2277 2566
2278 2776
2279 2790
2280 2586
2281 2200
2282 2034
2283 2416
2284 2620
2285 2836
2286 2890
2287 2944
2288 2998
2289 2837
2290 1719
2291 1727
2292 2889
2293 2891
2294 1761
2295 1769
2296 2943
2297 2945
2298 1803
2299 1811
2300 2997
2301 2999
2302 1845
2303 1685
2304 2835
2305 2838
2306 2888
2307 2892
2308 2942
2309 2946
2310 2996
2311 3000
2312 2834
2313 2839
2314 2887
2315 2893
2316 2941
2317 2947
2318 2995
2319 3001
2320 2833
2321 2635
2322 1887
2323 1899
2324 2671
2325 2687
2326 1931
2327 1943
2328 2723
2329 2739
2330 1975
2331 1987
2332 2775
2333 2791
2334 2019
2335 1855
2336 2619
2337 2840
2338 2246
2339 2268
2340 2886
2341 2894
2342 2294
2343 2316
2344 2940
2345 2948
2346 2342
2347 2364
2348 2994
2349 3002
2350 2390
2351 2220
2352 2832
2353 2437
2354 2465
2355 2487
2356 2515
2357 2537
2358 2565
2359 2587
2360 2415
2361 2841
2362 2063
2363 2079
2364 2885
2365 2895
2366 2109
2367 2125
2368 2939
2369 2949
2370 2155
2371 2171
2372 2993
2373 3003
2374 2201
2375 2033
2376 2831
2377 2636
2378 2670
2379 2688
2380 2722
2381 2740
2382 2774
2383 2792
2384 2618
2385 1560
2386 1562
2387 1600
2388 1602
2389 1640
2390 1642
2391 1680
2392 1522
2393 2842
2394 1720
2395 1726
2396 2884
2397 2896
2398 1762
2399 1768
2400 2938
2401 2950
2402 1804
2403 1810
2404 2992
2405 3004
2406 1846
2407 1684
2408 2830
2409 2438
2410 2464
2411 2488
2412 2514
2413 2538
2414 2564
2415 2588
2416 2414
2417 2247
2418 2267
2419 2295
2420 2315
2421 2343
2422 2363
2423 2391
2424 2219
2425 1888
2426 1898
2427 1932
2428 1942
2429 1976
2430 1986
2431 2020
2432 1854
2433 2637
2434 2669
2435 2689
2436 2721
2437 2741
2438 2773
2439 2793
2440 2617
2441 2843
2442 2883
2443 2897
2444 2937
2445 2951
2446 2991
2447 3005
2448 2829
2449 3053
2450 3109
2451 3165
2452 3221
2453 3054
2454 2064
2455 2078
2456 3108
2457 3110
2458 2110
2459 2124
2460 3164
2461 3166
2462 2156
2463 2170
2464 3220
2465 3222
2466 2202
2467 2032
2468 3052
2469 3055
2470 3107
2471 3111
2472 3163
2473 3167
2474 3219
2475 3223
2476 3051
2477 3056
2478 2844
2479 2882
2480 3106
2481 3112
2482 2898
2483 2936
2484 3162
2485 3168
2486 2952
2487 2990
2488 3218
2489 3224
2490 3006
2491 2828
2492 3050
2493 2439
2494 2463
2495 2489
2496 2513
2497 2539
2498 2563
2499 2589
2500 2413
2501 2638
2502 2668
2503 2690
2504 2720
2505 2742
2506 2772
2507 2794
2508 2616
2509 3057
2510 1561
2511 3105
2512 3113
2513 1601
2514 3161
2515 3169
2516 1641
2517 3217
2518 3225
2519 1681
2520 3049
2521 2248
2522 2266
2523 2296
2524 2314
2525 2344
2526 2362
2527 2392
2528 2218
2529 1721
2530 1725
2531 1763
2532 1767
2533 1805
2534 1809
2535 1847
2536 1683
2537 1889
2538 1897
2539 1933
2540 1941
2541 1977
2542 1985
2543 2021
2544 1853
2545 3058
2546 3104
2547 3114
2548 3160
2549 3170
2550 3216
2551 3226
2552 3048
2553 2845
2554 2881
2555 2899
2556 2935
2557 2953
2558 2989
2559 3007
2560 2827
2561 2065
2562 2077
2563 2111
2564 2123
2565 2157
2566 2169
2567 2203
2568 2031
2569 3059
2570 2639
2571 2667
2572 3103
2573 3115
2574 2691
2575 2719
2576 3159
2577 3171
2578 2743
2579 2771
2580 3215
2581 3227
2582 2795
2583 2615
2584 3047
2585 2440
2586 2462
2587 2490
2588 2512
2589 2540
2590 2562
2591 2590
2592 2412
2593 2846
2594 2880
2595 2900
2596 2934
2597 2954
2598 2988
2599 3008
2600 2826
2601 2249
2602 2265
2603 2297
2604 2313
2605 2345
2606 2361
2607 2393
2608 2217
2609 3060
2610 3102
2611 3116
2612 3158
2613 3172
2614 3214
2615 3228
2616 3046
2617 3278
2618 1722
2619 1724
2620 3336
2621 1764
2622 1766
2623 3394
2624 1806
2625 1808
2626 3452
2627 1848
2628 1682
2629 3279
2630 3335
2631 3337
2632 3393
2633 3395
2634 3451
2635 3453
2636 3277
2637 3280
2638 2640
2639 1890
2640 1896
2641 2666
2642 3334
2643 3338
2644 2692
2645 1934
2646 1940
2647 2718
2648 3392
2649 3396
2650 2744
2651 1978
2652 1984
2653 2770
2654 3450
2655 3454
2656 2796
2657 2022
2658 1852
2659 2614
2660 3276
2661 3061
2662 3101
2663 3117
2664 3157
2665 3173
2666 3213
2667 3229
2668 3045
2669 3281
2670 2847
2671 2441
2672 2461
2673 2879
2674 3333
2675 3339
2676 2901
2677 2491
2678 2511
2679 2933
2680 3391
2681 3397
2682 2955
2683 2541
2684 2561
2685 2987
2686 3449
2687 3455
2688 3009
2689 2591
2690 2411
2691 2825
2692 3275
2693 2066
2694 2076
2695 2112
2696 2122
2697 2158
2698 2168
2699 2204
2700 2030
2701 3282
2702 3332
2703 3340
2704 3390
2705 3398
2706 3448
2707 3456
2708 3274
2709 3062
2710 2250
2711 2264
2712 3100
2713 3118
2714 2298
2715 2312
2716 3156
2717 3174
2718 2346
2719 2360
2720 3212
2721 3230
2722 2394
2723 2216
2724 3044
2725 3283
2726 3331
2727 3341
2728 3389
2729 3399
2730 3447
2731 3457
2732 3273
2733 2641
2734 2665
2735 2693
2736 2717
2737 2745
2738 2769
2739 2797
2740 2613
2741 2848
2742 2878
2743 2902
2744 2932
2745 2956
2746 2986
2747 3010
2748 2824
2749 3284
2750 3330
2751 3342
2752 3388
2753 3400
2754 3446
2755 3458
2756 3272
2757 2442
2758 2460
2759 2492
2760 2510
2761 2542
2762 2560
2763 2592
2764 2410
2765 1723
2766 1765
2767 1807
2768 1849
2769 3063
2770 1891
2771 1895
2772 3099
2773 3119
2774 1935
2775 1939
2776 3155
2777 3175
2778 1979
2779 1983
2780 3211
2781 3231
2782 2023
2783 1851
2784 3043
2785 3285
2786 2067
2787 2075
2788 3329
2789 3343
2790 2113
2791 2121
2792 3387
2793 3401
2794 2159
2795 2167
2796 3445
2797 3459
2798 2205
2799 2029
2800 3271
2801 2849
2802 2877
2803 2903
2804 2931
2805 2957
2806 2985
2807 3011
2808 2823
2809 3511
2810 2251
2811 2263
2812 3571
2813 2299
2814 2311
2815 3631
2816 2347
2817 2359
2818 3691
2819 2395
2820 2215
2821 3512
2822 2642
2823 2664
2824 3570
2825 3572
2826 2694
2827 2716
2828 3630
2829 3632
2830 2746
2831 2768
2832 3690
2833 3692
2834 2798
2835 2612
2836 3510
2837 3513
2838 3569
2839 3573
2840 3629
2841 3633
2842 3689
2843 3693
2844 3509
2845 3286
2846 3064
2847 3098
2848 3328
2849 3344
2850 3120
2851 3154
2852 3386
2853 3402
2854 3176
2855 3210
2856 3444
2857 3460
2858 3232
2859 3042
2860 3270
2861 3514
2862 3568
2863 3574
2864 3628
2865 3634
2866 3688
2867 3694
2868 3508
2869 2443
2870 2459
2871 2493
2872 2509
2873 2543
2874 2559
2875 2593
2876 2409
2877 3515
2878 3567
2879 3575
2880 3627
2881 3635
2882 3687
2883 3695
2884 3507
2885 3287
2886 3327
2887 3345
2888 3385
2889 3403
2890 3443
2891 3461
2892 3269
2893 3516
2894 2850
2895 1892
2896 1894
2897 2876
2898 3566
2899 3576
2900 2904
2901 1936
2902 1938
2903 2930
2904 3626
2905 3636
2906 2958
2907 1980
2908 1982
2909 2984
2910 3686
2911 3696
2912 3012
2913 2024
2914 1850
2915 2822
2916 3506
2917 3065
2918 3097
2919 3121
2920 3153
2921 3177
2922 3209
2923 3233
2924 3041
2925 2068
2926 2074
2927 2114
2928 2120
2929 2160
2930 2166
2931 2206
2932 2028
2933 2643
2934 2663
2935 2695
2936 2715
2937 2747
2938 2767
2939 2799
2940 2611
2941 3517
2942 3565
2943 3577
2944 3625
2945 3637
2946 3685
2947 3697
2948 3505
2949 2252
2950 2262
2951 2300
2952 2310
2953 2348
2954 2358
2955 2396
2956 2214
2957 3288
2958 3326
2959 3346
2960 3384
2961 3404
2962 3442
2963 3462
2964 3268
2965 3518
2966 2444
2967 2458
2968 3564
2969 3578
2970 2494
2971 2508
2972 3624
2973 3638
2974 2544
2975 2558
2976 3684
2977 3698
2978 2594
2979 2408
2980 3504
2981 3066
2982 3096
2983 3122
2984 3152
2985 3178
2986 3208
2987 3234
2988 3040
2989 2851
2990 2875
2991 2905
2992 2929
2993 2959
2994 2983
2995 3013
2996 2821
2997 3752
2998 3814
2999 3876
3000 3938
3001 3753
3002 3289
3003 3325
3004 3813
3005 3815
3006 3347
3007 3383
3008 3875
3009 3877
3010 3405
3011 3441
3012 3937
3013 3939
3014 3463
3015 3267
3016 3751
3017 3519
3018 3563
3019 3579
3020 3623
3021 3639
3022 3683
3023 3699
3024 3503
3025 3754
3026 2644
3027 2662
3028 3812
3029 3816
3030 2696
3031 2714
3032 3874
3033 3878
3034 2748
3035 2766
3036 3936
3037 3940
3038 2800
3039 2610
3040 3750
3041 1893
3042 1937
3043 1981
3044 2025
3045 3755
3046 2069
3047 2073
3048 3811
3049 3817
3050 2115
3051 2119
3052 3873
3053 3879
3054 2161
3055 2165
3056 3935
3057 3941
3058 2207
3059 2027
3060 3749
3061 2253
3062 2261
3063 2301
3064 2309
3065 2349
3066 2357
3067 2397
3068 2213
3069 3756
3070 3810
3071 3818
3072 3872
3073 3880
3074 3934
3075 3942
3076 3748
3077 3067
3078 3095
3079 3123
3080 3151
3081 3179
3082 3207
3083 3235
3084 3039
3085 3520
3086 3562
3087 3580
3088 3622
3089 3640
3090 3682
3091 3700
3092 3502
3093 3290
3094 2852
3095 2874
3096 3324
3097 3348
3098 2906
3099 2928
3100 3382
3101 3406
3102 2960
3103 2982
3104 3440
3105 3464
3106 3014
3107 2820
3108 3266
3109 3757
3110 2445
3111 2457
3112 3809
3113 3819
3114 2495
3115 2507
3116 3871
3117 3881
3118 2545
3119 2557
3120 3933
3121 3943
3122 2595
3123 2407
3124 3747
3125 3758
3126 3808
3127 3820
3128 3870
3129 3882
3130 3932
3131 3944
3132 3746
3133 3521
3134 2645
3135 2661
3136 3561
3137 3581
3138 2697
3139 2713
3140 3621
3141 3641
3142 2749
3143 2765
3144 3681
3145 3701
3146 2801
3147 2609
3148 3501
3149 3068
3150 3094
3151 3124
3152 3150
3153 3180
3154 3206
3155 3236
3156 3038
3157 3759
3158 3291
3159 3323
3160 3807
3161 3821
3162 3349
3163 3381
3164 3869
3165 3883
3166 3407
3167 3439
3168 3931
3169 3945
3170 3465
3171 3265
3172 3745
3173 2070
3174 2072
3175 2116
3176 2118
3177 2162
3178 2164
3179 2208
3180 2026
3181 2254
3182 2260
3183 2302
3184 2308
3185 2350
3186 2356
3187 2398
3188 2212
3189 2853
3190 2873
3191 2907
3192 2927
3193 2961
3194 2981
3195 3015
3196 2819
3197 3522
3198 3560
3199 3582
3200 3620
3201 3642
3202 3680
3203 3702
3204 3500
3205 4001
3206 4065
3207 4129
3208 4193
3209 4002
3210 3760
3211 2446
3212 2456
3213 3806
3214 4064
3215 4066
3216 3822
3217 2496
3218 2506
3219 3868
3220 4128
3221 4130
3222 3884
3223 2546
3224 2556
3225 3930
3226 4192
3227 4194
3228 3946
3229 2596
3230 2406
3231 3744
3232 4000
3233 4003
3234 4063
3235 4067
3236 4127
3237 4131
3238 4191
3239 4195
3240 3999
3241 4004
3242 4062
3243 4068
3244 4126
3245 4132
3246 4190
3247 4196
3248 3998
3249 3292
3250 2646
3251 2660
3252 3322
3253 3350
3254 2698
3255 2712
3256 3380
3257 3408
3258 2750
3259 2764
3260 3438
3261 3466
3262 2802
3263 2608
3264 3264
3265 4005
3266 3069
3267 3093
3268 4061
3269 4069
3270 3125
3271 3149
3272 4125
3273 4133
3274 3181
3275 3205
3276 4189
3277 4197
3278 3237
3279 3037
3280 3997
3281 3761
3282 3805
3283 3823
3284 3867
3285 3885
3286 3929
3287 3947
3288 3743
3289 3523
3290 3559
3291 3583
3292 3619
3293 3643
3294 3679
3295 3703
3296 3499
3297 4006
3298 4060
3299 4070
3300 4124
3301 4134
3302 4188
3303 4198
3304 3996
3305 2854
3306 2872
3307 2908
3308 2926
3309 2962
3310 2980
3311 3016
3312 2818
3313 2071
3314 2117
3315 2163
3316 2209
3317 4007
3318 2255
3319 2259
3320 4059
3321 4071
3322 2303
3323 2307
3324 4123
3325 4135
3326 2351
3327 2355
3328 4187
3329 4199
3330 2399
3331 2211
3332 3995
3333 3762
3334 3804
3335 3824
3336 3866
3337 3886
3338 3928
3339 3948
3340 3742
3341 3293
3342 2447
3343 2455
3344 3321
3345 3351
3346 2497
3347 2505
3348 3379
3349 3409
3350 2547
3351 2555
3352 3437
3353 3467
3354 2597
3355 2405
3356 3263
3357 3524
3358 3558
3359 3584
3360 3618
3361 3644
3362 3678
3363 3704
3364 3498
3365 4008
3366 3070
3367 3092
3368 4058
3369 4072
3370 3126
3371 3148
3372 4122
3373 4136
3374 3182
3375 3204
3376 4186
3377 4200
3378 3238
3379 3036
3380 3994
3381 2647
3382 2659
3383 2699
3384 2711
3385 2751
3386 2763
3387 2803
3388 2607
3389 3763
3390 3803
3391 3825
3392 3865
3393 3887
3394 3927
3395 3949
3396 3741
3397 4009
3398 4057
3399 4073
3400 4121
3401 4137
3402 4185
3403 4201
3404 3993
3405 4258
3406 4324
3407 4390
3408 4456
3409 4259
3410 2855
3411 2871
3412 4323
3413 4325
3414 2909
3415 2925
3416 4389
3417 4391
3418 2963
3419 2979
3420 4455
3421 4457
3422 3017
3423 2817
3424 4257
3425 4260
3426 4322
3427 4326
3428 4388
3429 4392
3430 4454
3431 4458
3432 4256
3433 3525
3434 3557
3435 3585
3436 3617
3437 3645
3438 3677
3439 3705
3440 3497
3441 3294
3442 3320
3443 3352
3444 3378
3445 3410
3446 3436
3447 3468
3448 3262
3449 4261
3450 4321
3451 4327
3452 4387
3453 4393
3454 4453
3455 4459
3456 4255
3457 4262
3458 4010
3459 3764
3460 2256
3461 2258
3462 3802
3463 4056
3464 4320
3465 4328
3466 4074
3467 3826
3468 2304
3469 2306
3470 3864
3471 4120
3472 4386
3473 4394
3474 4138
3475 3888
3476 2352
3477 2354
3478 3926
3479 4184
3480 4452
3481 4460
3482 4202
3483 3950
3484 2400
3485 2210
3486 3740
3487 3992
3488 4254
3489 3071
3490 3091
3491 3127
3492 3147
3493 3183
3494 3203
3495 3239
3496 3035
3497 2448
3498 2454
3499 2498
3500 2504
3501 2548
3502 2554
3503 2598
3504 2404
3505 4263
3506 4319
3507 4329
3508 4385
3509 4395
3510 4451
3511 4461
3512 4253
3513 2648
3514 2658
3515 2700
3516 2710
3517 2752
3518 2762
3519 2804
3520 2606
3521 4011
3522 4055
3523 4075
3524 4119
3525 4139
3526 4183
3527 4203
3528 3991
3529 4264
3530 3526
3531 3556
3532 4318
3533 4330
3534 3586
3535 3616
3536 4384
3537 4396
3538 3646
3539 3676
3540 4450
3541 4462
3542 3706
3543 3496
3544 4252
3545 2856
3546 2870
3547 2910
3548 2924
3549 2964
3550 2978
3551 3018
3552 2816
3553 3765
3554 3295
3555 3319
3556 3801
3557 3827
3558 3353
3559 3377
3560 3863
3561 3889
3562 3411
3563 3435
3564 3925
3565 3951
3566 3469
3567 3261
3568 3739
3569 4265
3570 4317
3571 4331
3572 4383
3573 4397
3574 4449
3575 4463
3576 4251
3577 4012
3578 3072
3579 3090
3580 4054
3581 4076
3582 3128
3583 3146
3584 4118
3585 4140
3586 3184
3587 3202
3588 4182
3589 4204
3590 3240
3591 3034
3592 3990
3593 2257
3594 2305
3595 2353
3596 2401
3597 4266
3598 4316
3599 4332
3600 4382
3601 4398
3602 4448
3603 4464
3604 4250
3605 2449
3606 2453
3607 2499
3608 2503
3609 2549
3610 2553
3611 2599
3612 2403
3613 4523
3614 3527
3615 3555
3616 4591
3617 3587
3618 3615
3619 4659
3620 3647
3621 3675
3622 4727
3623 3707
3624 3495
3625 4524
3626 3766
3627 3800
3628 4590
3629 4592
3630 3828
3631 3862
3632 4658
3633 4660
3634 3890
3635 3924
3636 4726
3637 4728
3638 3952
3639 3738
3640 4522
3641 4525
3642 2649
3643 2657
3644 4589
3645 4593
3646 2701
3647 2709
3648 4657
3649 4661
3650 2753
3651 2761
3652 4725
3653 4729
3654 2805
3655 2605
3656 4521
3657 4526
3658 3296
3659 3318
3660 4588
3661 4594
3662 3354
3663 3376
3664 4656
3665 4662
3666 3412
3667 3434
3668 4724
3669 4730
3670 3470
3671 3260
3672 4520
3673 4013
3674 4053
3675 4077
3676 4117
3677 4141
3678 4181
3679 4205
3680 3989
3681 4267
3682 2857
3683 2869
3684 4315
3685 4333
3686 2911
3687 2923
3688 4381
3689 4399
3690 2965
3691 2977
3692 4447
3693 4465
3694 3019
3695 2815
3696 4249
3697 4527
3698 4587
3699 4595
3700 4655
3701 4663
3702 4723
3703 4731
3704 4519
3705 4528
3706 4586
3707 4596
3708 4654
3709 4664
3710 4722
3711 4732
3712 4518
3713 3073
3714 3089
3715 3129
3716 3145
3717 3185
3718 3201
3719 3241
3720 3033
3721 3767
3722 3799
3723 3829
3724 3861
3725 3891
3726 3923
3727 3953
3728 3737
3729 4268
3730 3528
3731 3554
3732 4314
3733 4334
3734 3588
3735 3614
3736 4380
3737 4400
3738 3648
3739 3674
3740 4446
3741 4466
3742 3708
3743 3494
3744 4248
3745 4529
3746 4585
3747 4597
3748 4653
3749 4665
3750 4721
3751 4733
3752 4517
3753 4014
3754 4052
3755 4078
3756 4116
3757 4142
3758 4180
3759 4206
3760 3988
3761 2450
3762 2452
3763 2500
3764 2502
3765 2550
3766 2552
3767 2600
3768 2402
3769 3297
3770 3317
3771 3355
3772 3375
3773 3413
3774 3433
3775 3471
3776 3259
3777 4530
3778 2650
3779 2656
3780 4584
3781 4598
3782 2702
3783 2708
3784 4652
3785 4666
3786 2754
3787 2760
3788 4720
3789 4734
3790 2806
3791 2604
3792 4516
3793 4269
3794 4313
3795 4335
3796 4379
3797 4401
3798 4445
3799 4467
3800 4247
3801 2858
3802 2868
3803 2912
3804 2922
3805 2966
3806 2976
3807 3020
3808 2814
3809 3768
3810 3798
3811 3830
3812 3860
3813 3892
3814 3922
3815 3954
3816 3736
3817 4531
3818 4015
3819 4051
3820 4583
3821 4599
3822 4079
3823 4115
3824 4651
3825 4667
3826 4143
3827 4179
3828 4719
3829 4735
3830 4207
3831 3987
3832 4515
3833 3529
3834 3553
3835 3589
3836 3613
3837 3649
3838 3673
3839 3709
3840 3493
3841 4796
3842 3074
3843 3088
3844 4866
3845 3130
3846 3144
3847 4936
3848 3186
3849 3200
3850 5006
3851 3242
3852 3032
3853 4797
3854 4865
3855 4867
3856 4935
3857 4937
3858 5005
3859 5007
3860 4795
3861 4798
3862 4864
3863 4868
3864 4934
3865 4938
3866 5004
3867 5008
3868 4794
3869 4270
3870 4312
3871 4336
3872 4378
3873 4402
3874 4444
3875 4468
3876 4246
3877 4799
3878 4863
3879 4869
3880 4933
3881 4939
3882 5003
3883 5009
3884 4793
3885 4532
3886 4582
3887 4600
3888 4650
3889 4668
3890 4718
3891 4736
3892 4514
3893 4800
3894 3298
3895 3316
3896 4862
3897 4870
3898 3356
3899 3374
3900 4932
3901 4940
3902 3414
3903 3432
3904 5002
3905 5010
3906 3472
3907 3258
3908 4792
3909 4016
3910 4050
3911 4080
3912 4114
3913 4144
3914 4178
3915 4208
3916 3986
3917 4801
3918 3769
3919 2451
3920 3797
3921 4861
3922 4871
3923 3831
3924 2501
3925 3859
3926 4931
3927 4941
3928 3893
3929 2551
3930 3921
3931 5001
3932 5011
3933 3955
3934 2601
3935 3735
3936 4791
3937 2651
3938 2655
3939 2703
3940 2707
3941 2755
3942 2759
3943 2807
3944 2603
3945 4533
3946 4581
3947 4601
3948 4649
3949 4669
3950 4717
3951 4737
3952 4513
3953 4271
3954 2859
3955 2867
3956 4311
3957 4337
3958 2913
3959 2921
3960 4377
3961 4403
3962 2967
3963 2975
3964 4443
3965 4469
3966 3021
3967 2813
3968 4245
3969 4802
3970 3530
3971 3552
3972 4860
3973 4872
3974 3590
3975 3612
3976 4930
3977 4942
3978 3650
3979 3672
3980 5000
3981 5012
3982 3710
3983 3492
3984 4790
3985 3075
3986 3087
3987 3131
3988 3143
3989 3187
3990 3199
3991 3243
3992 3031
3993 4803
3994 4859
3995 4873
3996 4929
3997 4943
3998 4999
3999 5013
4000 4789
4001 4534
4002 4580
4003 4602
4004 4648
4005 4670
4006 4716
4007 4738
4008 4512
4009 4017
4010 4049
4011 4081
4012 4113
4013 4145
4014 4177
4015 4209
4016 3985
4017 3299
4018 3315
4019 3357
4020 3373
4021 3415
4022 3431
4023 3473
4024 3257
4025 4272
4026 3770
4027 3796
4028 4310
4029 4338
4030 3832
4031 3858
4032 4376
4033 4404
4034 3894
4035 3920
4036 4442
4037 4470
4038 3956
4039 3734
4040 4244
4041 4804
4042 4858
4043 4874
4044 4928
4045 4944
4046 4998
4047 5014
4048 4788
4049 5077
4050 5149
4051 5221
4052 5293
4053 5078
4054 5148
4055 5150
4056 5220
4057 5222
4058 5292
4059 5294
4060 5076
4061 5079
4062 4535
4063 3531
4064 3551
4065 4579
4066 5147
4067 5151
4068 4603
4069 3591
4070 3611
4071 4647
4072 5219
4073 5223
4074 4671
4075 3651
4076 3671
4077 4715
4078 5291
4079 5295
4080 4739
4081 3711
4082 3491
4083 4511
4084 5075
4085 2652
4086 2654
4087 2704
4088 2706
4089 2756
4090 2758
4091 2808
4092 2602
4093 5080
4094 2860
4095 2866
4096 5146
4097 5152
4098 2914
4099 2920
4100 5218
4101 5224
4102 2968
4103 2974
4104 5290
4105 5296
4106 3022
4107 2812
4108 5074
4109 4805
4110 4857
4111 4875
4112 4927
4113 4945
4114 4997
4115 5015
4116 4787
4117 5081
4118 5145
4119 5153
4120 5217
4121 5225
4122 5289
4123 5297
4124 5073
4125 4018
4126 3076
4127 3086
4128 4048
4129 4082
4130 3132
4131 3142
4132 4112
4133 4146
4134 3188
4135 3198
4136 4176
4137 4210
4138 3244
4139 3030
4140 3984
4141 4273
4142 4309
4143 4339
4144 4375
4145 4405
4146 4441
4147 4471
4148 4243
4149 5082
4150 5144
4151 5154
4152 5216
4153 5226
4154 5288
4155 5298
4156 5072
4157 3771
4158 3795
4159 3833
4160 3857
4161 3895
4162 3919
4163 3957
4164 3733
4165 4806
4166 4536
4167 3300
4168 3314
4169 4578
4170 4856
4171 4876
4172 4604
4173 3358
4174 3372
4175 4646
4176 4926
4177 4946
4178 4672
4179 3416
4180 3430
4181 4714
4182 4996
4183 5016
4184 4740
4185 3474
4186 3256
4187 4510
4188 4786
4189 5083
4190 5143
4191 5155
4192 5215
4193 5227
4194 5287
4195 5299
4196 5071
4197 3532
4198 3550
4199 3592
4200 3610
4201 3652
4202 3670
4203 3712
4204 3490
4205 5084
4206 4274
4207 4308
4208 5142
4209 5156
4210 4340
4211 4374
4212 5214
4213 5228
4214 4406
4215 4440
4216 5286
4217 5300
4218 4472
4219 4242
4220 5070
4221 4807
4222 4855
4223 4877
4224 4925
4225 4947
4226 4995
4227 5017
4228 4785
4229 4019
4230 4047
4231 4083
4232 4111
4233 4147
4234 4175
4235 4211
4236 3983
4237 4537
4238 2653
4239 4577
4240 4605
4241 2705
4242 4645
4243 4673
4244 2757
4245 4713
4246 4741
4247 2809
4248 4509
4249 2861
4250 2865
4251 2915
4252 2919
4253 2969
4254 2973
4255 3023
4256 2811
4257 5085
4258 3077
4259 3085
4260 5141
4261 5157
4262 3133
4263 3141
4264 5213
4265 5229
4266 3189
4267 3197
4268 5285
4269 5301
4270 3245
4271 3029
4272 5069
4273 3772
4274 3794
4275 3834
4276 3856
4277 3896
4278 3918
4279 3958
4280 3732
4281 5366
4282 4808
4283 4854
4284 5440
4285 4878
4286 4924
4287 5514
4288 4948
4289 4994
4290 5588
4291 5018
4292 4784
4293 5367
4294 3301
4295 3313
4296 5439
4297 5441
4298 3359
4299 3371
4300 5513
4301 5515
4302 3417
4303 3429
4304 5587
4305 5589
4306 3475
4307 3255
4308 5365
4309 5368
4310 5438
4311 5442
4312 5512
4313 5516
4314 5586
4315 5590
4316 5364
4317 5086
4318 5140
4319 5158
4320 5212
4321 5230
4322 5284
4323 5302
4324 5068
4325 5369
4326 4275
4327 4307
4328 5437
4329 5443
4330 4341
4331 4373
4332 5511
4333 5517
4334 4407
4335 4439
4336 5585
4337 5591
4338 4473
4339 4241
4340 5363
4341 4538
4342 4576
4343 4606
4344 4644
4345 4674
4346 4712
4347 4742
4348 4508
4349 3533
4350 3549
4351 3593
4352 3609
4353 3653
4354 3669
4355 3713
4356 3489
4357 5370
4358 4020
4359 4046
4360 5436
4361 5444
4362 4084
4363 4110
4364 5510
4365 5518
4366 4148
4367 4174
4368 5584
4369 5592
4370 4212
4371 3982
4372 5362
4373 5371
4374 4809
4375 4853
4376 5435
4377 5445
4378 4879
4379 4923
4380 5509
4381 5519
4382 4949
4383 4993
4384 5583
4385 5593
4386 5019
4387 4783
4388 5361
4389 5087
4390 5139
4391 5159
4392 5211
4393 5231
4394 5283
4395 5303
4396 5067
4397 3773
4398 3793
4399 3835
4400 3855
4401 3897
4402 3917
4403 3959
4404 3731
4405 5372
4406 2862
4407 2864
4408 5434
4409 5446
4410 2916
4411 2918
4412 5508
4413 5520
4414 2970
4415 2972
4416 5582
4417 5594
4418 3024
4419 2810
4420 5360
4421 3078
4422 3084
4423 3134
4424 3140
4425 3190
4426 3196
4427 3246
4428 3028
4429 4539
4430 4575
4431 4607
4432 4643
4433 4675
4434 4711
4435 4743
4436 4507
4437 4276
4438 4306
4439 4342
4440 4372
4441 4408
4442 4438
4443 4474
4444 4240
4445 5088
4446 3302
4447 3312
4448 5138
4449 5160
4450 3360
4451 3370
4452 5210
4453 5232
4454 3418
4455 3428
4456 5282
4457 5304
4458 3476
4459 3254
4460 5066
4461 5373
4462 5433
4463 5447
4464 5507
4465 5521
4466 5581
4467 5595
4468 5359
4469 4810
4470 4852
4471 4880
4472 4922
4473 4950
4474 4992
4475 5020
4476 4782
4477 4021
4478 4045
4479 4085
4480 4109
4481 4149
4482 4173
4483 4213
4484 3981
4485 3534
4486 3548
4487 3594
4488 3608
4489 3654
4490 3668
4491 3714
4492 3488
4493 5374
4494 5432
4495 5448
4496 5506
4497 5522
4498 5580
4499 5596
4500 5358
4501 5089
4502 5137
4503 5161
4504 5209
4505 5233
4506 5281
4507 5305
4508 5065
4509 5663
4510 5739
4511 5815
4512 5891
4513 5664
4514 4540
4515 3774
4516 3792
4517 4574
4518 5738
4519 5740
4520 4608
4521 3836
4522 3854
4523 4642
4524 5814
4525 5816
4526 4676
4527 3898
4528 3916
4529 4710
4530 5890
4531 5892
4532 4744
4533 3960
4534 3730
4535 4506
4536 5662
4537 5665
4538 5737
4539 5741
4540 5813
4541 5817
4542 5889
4543 5893
4544 5661
4545 5375
4546 4811
4547 4277
4548 4305
4549 4851
4550 5431
4551 5449
4552 4881
4553 4343
4554 4371
4555 4921
4556 5505
4557 5523
4558 4951
4559 4409
4560 4437
4561 4991
4562 5579
4563 5597
4564 5021
4565 4475
4566 4239
4567 4781
4568 5357
4569 5666
4570 5736
4571 5742
4572 5812
4573 5818
4574 5888
4575 5894
4576 5660
4577 2863
4578 2917
4579 2971
4580 3025
4581 5667
4582 3079
4583 3083
4584 5735
4585 5743
4586 3135
4587 3139
4588 5811
4589 5819
4590 3191
4591 3195
4592 5887
4593 5895
4594 3247
4595 3027
4596 5659
4597 5090
4598 4022
4599 4044
4600 5136
4601 5162
4602 4086
4603 4108
4604 5208
4605 5234
4606 4150
4607 4172
4608 5280
4609 5306
4610 4214
4611 3980
4612 5064
4613 3303
4614 3311
4615 3361
4616 3369
4617 3419
4618 3427
4619 3477
4620 3253
4621 5668
4622 5376
4623 5430
4624 5734
4625 5744
4626 5450
4627 5504
4628 5810
4629 5820
4630 5524
4631 5578
4632 5886
4633 5896
4634 5598
4635 5356
4636 5658
4637 3535
4638 3547
4639 3595
4640 3607
4641 3655
4642 3667
4643 3715
4644 3487
4645 5669
4646 4541
4647 4573
4648 5733
4649 5745
4650 4609
4651 4641
4652 5809
4653 5821
4654 4677
4655 4709
4656 5885
4657 5897
4658 4745
4659 4505
4660 5657
4661 4812
4662 4850
4663 4882
4664 4920
4665 4952
4666 4990
4667 5022
4668 4780
4669 4278
4670 4304
4671 4344
4672 4370
4673 4410
4674 4436
4675 4476
4676 4238
4677 5377
4678 3775
4679 3791
4680 5429
4681 5451
4682 3837
4683 3853
4684 5503
4685 5525
4686 3899
4687 3915
4688 5577
4689 5599
4690 3961
4691 3729
4692 5355
4693 5091
4694 5135
4695 5163
4696 5207
4697 5235
4698 5279
4699 5307
4700 5063
4701 5670
4702 5732
4703 5746
4704 5808
4705 5822
4706 5884
4707 5898
4708 5656
4709 5671
4710 4023
4711 4043
4712 5731
4713 5747
4714 4087
4715 4107
4716 5807
4717 5823
4718 4151
4719 4171
4720 5883
4721 5899
4722 4215
4723 3979
4724 5655
4725 5378
4726 3080
4727 3082
4728 5428
4729 5452
4730 3136
4731 3138
4732 5502
4733 5526
4734 3192
4735 3194
4736 5576
4737 5600
4738 3248
4739 3026
4740 5354
4741 4813
4742 4849
4743 4883
4744 4919
4745 4953
4746 4989
4747 5023
4748 4779
4749 4542
4750 3304
4751 3310
4752 4572
4753 4610
4754 3362
4755 3368
4756 4640
4757 4678
4758 3420
4759 3426
4760 4708
4761 4746
4762 3478
4763 3252
4764 4504
4765 5968
4766 5092
4767 5134
4768 6046
4769 5164
4770 5206
4771 6124
4772 5236
4773 5278
4774 6202
4775 5308
4776 5062
4777 5969
4778 6045
4779 6047
4780 6123
4781 6125
4782 6201
4783 6203
4784 5967
4785 5970
4786 5672
4787 3536
4788 3546
4789 5730
4790 6044
4791 6048
4792 5748
4793 3596
4794 3606
4795 5806
4796 6122
4797 6126
4798 5824
4799 3656
4800 3666
4801 5882
4802 6200
4803 6204
4804 5900
4805 3716
4806 3486
4807 5654
4808 5966
4809 5971
4810 4279
4811 4303
4812 6043
4813 6049
4814 4345
4815 4369
4816 6121
4817 6127
4818 4411
4819 4435
4820 6199
4821 6205
4822 4477
4823 4237
4824 5965
4825 5972
4826 3776
4827 3790
4828 6042
4829 6050
4830 3838
4831 3852
4832 6120
4833 6128
4834 3900
4835 3914
4836 6198
4837 6206
4838 3962
4839 3728
4840 5964
4841 5379
4842 5427
4843 5453
4844 5501
4845 5527
4846 5575
4847 5601
4848 5353
4849 5673
4850 5729
4851 5749
4852 5805
4853 5825
4854 5881
4855 5901
4856 5653
4857 5973
4858 6041
4859 6051
4860 6119
4861 6129
4862 6197
4863 6207
4864 5963
4865 4814
4866 4848
4867 4884
4868 4918
4869 4954
4870 4988
4871 5024
4872 4778
4873 5093
4874 5133
4875 5165
4876 5205
4877 5237
4878 5277
4879 5309
4880 5061
4881 4024
4882 4042
4883 4088
4884 4106
4885 4152
4886 4170
4887 4216
4888 3978
4889 4543
4890 4571
4891 4611
4892 4639
4893 4679
4894 4707
4895 4747
4896 4503
4897 5974
4898 6040
4899 6052
4900 6118
4901 6130
4902 6196
4903 6208
4904 5962
4905 5674
4906 5380
4907 5426
4908 5728
4909 5750
4910 5454
4911 5500
4912 5804
4913 5826
4914 5528
4915 5574
4916 5880
4917 5902
4918 5602
4919 5352
4920 5652
4921 3081
4922 3137
4923 3193
4924 3249
4925 5975
4926 3305
4927 3309
4928 6039
4929 6053
4930 3363
4931 3367
4932 6117
4933 6131
4934 3421
4935 3425
4936 6195
4937 6209
4938 3479
4939 3251
4940 5961
4941 4280
4942 4302
4943 4346
4944 4368
4945 4412
4946 4434
4947 4478
4948 4236
4949 3537
4950 3545
4951 3597
4952 3605
4953 3657
4954 3665
4955 3717
4956 3485
4957 5976
4958 5094
4959 5132
4960 6038
4961 6054
4962 5166
4963 5204
4964 6116
4965 6132
4966 5238
4967 5276
4968 6194
4969 6210
4970 5310
4971 5060
4972 5960
4973 4815
4974 3777
4975 3789
4976 4847
4977 4885
4978 3839
4979 3851
4980 4917
4981 4955
4982 3901
4983 3913
4984 4987
4985 5025
4986 3963
4987 3727
4988 4777
4989 5675
4990 5727
4991 5751
4992 5803
4993 5827
4994 5879
4995 5903
4996 5651
4997 5381
4998 5425
4999 5455
5000 5499
5001 5529
5002 5573
5003 5603
5004 5351
5005 4544
5006 4570
5007 4612
5008 4638
5009 4680
5010 4706
5011 4748
5012 4502
5013 6281
5014 4025
5015 4041
5016 6361
5017 4089
5018 4105
5019 6441
5020 4153
5021 4169
5022 6521
5023 4217
5024 3977
5025 6282
5026 6360
5027 6362
5028 6440
5029 6442
5030 6520
5031 6522
5032 6280
5033 5977
5034 6037
5035 6055
5036 6115
5037 6133
5038 6193
5039 6211
5040 5959
5041 6283
5042 6359
5043 6363
5044 6439
5045 6443
5046 6519
5047 6523
5048 6279
5049 6284
5050 6358
5051 6364
5052 6438
5053 6444
5054 6518
5055 6524
5056 6278
5057 5676
5058 5726
5059 5752
5060 5802
5061 5828
5062 5878
5063 5904
5064 5650
5065 6285
5066 6357
5067 6365
5068 6437
5069 6445
5070 6517
5071 6525
5072 6277
5073 4281
5074 4301
5075 4347
5076 4367
5077 4413
5078 4433
5079 4479
5080 4235
5081 5095
5082 5131
5083 5167
5084 5203
5085 5239
5086 5275
5087 5311
5088 5059
5089 5978
5090 6036
5091 6056
5092 6114
5093 6134
5094 6192
5095 6212
5096 5958
5097 6286
5098 5382
5099 4816
5100 3306
5101 3308
5102 4846
5103 5424
5104 6356
5105 6366
5106 5456
5107 4886
5108 3364
5109 3366
5110 4916
5111 5498
5112 6436
5113 6446
5114 5530
5115 4956
5116 3422
5117 3424
5118 4986
5119 5572
5120 6516
5121 6526
5122 5604
5123 5026
5124 3480
5125 3250
5126 4776
5127 5350
5128 6276
5129 3538
5130 3544
5131 3598
5132 3604
5133 3658
5134 3664
5135 3718
5136 3484
5137 6287
5138 6355
5139 6367
5140 6435
5141 6447
5142 6515
5143 6527
5144 6275
5145 3778
5146 3788
5147 3840
5148 3850
5149 3902
5150 3912
5151 3964
5152 3726
5153 5677
5154 4545
5155 4569
5156 5725
5157 5753
5158 4613
5159 4637
5160 5801
5161 5829
5162 4681
5163 4705
5164 5877
5165 5905
5166 4749
5167 4501
5168 5649
5169 5979
5170 6035
5171 6057
5172 6113
5173 6135
5174 6191
5175 6213
5176 5957
5177 6288
5178 4026
5179 4040
5180 6354
5181 6368
5182 4090
5183 4104
5184 6434
5185 6448
5186 4154
5187 4168
5188 6514
5189 6528
5190 4218
5191 3976
5192 6274
5193 5096
5194 5130
5195 5168
5196 5202
5197 5240
5198 5274
5199 5312
5200 5058
5201 5383
5202 5423
5203 5457
5204 5497
5205 5531
5206 5571
5207 5605
5208 5349
5209 6289
5210 6353
5211 6369
5212 6433
5213 6449
5214 6513
5215 6529
5216 6273
5217 5980
5218 4282
5219 4300
5220 6034
5221 6058
5222 4348
5223 4366
5224 6112
5225 6136
5226 4414
5227 4432
5228 6190
5229 6214
5230 4480
5231 4234
5232 5956
5233 4817
5234 4845
5235 4887
5236 4915
5237 4957
5238 4985
5239 5027
5240 4775
5241 5678
5242 5724
5243 5754
5244 5800
5245 5830
5246 5876
5247 5906
5248 5648
5249 6602
5250 6290
5251 6352
5252 6684
5253 6370
5254 6432
5255 6766
5256 6450
5257 6512
5258 6848
5259 6530
5260 6272
5261 6603
5262 3307
5263 6683
5264 6685
5265 3365
5266 6765
5267 6767
5268 3423
5269 6847
5270 6849
5271 3481
5272 6601
5273 3539
5274 3543
5275 3599
5276 3603
5277 3659
5278 3663
5279 3719
5280 3483
5281 6604
5282 4546
5283 4568
5284 6682
5285 6686
5286 4614
5287 4636
5288 6764
5289 6768
5290 4682
5291 4704
5292 6846
5293 6850
5294 4750
5295 4500
5296 6600
5297 6605
5298 5981
5299 3779
5300 3787
5301 6033
5302 6681
5303 6687
5304 6059
5305 3841
5306 3849
5307 6111
5308 6763
5309 6769
5310 6137
5311 3903
5312 3911
5313 6189
5314 6845
5315 6851
5316 6215
5317 3965
5318 3725
5319 5955
5320 6599
5321 5384
5322 5422
5323 5458
5324 5496
5325 5532
5326 5570
5327 5606
5328 5348
5329 5097
5330 5129
5331 5169
5332 5201
5333 5241
5334 5273
5335 5313
5336 5057
5337 6606
5338 6680
5339 6688
5340 6762
5341 6770
5342 6844
5343 6852
5344 6598
5345 6291
5346 5679
5347 4027
5348 4039
5349 5723
5350 6351
5351 6371
5352 5755
5353 4091
5354 4103
5355 5799
5356 6431
5357 6451
5358 5831
5359 4155
5360 4167
5361 5875
5362 6511
5363 6531
5364 5907
5365 4219
5366 3975
5367 5647
5368 6271
5369 6607
5370 6679
5371 6689
5372 6761
5373 6771
5374 6843
5375 6853
5376 6597
5377 4818
5378 4844
5379 4888
5380 4914
5381 4958
5382 4984
5383 5028
5384 4774
5385 4283
5386 4299
5387 4349
5388 4365
5389 4415
5390 4431
5391 4481
5392 4233
5393 6608
5394 5982
5395 6032
5396 6678
5397 6690
5398 6060
5399 6110
5400 6760
5401 6772
5402 6138
5403 6188
5404 6842
5405 6854
5406 6216
5407 5954
5408 6596
5409 6292
5410 6350
5411 6372
5412 6430
5413 6452
5414 6510
5415 6532
5416 6270
5417 6609
5418 5385
5419 5421
5420 6677
5421 6691
5422 5459
5423 5495
5424 6759
5425 6773
5426 5533
5427 5569
5428 6841
5429 6855
5430 5607
5431 5347
5432 6595
5433 4547
5434 4567
5435 4615
5436 4635
5437 4683
5438 4703
5439 4751
5440 4499
5441 5680
5442 5722
5443 5756
5444 5798
5445 5832
5446 5874
5447 5908
5448 5646
5449 5098
5450 5128
5451 5170
5452 5200
5453 5242
5454 5272
5455 5314
5456 5056
5457 3540
5458 3542
5459 3600
5460 3602
5461 3660
5462 3662
5463 3720
5464 3482
5465 6293
5466 6349
5467 6373
5468 6429
5469 6453
5470 6509
5471 6533
5472 6269
5473 6610
5474 3780
5475 3786
5476 6676
5477 6692
5478 3842
5479 3848
5480 6758
5481 6774
5482 3904
5483 3910
5484 6840
5485 6856
5486 3966
5487 3724
5488 6594
5489 5983
5490 6031
5491 6061
5492 6109
5493 6139
5494 6187
5495 6217
5496 5953
5497 4028
5498 4038
5499 4092
5500 4102
5501 4156
5502 4166
5503 4220
5504 3974
5505 4819
5506 4843
5507 4889
5508 4913
5509 4959
5510 4983
5511 5029
5512 4773
5513 6611
5514 6675
5515 6693
5516 6757
5517 6775
5518 6839
5519 6857
5520 6593
5521 6931
5522 7015
5523 7099
5524 7183
5525 6932
5526 4284
5527 4298
5528 7014
5529 7016
5530 4350
5531 4364
5532 7098
5533 7100
5534 4416
5535 4430
5536 7182
5537 7184
5538 4482
5539 4232
5540 6930
5541 6933
5542 5681
5543 5721
5544 7013
5545 7017
5546 5757
5547 5797
5548 7097
5549 7101
5550 5833
5551 5873
5552 7181
5553 7185
5554 5909
5555 5645
5556 6929
5557 6294
5558 5386
5559 5420
5560 6348
5561 6374
5562 5460
5563 5494
5564 6428
5565 6454
5566 5534
5567 5568
5568 6508
5569 6534
5570 5608
5571 5346
5572 6268
5573 6934
5574 7012
5575 7018
5576 7096
5577 7102
5578 7180
5579 7186
5580 6928
5581 5984
5582 6030
5583 6062
5584 6108
5585 6140
5586 6186
5587 6218
5588 5952
5589 6935
5590 5099
5591 5127
5592 7011
5593 7019
5594 5171
5595 5199
5596 7095
5597 7103
5598 5243
5599 5271
5600 7179
5601 7187
5602 5315
5603 5055
5604 6927
5605 6612
5606 4548
5607 4566
5608 6674
5609 6694
5610 4616
5611 4634
5612 6756
5613 6776
5614 4684
5615 4702
5616 6838
5617 6858
5618 4752
5619 4498
5620 6592
5621 6936
5622 7010
5623 7020
5624 7094
5625 7104
5626 7178
5627 7188
5628 6926
5629 6295
5630 6347
5631 6375
5632 6427
5633 6455
5634 6507
5635 6535
5636 6267
5637 6937
5638 3541
5639 7009
5640 7021
5641 3601
5642 7093
5643 7105
5644 3661
5645 7177
5646 7189
5647 3721
5648 6925
5649 4820
5650 4842
5651 4890
5652 4912
5653 4960
5654 4982
5655 5030
5656 4772
5657 6613
5658 3781
5659 3785
5660 6673
5661 6695
5662 3843
5663 3847
5664 6755
5665 6777
5666 3905
5667 3909
5668 6837
5669 6859
5670 3967
5671 3723
5672 6591
5673 5682
5674 5720
5675 5758
5676 5796
5677 5834
5678 5872
5679 5910
5680 5644
5681 4029
5682 4037
5683 4093
5684 4101
5685 4157
5686 4165
5687 4221
5688 3973
5689 5985
5690 5387
5691 5419
5692 6029
5693 6063
5694 5461
5695 5493
5696 6107
5697 6141
5698 5535
5699 5567
5700 6185
5701 6219
5702 5609
5703 5345
5704 5951
5705 6938
5706 7008
5707 7022
5708 7092
5709 7106
5710 7176
5711 7190
5712 6924
5713 4285
5714 4297
5715 4351
5716 4363
5717 4417
5718 4429
5719 4483
5720 4231
5721 6614
5722 6296
5723 5100
5724 5126
5725 6346
5726 6672
5727 6696
5728 6376
5729 5172
5730 5198
5731 6426
5732 6754
5733 6778
5734 6456
5735 5244
5736 5270
5737 6506
5738 6836
5739 6860
5740 6536
5741 5316
5742 5054
5743 6266
5744 6590
5745 6939
5746 7007
5747 7023
5748 7091
5749 7107
5750 7175
5751 7191
5752 6923
5753 4549
5754 4565
5755 4617
5756 4633
5757 4685
5758 4701
5759 4753
5760 4497
5761 5683
5762 5719
5763 5759
5764 5795
5765 5835
5766 5871
5767 5911
5768 5643
5769 6940
5770 5986
5771 6028
5772 7006
5773 7024
5774 6064
5775 6106
5776 7090
5777 7108
5778 6142
5779 6184
5780 7174
5781 7192
5782 6220
5783 5950
5784 6922
5785 7268
5786 7354
5787 7440
5788 7526
5789 7269
5790 6615
5791 4821
5792 4841
5793 6671
5794 7353
5795 7355
5796 6697
5797 4891
5798 4911
5799 6753
5800 7439
5801 7441
5802 6779
5803 4961
5804 4981
5805 6835
5806 7525
5807 7527
5808 6861
5809 5031
5810 4771
5811 6589
5812 7267
5813 7270
5814 5388
5815 5418
5816 7352
5817 7356
5818 5462
5819 5492
5820 7438
5821 7442
5822 5536
5823 5566
5824 7524
5825 7528
5826 5610
5827 5344
5828 7266
5829 6297
5830 6345
5831 6377
5832 6425
5833 6457
5834 6505
5835 6537
5836 6265
5837 7271
5838 7351
5839 7357
5840 7437
5841 7443
5842 7523
5843 7529
5844 7265
5845 3782
5846 3784
5847 3844
5848 3846
5849 3906
5850 3908
5851 3968
5852 3722
5853 6941
5854 7005
5855 7025
5856 7089
5857 7109
5858 7173
5859 7193
5860 6921
5861 7272
5862 4030
5863 4036
5864 7350
5865 7358
5866 4094
5867 4100
5868 7436
5869 7444
5870 4158
5871 4164
5872 7522
5873 7530
5874 4222
5875 3972
5876 7264
5877 5101
5878 5125
5879 5173
5880 5197
5881 5245
5882 5269
5883 5317
5884 5053
5885 4286
5886 4296
5887 4352
5888 4362
5889 4418
5890 4428
5891 4484
5892 4230
5893 7273
5894 7349
5895 7359
5896 7435
5897 7445
5898 7521
5899 7531
5900 7263
5901 6616
5902 6670
5903 6698
5904 6752
5905 6780
5906 6834
5907 6862
5908 6588
5909 5987
5910 6027
5911 6065
5912 6105
5913 6143
5914 6183
5915 6221
5916 5949
5917 7274
5918 6942
5919 5684
5920 4550
5921 4564
5922 5718
5923 7004
5924 7348
5925 7360
5926 7026
5927 5760
5928 4618
5929 4632
5930 5794
5931 7088
5932 7434
5933 7446
5934 7110
5935 5836
5936 4686
5937 4700
5938 5870
5939 7172
5940 7520
5941 7532
5942 7194
5943 5912
5944 4754
5945 4496
5946 5642
5947 6920
5948 7262
5949 6298
5950 6344
5951 6378
5952 6424
5953 6458
5954 6504
5955 6538
5956 6264
5957 7275
5958 5389
5959 5417
5960 7347
5961 7361
5962 5463
5963 5491
5964 7433
5965 7447
5966 5537
5967 5565
5968 7519
5969 7533
5970 5611
5971 5343
5972 7261
5973 4822
5974 4840
5975 4892
5976 4910
5977 4962
5978 4980
5979 5032
5980 4770
5981 6617
5982 6669
5983 6699
5984 6751
5985 6781
5986 6833
5987 6863
5988 6587
5989 6943
5990 7003
5991 7027
5992 7087
5993 7111
5994 7171
5995 7195
5996 6919
5997 7276
5998 7346
5999 7362
6000 7432
6001 7448
6002 7518
6003 7534
6004 7260
6005 5988
6006 5102
6007 5124
6008 6026
6009 6066
6010 5174
6011 5196
6012 6104
6013 6144
6014 5246
6015 5268
6016 6182
6017 6222
6018 5318
6019 5052
6020 5948
6021 3783
6022 3845
6023 3907
6024 3969
6025 6299
6026 4031
6027 4035
6028 6343
6029 6379
6030 4095
6031 4099
6032 6423
6033 6459
6034 4159
6035 4163
6036 6503
6037 6539
6038 4223
6039 3971
6040 6263
6041 5685
6042 5717
6043 5761
6044 5793
6045 5837
6046 5869
6047 5913
6048 5641
6049 7277
6050 4287
6051 4295
6052 7345
6053 7363
6054 4353
6055 4361
6056 7431
6057 7449
6058 4419
6059 4427
6060 7517
6061 7535
6062 4485
6063 4229
6064 7259
6065 6944
6066 7002
6067 7028
6068 7086
6069 7112
6070 7170
6071 7196
6072 6918
6073 7613
6074 7701
6075 7789
6076 7877
6077 7614
6078 6618
6079 6668
6080 7700
6081 7702
6082 6700
6083 6750
6084 7788
6085 7790
6086 6782
6087 6832
6088 7876
6089 7878
6090 6864
6091 6586
6092 7612
6093 7615
6094 4551
6095 4563
6096 7699
6097 7703
6098 4619
6099 4631
6100 7787
6101 7791
6102 4687
6103 4699
6104 7875
6105 7879
6106 4755
6107 4495
6108 7611
6109 7616
6110 5390
6111 5416
6112 7698
6113 7704
6114 5464
6115 5490
6116 7786
6117 7792
6118 5538
6119 5564
6120 7874
6121 7880
6122 5612
6123 5342
6124 7610
6125 7278
6126 7344
6127 7364
6128 7430
6129 7450
6130 7516
6131 7536
6132 7258
6133 7617
6134 7697
6135 7705
6136 7785
6137 7793
6138 7873
6139 7881
6140 7609
6141 4823
6142 4839
6143 4893
6144 4909
6145 4963
6146 4979
6147 5033
6148 4769
6149 6945
6150 7001
6151 7029
6152 7085
6153 7113
6154 7169
6155 7197
6156 6917
6157 7618
6158 6300
6159 6342
6160 7696
6161 7706
6162 6380
6163 6422
6164 7784
6165 7794
6166 6460
6167 6502
6168 7872
6169 7882
6170 6540
6171 6262
6172 7608
6173 5989
6174 6025
6175 6067
6176 6103
6177 6145
6178 6181
6179 6223
6180 5947
6181 7279
6182 6619
6183 6667
6184 7343
6185 7365
6186 6701
6187 6749
6188 7429
6189 7451
6190 6783
6191 6831
6192 7515
6193 7537
6194 6865
6195 6585
6196 7257
6197 7619
6198 5103
6199 5123
6200 7695
6201 7707
6202 5175
6203 5195
6204 7783
6205 7795
6206 5247
6207 5267
6208 7871
6209 7883
6210 5319
6211 5051
6212 7607
6213 5686
6214 5716
6215 5762
6216 5792
6217 5838
6218 5868
6219 5914
6220 5640
6221 7620
6222 4032
6223 4034
6224 7694
6225 7708
6226 4096
6227 4098
6228 7782
6229 7796
6230 4160
6231 4162
6232 7870
6233 7884
6234 4224
6235 3970
6236 7606
6237 6946
6238 4288
6239 4294
6240 7000
6241 7030
6242 4354
6243 4360
6244 7084
6245 7114
6246 4420
6247 4426
6248 7168
6249 7198
6250 4486
6251 4228
6252 6916
6253 7280
6254 7342
6255 7366
6256 7428
6257 7452
6258 7514
6259 7538
6260 7256
6261 5391
6262 5415
6263 5465
6264 5489
6265 5539
6266 5563
6267 5613
6268 5341
6269 4552
6270 4562
6271 4620
6272 4630
6273 4688
6274 4698
6275 4756
6276 4494
6277 7621
6278 6301
6279 6341
6280 7693
6281 7709
6282 6381
6283 6421
6284 7781
6285 7797
6286 6461
6287 6501
6288 7869
6289 7885
6290 6541
6291 6261
6292 7605
6293 6620
6294 5990
6295 6024
6296 6666
6297 6702
6298 6068
6299 6102
6300 6748
6301 6784
6302 6146
6303 6180
6304 6830
6305 6866
6306 6224
6307 5946
6308 6584
6309 4824
6310 4838
6311 4894
6312 4908
6313 4964
6314 4978
6315 5034
6316 4768
6317 7622
6318 7692
6319 7710
6320 7780
6321 7798
6322 7868
6323 7886
6324 7604
6325 7281
6326 7341
6327 7367
6328 7427
6329 7453
6330 7513
6331 7539
6332 7255
6333 6947
6334 5687
6335 5715
6336 6999
6337 7031
6338 5763
6339 5791
6340 7083
6341 7115
6342 5839
6343 5867
6344 7167
6345 7199
6346 5915
6347 5639
6348 6915
6349 7966
6350 5104
6351 5122
6352 8056
6353 5176
6354 5194
6355 8146
6356 5248
6357 5266
6358 8236
6359 5320
6360 5050
6361 7967
6362 8055
6363 8057
6364 8145
6365 8147
6366 8235
6367 8237
6368 7965
6369 7968
6370 8054
6371 8058
6372 8144
6373 8148
6374 8234
6375 8238
6376 7964
6377 7969
6378 8053
6379 8059
6380 8143
6381 8149
6382 8233
6383 8239
6384 7963
6385 7623
6386 7691
6387 7711
6388 7779
6389 7799
6390 7867
6391 7887
6392 7603
6393 7970
6394 6302
6395 6340
6396 8052
6397 8060
6398 6382
6399 6420
6400 8142
6401 8150
6402 6462
6403 6500
6404 8232
6405 8240
6406 6542
6407 6260
6408 7962
6409 6621
6410 6665
6411 6703
6412 6747
6413 6785
6414 6829
6415 6867
6416 6583
6417 7282
6418 5392
6419 5414
6420 7340
6421 7368
6422 5466
6423 5488
6424 7426
6425 7454
6426 5540
6427 5562
6428 7512
6429 7540
6430 5614
6431 5340
6432 7254
6433 4033
6434 4097
6435 4161
6436 4225
6437 7971
6438 5991
6439 4289
6440 4293
6441 6023
6442 8051
6443 8061
6444 6069
6445 4355
6446 4359
6447 6101
6448 8141
6449 8151
6450 6147
6451 4421
6452 4425
6453 6179
6454 8231
6455 8241
6456 6225
6457 4487
6458 4227
6459 5945
6460 7961
6461 6948
6462 6998
6463 7032
6464 7082
6465 7116
6466 7166
6467 7200
6468 6914
6469 4553
6470 4561
6471 4621
6472 4629
6473 4689
6474 4697
6475 4757
6476 4493
6477 7624
6478 7690
6479 7712
6480 7778
6481 7800
6482 7866
6483 7888
6484 7602
6485 7972
6486 8050
6487 8062
6488 8140
6489 8152
6490 8230
6491 8242
6492 7960
6493 4825
6494 4837
6495 4895
6496 4907
6497 4965
6498 4977
6499 5035
6500 4767
6501 5688
6502 5714
6503 5764
6504 5790
6505 5840
6506 5866
6507 5916
6508 5638
6509 7973
6510 7283
6511 7339
6512 8049
6513 8063
6514 7369
6515 7425
6516 8139
6517 8153
6518 7455
6519 7511
6520 8229
6521 8243
6522 7541
6523 7253
6524 7959
6525 7625
6526 5105
6527 5121
6528 7689
6529 7713
6530 5177
6531 5193
6532 7777
6533 7801
6534 5249
6535 5265
6536 7865
6537 7889
6538 5321
6539 5049
6540 7601
6541 6622
6542 6664
6543 6704
6544 6746
6545 6786
6546 6828
6547 6868
6548 6582
6549 6303
6550 6339
6551 6383
6552 6419
6553 6463
6554 6499
6555 6543
6556 6259
6557 6949
6558 6997
6559 7033
6560 7081
6561 7117
6562 7165
6563 7201
6564 6913
6565 7974
6566 8048
6567 8064
6568 8138
6569 8154
6570 8228
6571 8244
6572 7958
6573 5992
6574 6022
6575 6070
6576 6100
6577 6148
6578 6178
6579 6226
6580 5944
6581 5393
6582 5413
6583 5467
6584 5487
6585 5541
6586 5561
6587 5615
6588 5339
6589 7626
6590 7284
6591 7338
6592 7688
6593 7714
6594 7370
6595 7424
6596 7776
6597 7802
6598 7456
6599 7510
6600 7864
6601 7890
6602 7542
6603 7252
6604 7600
6605 7975
6606 8047
6607 8065
6608 8137
6609 8155
6610 8227
6611 8245
6612 7957
6613 4290
6614 4292
6615 4356
6616 4358
6617 4422
6618 4424
6619 4488
6620 4226
6621 8327
6622 8419
6623 8511
6624 8603
6625 8328
6626 4554
6627 4560
6628 8418
6629 8420
6630 4622
6631 4628
6632 8510
6633 8512
6634 4690
6635 4696
6636 8602
6637 8604
6638 4758
6639 4492
6640 8326
6641 8329
6642 5689
6643 5713
6644 8417
6645 8421
6646 5765
6647 5789
6648 8509
6649 8513
6650 5841
6651 5865
6652 8601
6653 8605
6654 5917
6655 5637
6656 8325
6657 6623
6658 6663
6659 6705
6660 6745
6661 6787
6662 6827
6663 6869
6664 6581
6665 8330
6666 7976
6667 6950
6668 4826
6669 4836
6670 6996
6671 8046
6672 8416
6673 8422
6674 8066
6675 7034
6676 4896
6677 4906
6678 7080
6679 8136
6680 8508
6681 8514
6682 8156
6683 7118
6684 4966
6685 4976
6686 7164
6687 8226
6688 8600
6689 8606
6690 8246
6691 7202
6692 5036
6693 4766
6694 6912
6695 7956
6696 8324
6697 6304
6698 6338
6699 6384
6700 6418
6701 6464
6702 6498
6703 6544
6704 6258
6705 8331
6706 7627
6707 7687
6708 8415
6709 8423
6710 7715
6711 7775
6712 8507
6713 8515
6714 7803
6715 7863
6716 8599
6717 8607
6718 7891
6719 7599
6720 8323
6721 5106
6722 5120
6723 5178
6724 5192
6725 5250
6726 5264
6727 5322
6728 5048
6729 7285
6730 7337
6731 7371
6732 7423
6733 7457
6734 7509
6735 7543
6736 7251
6737 8332
6738 8414
6739 8424
6740 8506
6741 8516
6742 8598
6743 8608
6744 8322
6745 7977
6746 5993
6747 6021
6748 8045
6749 8067
6750 6071
6751 6099
6752 8135
6753 8157
6754 6149
6755 6177
6756 8225
6757 8247
6758 6227
6759 5943
6760 7955
6761 8333
6762 8413
6763 8425
6764 8505
6765 8517
6766 8597
6767 8609
6768 8321
6769 5394
6770 5412
6771 5468
6772 5486
6773 5542
6774 5560
6775 5616
6776 5338
6777 7628
6778 7686
6779 7716
6780 7774
6781 7804
6782 7862
6783 7892
6784 7598
6785 6951
6786 6995
6787 7035
6788 7079
6789 7119
6790 7163
6791 7203
6792 6911
6793 8334
6794 6624
6795 6662
6796 8412
6797 8426
6798 6706
6799 6744
6800 8504
6801 8518
6802 6788
6803 6826
6804 8596
6805 8610
6806 6870
6807 6580
6808 8320
6809 7978
6810 8044
6811 8068
6812 8134
6813 8158
6814 8224
6815 8248
6816 7954
6817 7286
6818 5690
6819 5712
6820 7336
6821 7372
6822 5766
6823 5788
6824 7422
6825 7458
6826 5842
6827 5864
6828 7508
6829 7544
6830 5918
6831 5636
6832 7250
6833 6305
6834 6337
6835 6385
6836 6417
6837 6465
6838 6497
6839 6545
6840 6257
6841 4291
6842 4357
6843 4423
6844 4489
6845 8335
6846 4555
6847 4559
6848 8411
6849 8427
6850 4623
6851 4627
6852 8503
6853 8519
6854 4691
6855 4695
6856 8595
6857 8611
6858 4759
6859 4491
6860 8319
6861 4827
6862 4835
6863 4897
6864 4905
6865 4967
6866 4975
6867 5037
6868 4765
6869 7629
6870 7685
6871 7717
6872 7773
6873 7805
6874 7861
6875 7893
6876 7597
6877 7979
6878 8043
6879 8069
6880 8133
6881 8159
6882 8223
6883 8249
6884 7953
6885 5107
6886 5119
6887 5179
6888 5191
6889 5251
6890 5263
6891 5323
6892 5047
6893 8336
6894 5994
6895 6020
6896 8410
6897 8428
6898 6072
6899 6098
6900 8502
6901 8520
6902 6150
6903 6176
6904 8594
6905 8612
6906 6228
6907 5942
6908 8318
6909 6952
6910 6994
6911 7036
6912 7078
6913 7120
6914 7162
6915 7204
6916 6910
6917 8696
6918 8790
6919 8884
6920 8978
6921 8697
6922 7287
6923 6625
6924 5395
6925 5411
6926 6661
6927 7335
6928 8789
6929 8791
6930 7373
6931 6707
6932 5469
6933 5485
6934 6743
6935 7421
6936 8883
6937 8885
6938 7459
6939 6789
6940 5543
6941 5559
6942 6825
6943 7507
6944 8977
6945 8979
6946 7545
6947 6871
6948 5617
6949 5337
6950 6579
6951 7249
6952 8695
6953 8698
6954 8788
6955 8792
6956 8882
6957 8886
6958 8976
6959 8980
6960 8694
6961 8337
6962 8409
6963 8429
6964 8501
6965 8521
6966 8593
6967 8613
6968 8317
6969 8699
6970 8787
6971 8793
6972 8881
6973 8887
6974 8975
6975 8981
6976 8693
6977 7980
6978 8042
6979 8070
6980 8132
6981 8160
6982 8222
6983 8250
6984 7952
6985 8700
6986 7630
6987 6306
6988 6336
6989 7684
6990 8786
6991 8794
6992 7718
6993 6386
6994 6416
6995 7772
6996 8880
6997 8888
6998 7806
6999 6466
7000 6496
7001 7860
7002 8974
7003 8982
7004 7894
7005 6546
7006 6256
7007 7596
7008 8692
7009 5691
7010 5711
7011 5767
7012 5787
7013 5843
7014 5863
7015 5919
7016 5635
7017 8701
7018 8785
7019 8795
7020 8879
7021 8889
7022 8973
7023 8983
7024 8691
7025 8338
7026 8408
7027 8430
7028 8500
7029 8522
7030 8592
7031 8614
7032 8316
7033 8702
7034 4556
7035 4558
7036 8784
7037 8796
7038 4624
7039 4626
7040 8878
7041 8890
7042 4692
7043 4694
7044 8972
7045 8984
7046 4760
7047 4490
7048 8690
7049 6953
7050 6993
7051 7037
7052 7077
7053 7121
7054 7161
7055 7205
7056 6909
7057 7288
7058 4828
7059 4834
7060 7334
7061 7374
7062 4898
7063 4904
7064 7420
7065 7460
7066 4968
7067 4974
7068 7506
7069 7546
7070 5038
7071 4764
7072 7248
7073 7981
7074 5995
7075 6019
7076 8041
7077 8071
7078 6073
7079 6097
7080 8131
7081 8161
7082 6151
7083 6175
7084 8221
7085 8251
7086 6229
7087 5941
7088 7951
7089 6626
7090 5108
7091 5118
7092 6660
7093 6708
7094 5180
7095 5190
7096 6742
7097 6790
7098 5252
7099 5262
7100 6824
7101 6872
7102 5324
7103 5046
7104 6578
7105 8703
7106 8783
7107 8797
7108 8877
7109 8891
7110 8971
7111 8985
7112 8689
7113 8339
7114 7631
7115 7683
7116 8407
7117 8431
7118 7719
7119 7771
7120 8499
7121 8523
7122 7807
7123 7859
7124 8591
7125 8615
7126 7895
7127 7595
7128 8315
7129 5396
7130 5410
7131 5470
7132 5484
7133 5544
7134 5558
7135 5618
7136 5336
7137 8704
7138 8782
7139 8798
7140 8876
7141 8892
7142 8970
7143 8986
7144 8688
7145 6307
7146 6335
7147 6387
7148 6415
7149 6467
7150 6495
7151 6547
7152 6255
7153 7982
7154 8040
7155 8072
7156 8130
7157 8162
7158 8220
7159 8252
7160 7950
7161 8340
7162 5692
7163 5710
7164 8406
7165 8432
7166 5768
7167 5786
7168 8498
7169 8524
7170 5844
7171 5862
7172 8590
7173 8616
7174 5920
7175 5634
7176 8314
7177 8705
7178 7289
7179 7333
7180 8781
7181 8799
7182 7375
7183 7419
7184 8875
7185 8893
7186 7461
7187 7505
7188 8969
7189 8987
7190 7547
7191 7247
7192 8687
7193 6954
7194 6992
7195 7038
7196 7076
7197 7122
7198 7160
7199 7206
7200 6908
7201 7632
7202 7682
7203 7720
7204 7770
7205 7808
7206 7858
7207 7896
7208 7594
7209 9073
7210 9169
7211 9265
7212 9361
7213 9074
7214 5996
7215 6018
7216 9168
7217 9170
7218 6074
7219 6096
7220 9264
7221 9266
7222 6152
7223 6174
7224 9360
7225 9362
7226 6230
7227 5940
7228 9072
7229 6627
7230 6659
7231 6709
7232 6741
7233 6791
7234 6823
7235 6873
7236 6577
7237 9075
7238 9167
7239 9171
7240 9263
7241 9267
7242 9359
7243 9363
7244 9071
7245 8706
7246 8780
7247 8800
7248 8874
7249 8894
7250 8968
7251 8988
7252 8686
7253 8341
7254 4557
7255 8405
7256 8433
7257 4625
7258 8497
7259 8525
7260 4693
7261 8589
7262 8617
7263 4761
7264 8313
7265 9076
7266 9166
7267 9172
7268 9262
7269 9268
7270 9358
7271 9364
7272 9070
7273 7983
7274 4829
7275 4833
7276 8039
7277 8073
7278 4899
7279 4903
7280 8129
7281 8163
7282 4969
7283 4973
7284 8219
7285 8253
7286 5039
7287 4763
7288 7949
7289 9077
7290 5109
7291 5117
7292 9165
7293 9173
7294 5181
7295 5189
7296 9261
7297 9269
7298 5253
7299 5261
7300 9357
7301 9365
7302 5325
7303 5045
7304 9069
7305 9078
7306 6308
7307 6334
7308 9164
7309 9174
7310 6388
7311 6414
7312 9260
7313 9270
7314 6468
7315 6494
7316 9356
7317 9366
7318 6548
7319 6254
7320 9068
7321 8707
7322 5397
7323 5409
7324 8779
7325 8801
7326 5471
7327 5483
7328 8873
7329 8895
7330 5545
7331 5557
7332 8967
7333 8989
7334 5619
7335 5335
7336 8685
7337 7290
7338 7332
7339 7376
7340 7418
7341 7462
7342 7504
7343 7548
7344 7246
7345 7633
7346 7681
7347 7721
7348 7769
7349 7809
7350 7857
7351 7897
7352 7593
7353 9079
7354 6955
7355 6991
7356 9163
7357 9175
7358 7039
7359 7075
7360 9259
7361 9271
7362 7123
7363 7159
7364 9355
7365 9367
7366 7207
7367 6907
7368 9067
7369 8342
7370 8404
7371 8434
7372 8496
7373 8526
7374 8588
7375 8618
7376 8312
7377 5693
7378 5709
7379 5769
7380 5785
7381 5845
7382 5861
7383 5921
7384 5633
7385 7984
7386 8038
7387 8074
7388 8128
7389 8164
7390 8218
7391 8254
7392 7948
7393 9080
7394 8708
7395 8778
7396 9162
7397 9176
7398 8802
7399 8872
7400 9258
7401 9272
7402 8896
7403 8966
7404 9354
7405 9368
7406 8990
7407 8684
7408 9066
7409 6628
7410 6658
7411 6710
7412 6740
7413 6792
7414 6822
7415 6874
7416 6576
7417 5997
7418 6017
7419 6075
7420 6095
7421 6153
7422 6173
7423 6231
7424 5939
7425 9081
7426 9161
7427 9177
7428 9257
7429 9273
7430 9353
7431 9369
7432 9065
7433 8343
7434 8403
7435 8435
7436 8495
7437 8527
7438 8587
7439 8619
7440 8311
7441 7634
7442 7680
7443 7722
7444 7768
7445 7810
7446 7856
7447 7898
7448 7592
7449 8709
7450 7291
7451 7331
7452 8777
7453 8803
7454 7377
7455 7417
7456 8871
7457 8897
7458 7463
7459 7503
7460 8965
7461 8991
7462 7549
7463 7245
7464 8683
7465 4830
7466 4832
7467 4900
7468 4902
7469 4970
7470 4972
7471 5040
7472 4762
7473 6309
7474 6333
7475 6389
7476 6413
7477 6469
7478 6493
7479 6549
7480 6253
7481 9082
7482 5110
7483 5116
7484 9160
7485 9178
7486 5182
7487 5188
7488 9256
7489 9274
7490 5254
7491 5260
7492 9352
7493 9370
7494 5326
7495 5044
7496 9064
7497 7985
7498 8037
7499 8075
7500 8127
7501 8165
7502 8217
7503 8255
7504 7947
7505 6956
7506 6990
7507 7040
7508 7074
7509 7124
7510 7158
7511 7208
7512 6906
7513 5398
7514 5408
7515 5472
7516 5482
7517 5546
7518 5556
7519 5620
7520 5334
7521 9458
7522 9556
7523 9654
7524 9752
7525 9459
7526 9555
7527 9557
7528 9653
7529 9655
7530 9751
7531 9753
7532 9457
7533 9083
7534 9159
7535 9179
7536 9255
7537 9275
7538 9351
7539 9371
7540 9063
7541 9460
7542 8710
7543 8344
7544 5694
7545 5708
7546 8402
7547 8776
7548 9554
7549 9558
7550 8804
7551 8436
7552 5770
7553 5784
7554 8494
7555 8870
7556 9652
7557 9656
7558 8898
7559 8528
7560 5846
7561 5860
7562 8586
7563 8964
7564 9750
7565 9754
7566 8992
7567 8620
7568 5922
7569 5632
7570 8310
7571 8682
7572 9456
7573 9461
7574 6629
7575 6657
7576 9553
7577 9559
7578 6711
7579 6739
7580 9651
7581 9657
7582 6793
7583 6821
7584 9749
7585 9755
7586 6875
7587 6575
7588 9455
7589 9462
7590 9552
7591 9560
7592 9650
7593 9658
7594 9748
7595 9756
7596 9454
7597 7635
7598 7679
7599 7723
7600 7767
7601 7811
7602 7855
7603 7899
7604 7591
7605 5998
7606 6016
7607 6076
7608 6094
7609 6154
7610 6172
7611 6232
7612 5938
7613 9084
7614 7986
7615 7292
7616 7330
7617 8036
7618 9158
7619 9180
7620 8076
7621 7378
7622 7416
7623 8126
7624 9254
7625 9276
7626 8166
7627 7464
7628 7502
7629 8216
7630 9350
7631 9372
7632 8256
7633 7550
7634 7244
7635 7946
7636 9062
7637 9463
7638 9551
7639 9561
7640 9649
7641 9659
7642 9747
7643 9757
7644 9453
7645 8711
7646 8775
7647 8805
7648 8869
7649 8899
7650 8963
7651 8993
7652 8681
7653 9464
7654 9550
7655 9562
7656 9648
7657 9660
7658 9746
7659 9758
7660 9452
7661 8345
7662 6957
7663 6989
7664 8401
7665 8437
7666 7041
7667 7073
7668 8493
7669 8529
7670 7125
7671 7157
7672 8585
7673 8621
7674 7209
7675 6905
7676 8309
7677 6310
7678 6332
7679 6390
7680 6412
7681 6470
7682 6492
7683 6550
7684 6252
7685 9085
7686 9157
7687 9181
7688 9253
7689 9277
7690 9349
7691 9373
7692 9061
7693 9465
7694 4831
7695 9549
7696 9563
7697 4901
7698 9647
7699 9661
7700 4971
7701 9745
7702 9759
7703 5041
7704 9451
7705 5111
7706 5115
7707 5183
7708 5187
7709 5255
7710 5259
7711 5327
7712 5043
7713 5399
7714 5407
7715 5473
7716 5481
7717 5547
7718 5555
7719 5621
7720 5333
7721 9466
7722 8712
7723 7636
7724 6630
7725 6656
7726 7678
7727 8774
7728 9548
7729 9564
7730 8806
7731 7724
7732 6712
7733 6738
7734 7766
7735 8868
7736 9646
7737 9662
7738 8900
7739 7812
7740 6794
7741 6820
7742 7854
7743 8962
7744 9744
7745 9760
7746 8994
7747 7900
7748 6876
7749 6574
7750 7590
7751 8680
7752 9450
7753 7987
7754 8035
7755 8077
7756 8125
7757 8167
7758 8215
7759 8257
7760 7945
7761 5695
7762 5707
7763 5771
7764 5783
7765 5847
7766 5859
7767 5923
7768 5631
7769 9086
7770 9156
7771 9182
7772 9252
7773 9278
7774 9348
7775 9374
7776 9060
7777 7293
7778 7329
7779 7379
7780 7415
7781 7465
7782 7501
7783 7551
7784 7243
7785 8346
7786 8400
7787 8438
7788 8492
7789 8530
7790 8584
7791 8622
7792 8308
7793 9467
7794 5999
7795 6015
7796 9547
7797 9565
7798 6077
7799 6093
7800 9645
7801 9663
7802 6155
7803 6171
7804 9743
7805 9761
7806 6233
7807 5937
7808 9449
7809 6958
7810 6988
7811 7042
7812 7072
7813 7126
7814 7156
7815 7210
7816 6904
7817 8713
7818 8773
7819 8807
7820 8867
7821 8901
7822 8961
7823 8995
7824 8679
7825 9851
7826 9087
7827 6311
7828 6331
7829 9155
7830 9951
7831 9183
7832 6391
7833 6411
7834 9251
7835 10051
7836 9279
7837 6471
7838 6491
7839 9347
7840 10151
7841 9375
7842 6551
7843 6251
7844 9059
7845 9852
7846 9468
7847 9546
7848 9950
7849 9952
7850 9566
7851 9644
7852 10050
7853 10052
7854 9664
7855 9742
7856 10150
7857 10152
7858 9762
7859 9448
7860 9850
7861 9853
7862 9949
7863 9953
7864 10049
7865 10053
7866 10149
7867 10153
7868 9849
7869 9854
7870 7988
7871 8034
7872 9948
7873 9954
7874 8078
7875 8124
7876 10048
7877 10054
7878 8168
7879 8214
7880 10148
7881 10154
7882 8258
7883 7944
7884 9848
7885 7637
7886 7677
7887 7725
7888 7765
7889 7813
7890 7853
7891 7901
7892 7589
7893 9855
7894 8347
7895 8399
7896 9947
7897 9955
7898 8439
7899 8491
7900 10047
7901 10055
7902 8531
7903 8583
7904 10147
7905 10155
7906 8623
7907 8307
7908 9847
7909 5112
7910 5114
7911 5184
7912 5186
7913 5256
7914 5258
7915 5328
7916 5042
7917 9469
7918 6631
7919 6655
7920 9545
7921 9567
7922 6713
7923 6737
7924 9643
7925 9665
7926 6795
7927 6819
7928 9741
7929 9763
7930 6877
7931 6573
7932 9447
7933 9856
7934 7294
7935 5400
7936 5406
7937 7328
7938 9946
7939 9956
7940 7380
7941 5474
7942 5480
7943 7414
7944 10046
7945 10056
7946 7466
7947 5548
7948 5554
7949 7500
7950 10146
7951 10156
7952 7552
7953 5622
7954 5332
7955 7242
7956 9846
7957 9088
7958 9154
7959 9184
7960 9250
7961 9280
7962 9346
7963 9376
7964 9058
7965 8714
7966 5696
7967 5706
7968 8772
7969 8808
7970 5772
7971 5782
7972 8866
7973 8902
7974 5848
7975 5858
7976 8960
7977 8996
7978 5924
7979 5630
7980 8678
7981 9857
7982 9945
7983 9957
7984 10045
7985 10057
7986 10145
7987 10157
7988 9845
7989 9470
7990 6000
7991 6014
7992 9544
7993 9568
7994 6078
7995 6092
7996 9642
7997 9666
7998 6156
7999 6170
8000 9740
8001 9764
8002 6234
8003 5936
8004 9446
8005 6959
8006 6987
8007 7043
8008 7071
8009 7127
8010 7155
8011 7211
8012 6903
8013 9858
8014 9944
8015 9958
8016 10044
8017 10058
8018 10144
8019 10158
8020 9844
8021 7989
8022 8033
8023 8079
8024 8123
8025 8169
8026 8213
8027 8259
8028 7943
8029 8348
8030 8398
8031 8440
8032 8490
8033 8532
8034 8582
8035 8624
8036 8306
8037 9089
8038 9153
8039 9185
8040 9249
8041 9281
8042 9345
8043 9377
8044 9057
8045 7638
8046 6312
8047 6330
8048 7676
8049 7726
8050 6392
8051 6410
8052 7764
8053 7814
8054 6472
8055 6490
8056 7852
8057 7902
8058 6552
8059 6250
8060 7588
8061 9859
8062 9943
8063 9959
8064 10043
8065 10059
8066 10143
8067 10159
8068 9843
8069 9471
8070 8715
8071 8771
8072 9543
8073 9569
8074 8809
8075 8865
8076 9641
8077 9667
8078 8903
8079 8959
8080 9739
8081 9765
8082 8997
8083 8677
8084 9445
8085 7295
8086 7327
8087 7381
8088 7413
8089 7467
8090 7499
8091 7553
8092 7241
8093 9860
8094 6632
8095 6654
8096 9942
8097 9960
8098 6714
8099 6736
8100 10042
8101 10060
8102 6796
8103 6818
8104 10142
8105 10160
8106 6878
8107 6572
8108 9842
8109 5113
8110 5185
8111 5257
8112 5329
8113 9090
8114 9152
8115 9186
8116 9248
8117 9282
8118 9344
8119 9378
8120 9056
8121 5401
8122 5405
8123 5475
8124 5479
8125 5549
8126 5553
8127 5623
8128 5331
8129 9472
8130 9542
8131 9570
8132 9640
8133 9668
8134 9738
8135 9766
8136 9444
8137 9861
8138 8349
8139 5697
8140 5705
8141 8397
8142 9941
8143 9961
8144 8441
8145 5773
8146 5781
8147 8489
8148 10041
8149 10061
8150 8533
8151 5849
8152 5857
8153 8581
8154 10141
8155 10161
8156 8625
8157 5925
8158 5629
8159 8305
8160 9841
8161 10252
8162 7990
8163 8032
8164 10354
8165 8080
8166 8122
8167 10456
8168 8170
8169 8212
8170 10558
8171 8260
8172 7942
8173 10253
8174 10353
8175 10355
8176 10455
8177 10457
8178 10557
8179 10559
8180 10251
8181 10254
8182 6960
8183 6986
8184 10352
8185 10356
8186 7044
8187 7070
8188 10454
8189 10458
8190 7128
8191 7154
8192 10556
8193 10560
8194 7212
8195 6902
8196 10250
8197 8716
8198 8770
8199 8810
8200 8864
8201 8904
8202 8958
8203 8998
8204 8676
8205 10255
8206 6001
8207 6013
8208 10351
8209 10357
8210 6079
8211 6091
8212 10453
8213 10459
8214 6157
8215 6169
8216 10555
8217 10561
8218 6235
8219 5935
8220 10249
8221 7639
8222 7675
8223 7727
8224 7763
8225 7815
8226 7851
8227 7903
8228 7587
8229 10256
8230 10350
8231 10358
8232 10452
8233 10460
8234 10554
8235 10562
8236 10248
8237 9862
8238 9940
8239 9962
8240 10040
8241 10062
8242 10140
8243 10162
8244 9840
8245 6313
8246 6329
8247 6393
8248 6409
8249 6473
8250 6489
8251 6553
8252 6249
8253 10257
8254 9473
8255 9541
8256 10349
8257 10359
8258 9571
8259 9639
8260 10451
8261 10461
8262 9669
8263 9737
8264 10553
8265 10563
8266 9767
8267 9443
8268 10247
8269 9091
8270 9151
8271 9187
8272 9247
8273 9283
8274 9343
8275 9379
8276 9055
8277 7296
8278 7326
8279 7382
8280 7412
8281 7468
8282 7498
8283 7554
8284 7240
8285 10258
8286 10348
8287 10360
8288 10450
8289 10462
8290 10552
8291 10564
8292 10246
8293 6633
8294 6653
8295 6715
8296 6735
8297 6797
8298 6817
8299 6879
8300 6571
8301 9863
8302 9939
8303 9963
8304 10039
8305 10063
8306 10139
8307 10163
8308 9839
8309 8350
8310 8396
8311 8442
8312 8488
8313 8534
8314 8580
8315 8626
8316 8304
8317 10259
8318 8717
8319 7991
8320 8031
8321 8769
8322 10347
8323 10361
8324 8811
8325 8081
8326 8121
8327 8863
8328 10449
8329 10463
8330 8905
8331 8171
8332 8211
8333 8957
8334 10551
8335 10565
8336 8999
8337 8261
8338 7941
8339 8675
8340 10245
8341 9474
8342 9540
8343 9572
8344 9638
8345 9670
8346 9736
8347 9768
8348 9442
8349 6961
8350 6985
8351 7045
8352 7069
8353 7129
8354 7153
8355 7213
8356 6901
8357 10260
8358 9092
8359 7640
8360 5402
8361 5404
8362 7674
8363 9150
8364 10346
8365 10362
8366 9188
8367 7728
8368 5476
8369 5478
8370 7762
8371 9246
8372 10448
8373 10464
8374 9284
8375 7816
8376 5550
8377 5552
8378 7850
8379 9342
8380 10550
8381 10566
8382 9380
8383 7904
8384 5624
8385 5330
8386 7586
8387 9054
8388 10244
8389 9864
8390 5698
8391 5704
8392 9938
8393 9964
8394 5774
8395 5780
8396 10038
8397 10064
8398 5850
8399 5856
8400 10138
8401 10164
8402 5926
8403 5628
8404 9838
8405 6002
8406 6012
8407 6080
8408 6090
8409 6158
8410 6168
8411 6236
8412 5934
8413 10261
8414 10345
8415 10363
8416 10447
8417 10465
8418 10549
8419 10567
8420 10243
8421 6314
8422 6328
8423 6394
8424 6408
8425 6474
8426 6488
8427 6554
8428 6248
8429 9475
8430 7297
8431 7325
8432 9539
8433 9573
8434 7383
8435 7411
8436 9637
8437 9671
8438 7469
8439 7497
8440 9735
8441 9769
8442 7555
8443 7239
8444 9441
8445 8351
8446 8395
8447 8443
8448 8487
8449 8535
8450 8579
8451 8627
8452 8303
8453 8718
8454 8768
8455 8812
8456 8862
8457 8906
8458 8956
8459 9000
8460 8674
8461 9865
8462 9937
8463 9965
8464 10037
8465 10065
8466 10137
8467 10165
8468 9837
8469 10262
8470 7992
8471 8030
8472 10344
8473 10364
8474 8082
8475 8120
8476 10446
8477 10466
8478 8172
8479 8210
8480 10548
8481 10568
8482 8262
8483 7940
8484 10242
8485 10661
8486 9093
8487 9149
8488 10765
8489 9189
8490 9245
8491 10869
8492 9285
8493 9341
8494 10973
8495 9381
8496 9053
8497 10662
8498 6634
8499 6652
8500 10764
8501 10766
8502 6716
8503 6734
8504 10868
8505 10870
8506 6798
8507 6816
8508 10972
8509 10974
8510 6880
8511 6570
8512 10660
8513 10663
8514 10763
8515 10767
8516 10867
8517 10871
8518 10971
8519 10975
8520 10659
8521 10664
8522 10762
8523 10768
8524 10866
8525 10872
8526 10970
8527 10976
8528 10658
8529 10665
8530 7641
8531 7673
8532 10761
8533 10769
8534 7729
8535 7761
8536 10865
8537 10873
8538 7817
8539 7849
8540 10969
8541 10977
8542 7905
8543 7585
8544 10657
8545 10263
8546 10343
8547 10365
8548 10445
8549 10467
8550 10547
8551 10569
8552 10241
8553 9866
8554 9476
8555 6962
8556 6984
8557 9538
8558 9936
8559 9966
8560 9574
8561 7046
8562 7068
8563 9636
8564 10036
8565 10066
8566 9672
8567 7130
8568 7152
8569 9734
8570 10136
8571 10166
8572 9770
8573 7214
8574 6900
8575 9440
8576 9836
8577 10666
8578 10760
8579 10770
8580 10864
8581 10874
8582 10968
8583 10978
8584 10656
8585 8719
8586 5403
8587 8767
8588 8813
8589 5477
8590 8861
8591 8907
8592 5551
8593 8955
8594 9001
8595 5625
8596 8673
8597 10667
8598 5699
8599 5703
8600 10759
8601 10771
8602 5775
8603 5779
8604 10863
8605 10875
8606 5851
8607 5855
8608 10967
8609 10979
8610 5927
8611 5627
8612 10655
8613 8352
8614 8394
8615 8444
8616 8486
8617 8536
8618 8578
8619 8628
8620 8302
8621 10264
8622 9094
8623 9148
8624 10342
8625 10366
8626 9190
8627 9244
8628 10444
8629 10468
8630 9286
8631 9340
8632 10546
8633 10570
8634 9382
8635 9052
8636 10240
8637 6003
8638 6011
8639 6081
8640 6089
8641 6159
8642 6167
8643 6237
8644 5933
8645 7298
8646 7324
8647 7384
8648 7410
8649 7470
8650 7496
8651 7556
8652 7238
8653 10668
8654 10758
8655 10772
8656 10862
8657 10876
8658 10966
8659 10980
8660 10654
8661 7993
8662 8029
8663 8083
8664 8119
8665 8173
8666 8209
8667 8263
8668 7939
8669 9867
8670 6315
8671 6327
8672 9935
8673 9967
8674 6395
8675 6407
8676 10035
8677 10067
8678 6475
8679 6487
8680 10135
8681 10167
8682 6555
8683 6247
8684 9835
8685 9477
8686 9537
8687 9575
8688 9635
8689 9673
8690 9733
8691 9771
8692 9439
8693 10669
8694 10757
8695 10773
8696 10861
8697 10877
8698 10965
8699 10981
8700 10653
8701 10265
8702 6635
8703 6651
8704 10341
8705 10367
8706 6717
8707 6733
8708 10443
8709 10469
8710 6799
8711 6815
8712 10545
8713 10571
8714 6881
8715 6569
8716 10239
8717 7642
8718 7672
8719 7730
8720 7760
8721 7818
8722 7848
8723 7906
8724 7584
8725 10670
8726 8720
8727 8766
8728 10756
8729 10774
8730 8814
8731 8860
8732 10860
8733 10878
8734 8908
8735 8954
8736 10964
8737 10982
8738 9002
8739 8672
8740 10652
8741 9095
8742 6963
8743 6983
8744 9147
8745 9191
8746 7047
8747 7067
8748 9243
8749 9287
8750 7131
8751 7151
8752 9339
8753 9383
8754 7215
8755 6899
8756 9051
8757 9868
8758 9934
8759 9968
8760 10034
8761 10068
8762 10134
8763 10168
8764 9834
8765 8353
8766 8393
8767 8445
8768 8485
8769 8537
8770 8577
8771 8629
8772 8301
8773 10266
8774 10340
8775 10368
8776 10442
8777 10470
8778 10544
8779 10572
8780 10238
8781 9478
8782 9536
8783 9576
8784 9634
8785 9674
8786 9732
8787 9772
8788 9438
8789 10671
8790 10755
8791 10775
8792 10859
8793 10879
8794 10963
8795 10983
8796 10651
8797 11078
8798 7994
8799 8028
8800 11184
8801 8084
8802 8118
8803 11290
8804 8174
8805 8208
8806 11396
8807 8264
8808 7938
8809 11079
8810 7299
8811 7323
8812 11183
8813 11185
8814 7385
8815 7409
8816 11289
8817 11291
8818 7471
8819 7495
8820 11395
8821 11397
8822 7557
8823 7237
8824 11077
8825 11080
8826 5700
8827 5702
8828 11182
8829 11186
8830 5776
8831 5778
8832 11288
8833 11292
8834 5852
8835 5854
8836 11394
8837 11398
8838 5928
8839 5626
8840 11076
8841 6004
8842 6010
8843 6082
8844 6088
8845 6160
8846 6166
8847 6238
8848 5932
8849 11081
8850 11181
8851 11187
8852 11287
8853 11293
8854 11393
8855 11399
8856 11075
8857 9869
8858 9933
8859 9969
8860 10033
8861 10069
8862 10133
8863 10169
8864 9833
8865 11082
8866 10672
8867 6316
8868 6326
8869 10754
8870 11180
8871 11188
8872 10776
8873 6396
8874 6406
8875 10858
8876 11286
8877 11294
8878 10880
8879 6476
8880 6486
8881 10962
8882 11392
8883 11400
8884 10984
8885 6556
8886 6246
8887 10650
8888 11074
8889 10267
8890 10339
8891 10369
8892 10441
8893 10471
8894 10543
8895 10573
8896 10237
8897 9096
8898 9146
8899 9192
8900 9242
8901 9288
8902 9338
8903 9384
8904 9050
8905 11083
8906 8721
8907 8765
8908 11179
8909 11189
8910 8815
8911 8859
8912 11285
8913 11295
8914 8909
8915 8953
8916 11391
8917 11401
8918 9003
8919 8671
8920 11073
8921 7643
8922 7671
8923 7731
8924 7759
8925 7819
8926 7847
8927 7907
8928 7583
8929 6636
8930 6650
8931 6718
8932 6732
8933 6800
8934 6814
8935 6882
8936 6568
8937 9479
8938 9535
8939 9577
8940 9633
8941 9675
8942 9731
8943 9773
8944 9437
8945 11084
8946 8354
8947 8392
8948 11178
8949 11190
8950 8446
8951 8484
8952 11284
8953 11296
8954 8538
8955 8576
8956 11390
8957 11402
8958 8630
8959 8300
8960 11072
8961 10673
8962 10753
8963 10777
8964 10857
8965 10881
8966 10961
8967 10985
8968 10649
8969 6964
8970 6982
8971 7048
8972 7066
8973 7132
8974 7150
8975 7216
8976 6898
8977 10268
8978 10338
8979 10370
8980 10440
8981 10472
8982 10542
8983 10574
8984 10236
8985 11085
8986 11177
8987 11191
8988 11283
8989 11297
8990 11389
8991 11403
8992 11071
8993 9870
8994 9932
8995 9970
8996 10032
8997 10070
8998 10132
8999 10170
9000 9832
9001 7995
9002 8027
9003 8085
9004 8117
9005 8175
9006 8207
9007 8265
9008 7937
9009 11086
9010 10674
9011 7300
9012 7322
9013 10752
9014 11176
9015 11192
9016 10778
9017 7386
9018 7408
9019 10856
9020 11282
9021 11298
9022 10882
9023 7472
9024 7494
9025 10960
9026 11388
9027 11404
9028 10986
9029 7558
9030 7236
9031 10648
9032 11070
9033 9097
9034 9145
9035 9193
9036 9241
9037 9289
9038 9337
9039 9385
9040 9049
9041 9480
9042 8722
9043 8764
9044 9534
9045 9578
9046 8816
9047 8858
9048 9632
9049 9676
9050 8910
9051 8952
9052 9730
9053 9774
9054 9004
9055 8670
9056 9436
9057 5701
9058 5777
9059 5853
9060 5929
9061 11087
9062 10269
9063 6005
9064 6009
9065 10337
9066 11175
9067 11193
9068 10371
9069 6083
9070 6087
9071 10439
9072 11281
9073 11299
9074 10473
9075 6161
9076 6165
9077 10541
9078 11387
9079 11405
9080 10575
9081 6239
9082 5931
9083 10235
9084 11069
9085 6317
9086 6325
9087 6397
9088 6405
9089 6477
9090 6485
9091 6557
9092 6245
9093 7644
9094 7670
9095 7732
9096 7758
9097 7820
9098 7846
9099 7908
9100 7582
9101 10675
9102 9871
9103 8355
9104 8391
9105 9931
9106 10751
9107 10779
9108 9971
9109 8447
9110 8483
9111 10031
9112 10855
9113 10883
9114 10071
9115 8539
9116 8575
9117 10131
9118 10959
9119 10987
9120 10171
9121 8631
9122 8299
9123 9831
9124 10647
9125 6637
9126 6649
9127 6719
9128 6731
9129 6801
9130 6813
9131 6883
9132 6567
9133 11088
9134 11174
9135 11194
9136 11280
9137 11300
9138 11386
9139 11406
9140 11068
9141 11503
9142 11611
9143 11719
9144 11827
9145 11504
9146 11610
9147 11612
9148 11718
9149 11720
9150 11826
9151 11828
9152 11502
9153 11505
9154 6965
9155 6981
9156 11609
9157 11613
9158 7049
9159 7065
9160 11717
9161 11721
9162 7133
9163 7149
9164 11825
9165 11829
9166 7217
9167 6897
9168 11501
9169 11506
9170 10270
9171 7996
9172 8026
9173 10336
9174 11608
9175 11614
9176 10372
9177 8086
9178 8116
9179 10438
9180 11716
9181 11722
9182 10474
9183 8176
9184 8206
9185 10540
9186 11824
9187 11830
9188 10576
9189 8266
9190 7936
9191 10234
9192 11500
9193 10676
9194 9098
9195 9144
9196 10750
9197 10780
9198 9194
9199 9240
9200 10854
9201 10884
9202 9290
9203 9336
9204 10958
9205 10988
9206 9386
9207 9048
9208 10646
9209 11089
9210 9481
9211 9533
9212 11173
9213 11195
9214 9579
9215 9631
9216 11279
9217 11301
9218 9677
9219 9729
9220 11385
9221 11407
9222 9775
9223 9435
9224 11067
9225 11507
9226 11607
9227 11615
9228 11715
9229 11723
9230 11823
9231 11831
9232 11499
9233 8723
9234 7301
9235 7321
9236 8763
9237 8817
9238 7387
9239 7407
9240 8857
9241 8911
9242 7473
9243 7493
9244 8951
9245 9005
9246 7559
9247 7235
9248 8669
9249 11508
9250 9872
9251 9930
9252 11606
9253 11616
9254 9972
9255 10030
9256 11714
9257 11724
9258 10072
9259 10130
9260 11822
9261 11832
9262 10172
9263 9830
9264 11498
9265 11509
9266 11605
9267 11617
9268 11713
9269 11725
9270 11821
9271 11833
9272 11497
9273 11090
9274 11172
9275 11196
9276 11278
9277 11302
9278 11384
9279 11408
9280 11066
9281 8356
9282 8390
9283 8448
9284 8482
9285 8540
9286 8574
9287 8632
9288 8298
9289 10677
9290 7645
9291 7669
9292 10749
9293 10781
9294 7733
9295 7757
9296 10853
9297 10885
9298 7821
9299 7845
9300 10957
9301 10989
9302 7909
9303 7581
9304 10645
9305 10271
9306 10335
9307 10373
9308 10437
9309 10475
9310 10539
9311 10577
9312 10233
9313 11510
9314 6006
9315 6008
9316 11604
9317 11618
9318 6084
9319 6086
9320 11712
9321 11726
9322 6162
9323 6164
9324 11820
9325 11834
9326 6240
9327 5930
9328 11496
9329 6318
9330 6324
9331 6398
9332 6404
9333 6478
9334 6484
9335 6558
9336 6244
9337 9482
9338 6638
9339 6648
9340 9532
9341 9580
9342 6720
9343 6730
9344 9630
9345 9678
9346 6802
9347 6812
9348 9728
9349 9776
9350 6884
9351 6566
9352 9434
9353 11091
9354 11171
9355 11197
9356 11277
9357 11303
9358 11383
9359 11409
9360 11065
9361 11511
9362 9099
9363 9143
9364 11603
9365 11619
9366 9195
9367 9239
9368 11711
9369 11727
9370 9291
9371 9335
9372 11819
9373 11835
9374 9387
9375 9047
9376 11495
9377 9873
9378 9929
9379 9973
9380 10029
9381 10073
9382 10129
9383 10173
9384 9829
9385 7997
9386 8025
9387 8087
9388 8115
9389 8177
9390 8205
9391 8267
9392 7935
9393 6966
9394 6980
9395 7050
9396 7064
9397 7134
9398 7148
9399 7218
9400 6896
9401 10678
9402 8724
9403 8762
9404 10748
9405 10782
9406 8818
9407 8856
9408 10852
9409 10886
9410 8912
9411 8950
9412 10956
9413 10990
9414 9006
9415 8668
9416 10644
9417 11512
9418 11602
9419 11620
9420 11710
9421 11728
9422 11818
9423 11836
9424 11494
9425 10272
9426 10334
9427 10374
9428 10436
9429 10476
9430 10538
9431 10578
9432 10232
9433 11092
9434 7302
9435 7320
9436 11170
9437 11198
9438 7388
9439 7406
9440 11276
9441 11304
9442 7474
9443 7492
9444 11382
9445 11410
9446 7560
9447 7234
9448 11064
9449 11513
9450 8357
9451 8389
9452 11601
9453 11621
9454 8449
9455 8481
9456 11709
9457 11729
9458 8541
9459 8573
9460 11817
9461 11837
9462 8633
9463 8297
9464 11493
9465 11936
9466 7646
9467 7668
9468 12046
9469 7734
9470 7756
9471 12156
9472 7822
9473 7844
9474 12266
9475 7910
9476 7580
9477 11937
9478 9483
9479 9531
9480 12045
9481 12047
9482 9581
9483 9629
9484 12155
9485 12157
9486 9679
9487 9727
9488 12265
9489 12267
9490 9777
9491 9433
9492 11935
9493 10679
9494 10747
9495 10783
9496 10851
9497 10887
9498 10955
9499 10991
9500 10643
9501 11938
9502 9874
9503 9928
9504 12044
9505 12048
9506 9974
9507 10028
9508 12154
9509 12158
9510 10074
9511 10128
9512 12264
9513 12268
9514 10174
9515 9828
9516 11934
9517 9100
9518 9142
9519 9196
9520 9238
9521 9292
9522 9334
9523 9388
9524 9046
9525 11939
9526 11093
9527 11169
9528 12043
9529 12049
9530 11199
9531 11275
9532 12153
9533 12159
9534 11305
9535 11381
9536 12263
9537 12269
9538 11411
9539 11063
9540 11933
9541 11514
9542 11600
9543 11622
9544 11708
9545 11730
9546 11816
9547 11838
9548 11492
9549 11940
9550 12042
9551 12050
9552 12152
9553 12160
9554 12262
9555 12270
9556 11932
9557 10273
9558 6007
9559 10333
9560 10375
9561 6085
9562 10435
9563 10477
9564 6163
9565 10537
9566 10579
9567 6241
9568 10231
9569 6319
9570 6323
9571 6399
9572 6403
9573 6479
9574 6483
9575 6559
9576 6243
9577 7998
9578 8024
9579 8088
9580 8114
9581 8178
9582 8204
9583 8268
9584 7934
9585 11941
9586 8725
9587 6639
9588 6647
9589 8761
9590 12041
9591 12051
9592 8819
9593 6721
9594 6729
9595 8855
9596 12151
9597 12161
9598 8913
9599 6803
9600 6811
9601 8949
9602 12261
9603 12271
9604 9007
9605 6885
9606 6565
9607 8667
9608 11931
9609 11515
9610 6967
9611 6979
9612 11599
9613 11623
9614 7051
9615 7063
9616 11707
9617 11731
9618 7135
9619 7147
9620 11815
9621 11839
9622 7219
9623 6895
9624 11491
9625 11942
9626 12040
9627 12052
9628 12150
9629 12162
9630 12260
9631 12272
9632 11930
9633 11094
9634 10680
9635 10746
9636 11168
9637 11200
9638 10784
9639 10850
9640 11274
9641 11306
9642 10888
9643 10954
9644 11380
9645 11412
9646 10992
9647 10642
9648 11062
9649 11943
9650 7303
9651 7319
9652 12039
9653 12053
9654 7389
9655 7405
9656 12149
9657 12163
9658 7475
9659 7491
9660 12259
9661 12273
9662 7561
9663 7233
9664 11929
9665 9875
9666 9927
9667 9975
9668 10027
9669 10075
9670 10127
9671 10175
9672 9827
9673 9484
9674 8358
9675 8388
9676 9530
9677 9582
9678 8450
9679 8480
9680 9628
9681 9680
9682 8542
9683 8572
9684 9726
9685 9778
9686 8634
9687 8296
9688 9432
9689 11516
9690 10274
9691 10332
9692 11598
9693 11624
9694 10376
9695 10434
9696 11706
9697 11732
9698 10478
9699 10536
9700 11814
9701 11840
9702 10580
9703 10230
9704 11490
9705 9101
9706 9141
9707 9197
9708 9237
9709 9293
9710 9333
9711 9389
9712 9045
9713 11944
9714 12038
9715 12054
9716 12148
9717 12164
9718 12258
9719 12274
9720 11928
9721 7647
9722 7667
9723 7735
9724 7755
9725 7823
9726 7843
9727 7911
9728 7579
9729 11095
9730 11167
9731 11201
9732 11273
9733 11307
9734 11379
9735 11413
9736 11061
9737 10681
9738 10745
9739 10785
9740 10849
9741 10889
9742 10953
9743 10993
9744 10641
9745 11945
9746 12037
9747 12055
9748 12147
9749 12165
9750 12257
9751 12275
9752 11927
9753 8726
9754 8760
9755 8820
9756 8854
9757 8914
9758 8948
9759 9008
9760 8666
9761 11517
9762 11597
9763 11625
9764 11705
9765 11733
9766 11813
9767 11841
9768 11489
9769 7999
9770 8023
9771 8089
9772 8113
9773 8179
9774 8203
9775 8269
9776 7933
9777 6320
9778 6322
9779 6400
9780 6402
9781 6480
9782 6482
9783 6560
9784 6242
9785 11946
9786 9876
9787 6640
9788 6646
9789 9926
9790 12036
9791 12056
9792 9976
9793 6722
9794 6728
9795 10026
9796 12146
9797 12166
9798 10076
9799 6804
9800 6810
9801 10126
9802 12256
9803 12276
9804 10176
9805 6886
9806 6564
9807 9826
9808 11926
9809 10275
9810 9485
9811 9529
9812 10331
9813 10377
9814 9583
9815 9627
9816 10433
9817 10479
9818 9681
9819 9725
9820 10535
9821 10581
9822 9779
9823 9431
9824 10229
9825 11096
9826 6968
9827 6978
9828 11166
9829 11202
9830 7052
9831 7062
9832 11272
9833 11308
9834 7136
9835 7146
9836 11378
9837 11414
9838 7220
9839 6894
9840 11060
9841 12377
9842 12489
9843 12601
9844 12713
9845 12378
9846 12488
9847 12490
9848 12600
9849 12602
9850 12712
9851 12714
9852 12376
9853 12379
9854 8359
9855 8387
9856 12487
9857 12491
9858 8451
9859 8479
9860 12599
9861 12603
9862 8543
9863 8571
9864 12711
9865 12715
9866 8635
9867 8295
9868 12375
9869 11518
9870 11596
9871 11626
9872 11704
9873 11734
9874 11812
9875 11842
9876 11488
9877 12380
9878 10682
9879 9102
9880 7304
9881 7318
9882 9140
9883 10744
9884 12486
9885 12492
9886 10786
9887 9198
9888 7390
9889 7404
9890 9236
9891 10848
9892 12598
9893 12604
9894 10890
9895 9294
9896 7476
9897 7490
9898 9332
9899 10952
9900 12710
9901 12716
9902 10994
9903 9390
9904 7562
9905 7232
9906 9044
9907 10640
9908 12374
9909 11947
9910 12035
9911 12057
9912 12145
9913 12167
9914 12255
9915 12277
9916 11925
9917 12381
9918 12485
9919 12493
9920 12597
9921 12605
9922 12709
9923 12717
9924 12373
9925 12382
9926 7648
9927 7666
9928 12484
9929 12494
9930 7736
9931 7754
9932 12596
9933 12606
9934 7824
9935 7842
9936 12708
9937 12718
9938 7912
9939 7578
9940 12372
9941 11948
9942 12034
9943 12058
9944 12144
9945 12168
9946 12254
9947 12278
9948 11924
9949 11097
9950 8727
9951 8759
9952 11165
9953 11203
9954 8821
9955 8853
9956 11271
9957 11309
9958 8915
9959 8947
9960 11377
9961 11415
9962 9009
9963 8665
9964 11059
9965 12383
9966 11519
9967 11595
9968 12483
9969 12495
9970 11627
9971 11703
9972 12595
9973 12607
9974 11735
9975 11811
9976 12707
9977 12719
9978 11843
9979 11487
9980 12371
9981 9877
9982 9925
9983 9977
9984 10025
9985 10077
9986 10125
9987 10177
9988 9825
9989 10276
9990 10330
9991 10378
9992 10432
9993 10480
9994 10534
9995 10582
9996 10228
9997 8000
9998 8022
9999 8090
10000 8112
