# A308081 b-file computed by Hugo Pfoertner 2019-05-12
1 0
2 1
3 5
4 2
5 6
6 3
7 7
8 4
9 8
10 20
11 9
12 13
13 21
14 14
15 10
16 15
17 22
18 16
19 11
20 17
21 23
22 18
23 12
24 19
25 24
26 44
27 36
28 25
29 29
30 37
31 57
32 38
33 30
34 26
35 31
36 39
37 58
38 40
39 32
40 27
41 33
42 41
43 59
44 42
45 34
46 28
47 35
48 43
49 60
50 80
51 68
52 56
53 45
54 49
55 61
56 70
57 97
58 71
59 62
60 50
61 46
62 51
63 63
64 73
65 98
66 74
67 64
68 52
69 47
70 53
71 65
72 76
73 99
74 77
75 66
76 54
77 48
78 55
79 67
80 79
81 100
82 136
83 108
84 96
85 88
86 69
87 81
88 89
89 101
90 129
91 150
92 130
93 102
94 90
95 82
96 72
97 83
98 91
99 103
100 131
101 153
102 132
103 104
104 92
105 84
106 75
107 85
108 93
109 105
110 133
111 156
112 134
113 106
114 94
115 86
116 78
117 87
118 95
119 107
120 135
121 159
122 192
123 168
124 144
125 128
126 120
127 109
128 113
129 121
130 137
131 161
132 185
133 221
134 186
135 162
136 138
137 122
138 114
139 110
140 115
141 123
142 139
143 163
144 187
145 222
146 188
147 164
148 140
149 124
150 116
151 111
152 117
153 125
154 141
155 165
156 189
157 223
158 190
159 166
160 142
161 126
162 118
163 112
164 119
165 127
166 143
167 167
168 191
169 224
170 275
171 240
172 211
173 184
174 176
175 160
176 145
177 149
178 169
179 177
180 198
181 233
182 262
183 301
184 263
185 234
186 199
187 178
188 170
189 151
190 146
191 152
192 171
193 179
194 202
195 235
196 266
197 302
198 267
199 236
200 203
201 180
202 172
203 154
204 147
205 155
206 173
207 181
208 206
209 237
210 270
211 303
212 271
213 238
214 207
215 182
216 174
217 157
218 148
219 158
220 175
221 183
222 210
223 239
224 274
225 304
226 356
227 316
228 284
229 248
230 232
231 220
232 212
233 193
234 197
235 213
236 225
237 241
238 277
239 306
240 349
241 401
242 350
243 307
244 278
245 242
246 226
247 214
248 200
249 194
250 201
251 215
252 227
253 243
254 279
255 309
256 351
257 402
258 352
259 310
260 280
261 244
262 228
263 216
264 204
265 195
266 205
267 217
268 229
269 245
270 281
271 312
272 353
273 403
274 354
275 313
276 282
277 246
278 230
279 218
280 208
281 196
282 209
283 219
284 231
285 247
286 283
287 315
288 355
289 404
290 455
291 419
292 372
293 340
294 300
295 292
296 276
297 260
298 249
299 253
300 261
301 285
302 293
303 333
304 365
305 406
306 442
307 505
308 443
309 407
310 366
311 334
312 294
313 286
314 264
315 254
316 250
317 255
318 265
319 287
320 295
321 335
322 367
323 410
324 446
325 506
326 447
327 411
328 368
329 336
330 296
331 288
332 268
333 256
334 251
335 257
336 269
337 289
338 297
339 337
340 369
341 414
342 450
343 507
344 451
345 415
346 370
347 338
348 298
349 290
350 272
351 258
352 252
353 259
354 273
355 291
356 299
357 339
358 371
359 418
360 454
361 508
362 576
363 516
364 480
365 428
366 399
367 364
368 348
369 332
370 324
371 305
372 317
373 325
374 341
375 357
376 386
377 421
378 473
379 509
380 569
381 622
382 570
383 510
384 474
385 422
386 387
387 358
388 342
389 326
390 318
391 308
392 319
393 327
394 343
395 359
396 390
397 423
398 475
399 511
400 571
401 625
402 572
403 512
404 476
405 424
406 391
407 360
408 344
409 328
410 320
411 311
412 321
413 329
414 345
415 361
416 394
417 425
418 477
419 513
420 573
421 628
422 574
423 514
424 478
425 426
426 395
427 362
428 346
429 330
430 322
431 314
432 323
433 331
434 347
435 363
436 398
437 427
438 479
439 515
440 575
441 631
442 695
443 640
444 591
445 543
446 496
447 464
448 436
449 420
450 400
451 384
452 373
453 377
454 385
455 405
456 429
457 457
458 489
459 530
460 578
461 633
462 682
463 757
464 683
465 634
466 579
467 531
468 490
469 458
470 430
471 408
472 388
473 378
474 374
475 379
476 389
477 409
478 431
479 459
480 491
481 534
482 582
483 635
484 686
485 758
486 687
487 636
488 583
489 535
490 492
491 460
492 432
493 412
494 392
495 380
496 375
497 381
498 393
499 413
500 433
501 461
502 493
503 538
504 586
505 637
506 690
507 759
508 691
509 638
510 587
511 539
512 494
513 462
514 434
515 416
516 396
517 382
518 376
519 383
520 397
521 417
522 435
523 463
524 495
525 542
526 590
527 639
528 694
529 760
530 843
531 768
532 708
533 664
534 600
535 568
536 528
537 504
538 488
539 472
540 456
541 437
542 441
543 465
544 481
545 497
546 518
547 561
548 593
549 657
550 698
551 761
552 830
553 885
554 831
555 762
556 699
557 658
558 594
559 562
560 519
561 498
562 482
563 466
564 444
565 438
566 445
567 467
568 483
569 499
570 521
571 563
572 595
573 659
574 701
575 763
576 834
577 886
578 835
579 764
580 702
581 660
582 596
583 564
584 522
585 500
586 484
587 468
588 448
589 439
590 449
591 469
592 485
593 501
594 524
595 565
596 597
597 661
598 704
599 765
600 838
601 887
602 839
603 766
604 705
605 662
606 598
607 566
608 525
609 502
610 486
611 470
612 452
613 440
614 453
615 471
616 487
617 503
618 527
619 567
620 599
621 663
622 707
623 767
624 842
625 888
626 980
627 915
628 852
629 791
630 740
631 680
632 655
633 608
634 592
635 560
636 552
637 544
638 517
639 529
640 545
641 553
642 577
643 601
644 642
645 673
646 733
647 778
648 845
649 902
650 973
651 1058
652 974
653 903
654 846
655 779
656 734
657 674
658 643
659 602
660 580
661 554
662 546
663 532
664 520
665 533
666 547
667 555
668 581
669 603
670 646
671 675
672 735
673 782
674 847
675 906
676 975
677 1061
678 976
679 907
680 848
681 783
682 736
683 676
684 647
685 604
686 584
687 556
688 548
689 536
690 523
691 537
692 549
693 557
694 585
695 605
696 650
697 677
698 737
699 786
700 849
701 910
702 977
703 1064
704 978
705 911
706 850
707 787
708 738
709 678
710 651
711 606
712 588
713 558
714 550
715 540
716 526
717 541
718 551
719 559
720 589
721 607
722 654
723 679
724 739
725 790
726 851
727 914
728 979
729 1067
730 1151
731 1083
732 996
733 940
734 876
735 819
736 776
737 732
738 696
739 672
740 656
741 632
742 620
743 609
744 613
745 621
746 641
747 665
748 681
749 725
750 769
751 806
752 869
753 933
754 989
755 1070
756 1138
757 1225
758 1139
759 1071
760 990
761 934
762 870
763 807
764 770
765 726
766 684
767 666
768 644
769 623
770 614
771 610
772 615
773 624
774 645
775 667
776 685
777 727
778 771
779 810
780 871
781 935
782 991
783 1074
784 1142
785 1226
786 1143
787 1075
788 992
789 936
790 872
791 811
792 772
793 728
794 688
795 668
796 648
797 626
798 616
799 611
800 617
801 627
802 649
803 669
804 689
805 729
806 773
807 814
808 873
809 937
810 993
811 1078
812 1146
813 1227
814 1147
815 1079
816 994
817 938
818 874
819 815
820 774
821 730
822 692
823 670
824 652
825 629
826 618
827 612
828 619
829 630
830 653
831 671
832 693
833 731
834 775
835 818
836 875
837 939
838 995
839 1082
840 1150
841 1228
842 1320
843 1236
844 1160
845 1092
846 1030
847 972
848 900
849 868
850 828
851 792
852 756
853 748
854 724
855 716
856 697
857 709
858 717
859 741
860 749
861 777
862 821
863 861
864 890
865 965
866 1011
867 1085
868 1153
869 1229
870 1313
871 1414
872 1314
873 1230
874 1154
875 1086
876 1012
877 966
878 891
879 862
880 822
881 780
882 750
883 742
884 718
885 710
886 700
887 711
888 719
889 743
890 751
891 781
892 823
893 863
894 893
895 967
896 1017
897 1087
898 1155
899 1231
900 1315
901 1417
902 1316
903 1232
904 1156
905 1088
906 1018
907 968
908 894
909 864
910 824
911 784
912 752
913 744
914 720
915 712
916 703
917 713
918 721
919 745
920 753
921 785
922 825
923 865
924 896
925 969
926 1023
927 1089
928 1157
929 1233
930 1317
931 1420
932 1318
933 1234
934 1158
935 1090
936 1024
937 970
938 897
939 866
940 826
941 788
942 754
943 746
944 722
945 714
946 706
947 715
948 723
949 747
950 755
951 789
952 827
953 867
954 899
955 971
956 1029
957 1091
958 1159
959 1235
960 1319
961 1423
962 1503
963 1432
964 1350
965 1256
966 1199
967 1116
968 1056
969 1004
970 963
971 924
972 884
973 860
974 844
975 820
976 804
977 793
978 797
979 805
980 829
981 853
982 877
983 917
984 950
985 997
986 1049
987 1109
988 1186
989 1246
990 1331
991 1425
992 1490
993 1605
994 1491
995 1426
996 1332
997 1247
998 1187
999 1110
1000 1050
1001 998
1002 951
1003 918
1004 878
1005 854
1006 832
1007 808
1008 798
1009 794
1010 799
1011 809
1012 833
1013 855
1014 879
1015 919
1016 954
1017 999
1018 1051
1019 1111
1020 1190
1021 1249
1022 1337
1023 1427
1024 1494
1025 1606
1026 1495
1027 1428
1028 1338
1029 1250
1030 1191
1031 1112
1032 1052
1033 1000
1034 955
1035 920
1036 880
1037 856
1038 836
1039 812
1040 800
1041 795
1042 801
1043 813
1044 837
1045 857
1046 881
1047 921
1048 958
1049 1001
1050 1053
1051 1113
1052 1194
1053 1252
1054 1343
1055 1429
1056 1498
1057 1607
1058 1499
1059 1430
1060 1344
1061 1253
1062 1195
1063 1114
1064 1054
1065 1002
1066 959
1067 922
1068 882
1069 858
1070 840
1071 816
1072 802
1073 796
1074 803
1075 817
1076 841
1077 859
1078 883
1079 923
1080 962
1081 1003
1082 1055
1083 1115
1084 1198
1085 1255
1086 1349
1087 1431
1088 1502
1089 1608
1090 1723
1091 1616
1092 1531
1093 1448
1094 1360
1095 1303
1096 1224
1097 1175
1098 1108
1099 1068
1100 1031
1101 988
1102 964
1103 948
1104 932
1105 916
1106 889
1107 901
1108 925
1109 941
1110 949
1111 981
1112 1010
1113 1057
1114 1101
1115 1162
1116 1217
1117 1290
1118 1353
1119 1441
1120 1518
1121 1609
1122 1710
1123 1802
1124 1711
1125 1610
1126 1519
1127 1442
1128 1354
1129 1291
1130 1218
1131 1163
1132 1102
1133 1059
1134 1013
1135 982
1136 952
1137 942
1138 926
1139 904
1140 892
1141 905
1142 927
1143 943
1144 953
1145 983
1146 1016
1147 1060
1148 1103
1149 1166
1150 1219
1151 1294
1152 1355
1153 1443
1154 1522
1155 1611
1156 1714
1157 1805
1158 1715
1159 1612
1160 1523
1161 1444
1162 1356
1163 1295
1164 1220
1165 1167
1166 1104
1167 1062
1168 1019
1169 984
1170 956
1171 944
1172 928
1173 908
1174 895
1175 909
1176 929
1177 945
1178 957
1179 985
1180 1022
1181 1063
1182 1105
1183 1170
1184 1221
1185 1298
1186 1357
1187 1445
1188 1526
1189 1613
1190 1718
1191 1808
1192 1719
1193 1614
1194 1527
1195 1446
1196 1358
1197 1299
1198 1222
1199 1171
1200 1106
1201 1065
1202 1025
1203 986
1204 960
1205 946
1206 930
1207 912
1208 898
1209 913
1210 931
1211 947
1212 961
1213 987
1214 1028
1215 1066
1216 1107
1217 1174
1218 1223
1219 1302
1220 1359
1221 1447
1222 1530
1223 1615
1224 1722
1225 1811
1226 1932
1227 1827
1228 1740
1229 1631
1230 1563
1231 1480
1232 1403
1233 1328
1234 1280
1235 1216
1236 1184
1237 1124
1238 1100
1239 1084
1240 1048
1241 1040
1242 1032
1243 1005
1244 1009
1245 1033
1246 1041
1247 1069
1248 1093
1249 1117
1250 1177
1251 1209
1252 1273
1253 1321
1254 1390
1255 1473
1256 1550
1257 1618
1258 1733
1259 1814
1260 1925
1261 2025
1262 1926
1263 1815
1264 1734
1265 1619
1266 1551
1267 1474
1268 1391
1269 1322
1270 1274
1271 1210
1272 1178
1273 1118
1274 1094
1275 1072
1276 1042
1277 1034
1278 1014
1279 1006
1280 1015
1281 1035
1282 1043
1283 1073
1284 1095
1285 1119
1286 1179
1287 1211
1288 1275
1289 1323
1290 1394
1291 1475
1292 1554
1293 1622
1294 1735
1295 1818
1296 1927
1297 2026
1298 1928
1299 1819
1300 1736
1301 1623
1302 1555
1303 1476
1304 1395
1305 1324
1306 1276
1307 1212
1308 1180
1309 1120
1310 1096
1311 1076
1312 1044
1313 1036
1314 1020
1315 1007
1316 1021
1317 1037
1318 1045
1319 1077
1320 1097
1321 1121
1322 1181
1323 1213
1324 1277
1325 1325
1326 1398
1327 1477
1328 1558
1329 1626
1330 1737
1331 1822
1332 1929
1333 2027
1334 1930
1335 1823
1336 1738
1337 1627
1338 1559
1339 1478
1340 1399
1341 1326
1342 1278
1343 1214
1344 1182
1345 1122
1346 1098
1347 1080
1348 1046
1349 1038
1350 1026
1351 1008
1352 1027
1353 1039
1354 1047
1355 1081
1356 1099
1357 1123
1358 1183
1359 1215
1360 1279
1361 1327
1362 1402
1363 1479
1364 1562
1365 1630
1366 1739
1367 1826
1368 1931
1369 2028
1370 2159
1371 2050
1372 1940
1373 1860
1374 1756
1375 1667
1376 1595
1377 1512
1378 1456
1379 1387
1380 1351
1381 1304
1382 1244
1383 1208
1384 1200
1385 1176
1386 1152
1387 1136
1388 1125
1389 1129
1390 1137
1391 1161
1392 1185
1393 1201
1394 1237
1395 1289
1396 1330
1397 1374
1398 1449
1399 1505
1400 1582
1401 1654
1402 1749
1403 1853
1404 1933
1405 2031
1406 2146
1407 2249
1408 2147
1409 2032
1410 1934
1411 1854
1412 1750
1413 1655
1414 1583
1415 1506
1416 1450
1417 1375
1418 1333
1419 1292
1420 1238
1421 1202
1422 1188
1423 1164
1424 1140
1425 1130
1426 1126
1427 1131
1428 1141
1429 1165
1430 1189
1431 1203
1432 1239
1433 1293
1434 1336
1435 1378
1436 1451
1437 1507
1438 1586
1439 1658
1440 1751
1441 1855
1442 1935
1443 2037
1444 2150
1445 2250
1446 2151
1447 2038
1448 1936
1449 1856
1450 1752
1451 1659
1452 1587
1453 1508
1454 1452
1455 1379
1456 1339
1457 1296
1458 1240
1459 1204
1460 1192
1461 1168
1462 1144
1463 1132
1464 1127
1465 1133
1466 1145
1467 1169
1468 1193
1469 1205
1470 1241
1471 1297
1472 1342
1473 1382
1474 1453
1475 1509
1476 1590
1477 1662
1478 1753
1479 1857
1480 1937
1481 2043
1482 2154
1483 2251
1484 2155
1485 2044
1486 1938
1487 1858
1488 1754
1489 1663
1490 1591
1491 1510
1492 1454
1493 1383
1494 1345
1495 1300
1496 1242
1497 1206
1498 1196
1499 1172
1500 1148
1501 1134
1502 1128
1503 1135
1504 1149
1505 1173
1506 1197
1507 1207
1508 1243
1509 1301
1510 1348
1511 1386
1512 1455
1513 1511
1514 1594
1515 1666
1516 1755
1517 1859
1518 1939
1519 2049
1520 2158
1521 2252
1522 2392
1523 2260
1524 2175
1525 2068
1526 1959
1527 1884
1528 1788
1529 1708
1530 1640
1531 1579
1532 1504
1533 1464
1534 1412
1535 1368
1536 1352
1537 1312
1538 1288
1539 1272
1540 1264
1541 1245
1542 1257
1543 1265
1544 1281
1545 1305
1546 1329
1547 1361
1548 1405
1549 1457
1550 1489
1551 1566
1552 1633
1553 1701
1554 1781
1555 1877
1556 1943
1557 2061
1558 2162
1559 2253
1560 2385
1561 2510
1562 2386
1563 2254
1564 2163
1565 2062
1566 1944
1567 1878
1568 1782
1569 1702
1570 1634
1571 1567
1572 1492
1573 1458
1574 1406
1575 1362
1576 1334
1577 1306
1578 1282
1579 1266
1580 1258
1581 1248
1582 1259
1583 1267
1584 1283
1585 1307
1586 1335
1587 1363
1588 1407
1589 1459
1590 1493
1591 1570
1592 1635
1593 1703
1594 1783
1595 1879
1596 1948
1597 2063
1598 2166
1599 2255
1600 2387
1601 2513
1602 2388
1603 2256
1604 2167
1605 2064
1606 1949
1607 1880
1608 1784
1609 1704
1610 1636
1611 1571
1612 1496
1613 1460
1614 1408
1615 1364
1616 1340
1617 1308
1618 1284
1619 1268
1620 1260
1621 1251
1622 1261
1623 1269
1624 1285
1625 1309
1626 1341
1627 1365
1628 1409
1629 1461
1630 1497
1631 1574
1632 1637
1633 1705
1634 1785
1635 1881
1636 1953
1637 2065
1638 2170
1639 2257
1640 2389
1641 2516
1642 2390
1643 2258
1644 2171
1645 2066
1646 1954
1647 1882
1648 1786
1649 1706
1650 1638
1651 1575
1652 1500
1653 1462
1654 1410
1655 1366
1656 1346
1657 1310
1658 1286
1659 1270
1660 1262
1661 1254
1662 1263
1663 1271
1664 1287
1665 1311
1666 1347
1667 1367
1668 1411
1669 1463
1670 1501
1671 1578
1672 1639
1673 1707
1674 1787
1675 1883
1676 1958
1677 2067
1678 2174
1679 2259
1680 2391
1681 2519
1682 2628
1683 2536
1684 2407
1685 2303
1686 2199
1687 2092
1688 2008
1689 1915
1690 1851
1691 1764
1692 1700
1693 1648
1694 1596
1695 1548
1696 1488
1697 1472
1698 1440
1699 1424
1700 1404
1701 1388
1702 1369
1703 1373
1704 1389
1705 1413
1706 1433
1707 1465
1708 1481
1709 1541
1710 1581
1711 1641
1712 1693
1713 1757
1714 1838
1715 1902
1716 2001
1717 2085
1718 2186
1719 2290
1720 2394
1721 2529
1722 2618
1723 2765
1724 2619
1725 2530
1726 2395
1727 2291
1728 2187
1729 2086
1730 2002
1731 1903
1732 1839
1733 1758
1734 1694
1735 1642
1736 1584
1737 1542
1738 1482
1739 1466
1740 1434
1741 1415
1742 1392
1743 1376
1744 1370
1745 1377
1746 1393
1747 1416
1748 1435
1749 1467
1750 1483
1751 1543
1752 1585
1753 1643
1754 1695
1755 1759
1756 1842
1757 1906
1758 2003
1759 2087
1760 2190
1761 2294
1762 2398
1763 2531
1764 2621
1765 2766
1766 2622
1767 2532
1768 2399
1769 2295
1770 2191
1771 2088
1772 2004
1773 1907
1774 1843
1775 1760
1776 1696
1777 1644
1778 1588
1779 1544
1780 1484
1781 1468
1782 1436
1783 1418
1784 1396
1785 1380
1786 1371
1787 1381
1788 1397
1789 1419
1790 1437
1791 1469
1792 1485
1793 1545
1794 1589
1795 1645
1796 1697
1797 1761
1798 1846
1799 1910
1800 2005
1801 2089
1802 2194
1803 2298
1804 2402
1805 2533
1806 2624
1807 2767
1808 2625
1809 2534
1810 2403
1811 2299
1812 2195
1813 2090
1814 2006
1815 1911
1816 1847
1817 1762
1818 1698
1819 1646
1820 1592
1821 1546
1822 1486
1823 1470
1824 1438
1825 1421
1826 1400
1827 1384
1828 1372
1829 1385
1830 1401
1831 1422
1832 1439
1833 1471
1834 1487
1835 1547
1836 1593
1837 1647
1838 1699
1839 1763
1840 1850
1841 1914
1842 2007
1843 2091
1844 2198
1845 2302
1846 2406
1847 2535
1848 2627
1849 2768
1850 2914
1851 2783
1852 2658
1853 2544
1854 2432
1855 2335
1856 2232
1857 2143
1858 2060
1859 1976
1860 1900
1861 1836
1862 1779
1863 1732
1864 1683
1865 1632
1866 1604
1867 1580
1868 1564
1869 1540
1870 1532
1871 1513
1872 1517
1873 1533
1874 1549
1875 1565
1876 1597
1877 1617
1878 1670
1879 1725
1880 1766
1881 1829
1882 1893
1883 1969
1884 2053
1885 2130
1886 2225
1887 2322
1888 2425
1889 2537
1890 2639
1891 2770
1892 2895
1893 3041
1894 2896
1895 2771
1896 2640
1897 2538
1898 2426
1899 2323
1900 2226
1901 2131
1902 2054
1903 1970
1904 1894
1905 1830
1906 1767
1907 1726
1908 1671
1909 1620
1910 1598
1911 1568
1912 1552
1913 1534
1914 1520
1915 1514
1916 1521
1917 1535
1918 1553
1919 1569
1920 1599
1921 1621
1922 1674
1923 1727
1924 1770
1925 1831
1926 1895
1927 1971
1928 2055
1929 2134
1930 2227
1931 2326
1932 2427
1933 2539
1934 2645
1935 2774
1936 2901
1937 3042
1938 2902
1939 2775
1940 2646
1941 2540
1942 2428
1943 2327
1944 2228
1945 2135
1946 2056
1947 1972
1948 1896
1949 1832
1950 1771
1951 1728
1952 1675
1953 1624
1954 1600
1955 1572
1956 1556
1957 1536
1958 1524
1959 1515
1960 1525
1961 1537
1962 1557
1963 1573
1964 1601
1965 1625
1966 1678
1967 1729
1968 1774
1969 1833
1970 1897
1971 1973
1972 2057
1973 2138
1974 2229
1975 2330
1976 2429
1977 2541
1978 2651
1979 2778
1980 2907
1981 3043
1982 2908
1983 2779
1984 2652
1985 2542
1986 2430
1987 2331
1988 2230
1989 2139
1990 2058
1991 1974
1992 1898
1993 1834
1994 1775
1995 1730
1996 1679
1997 1628
1998 1602
1999 1576
2000 1560
2001 1538
2002 1528
2003 1516
2004 1529
2005 1539
2006 1561
2007 1577
2008 1603
2009 1629
2010 1682
2011 1731
2012 1778
2013 1835
2014 1899
2015 1975
2016 2059
2017 2142
2018 2231
2019 2334
2020 2431
2021 2543
2022 2657
2023 2782
2024 2913
2025 3044
2026 3180
2027 3059
2028 2932
2029 2799
2030 2700
2031 2568
2032 2467
2033 2375
2034 2282
2035 2208
2036 2100
2037 2051
2038 1991
2039 1916
2040 1876
2041 1812
2042 1780
2043 1748
2044 1724
2045 1692
2046 1684
2047 1668
2048 1649
2049 1653
2050 1669
2051 1685
2052 1709
2053 1741
2054 1765
2055 1801
2056 1869
2057 1901
2058 1978
2059 2030
2060 2093
2061 2201
2062 2263
2063 2362
2064 2454
2065 2561
2066 2693
2067 2786
2068 2925
2069 3046
2070 3173
2071 3313
2072 3174
2073 3047
2074 2926
2075 2787
2076 2694
2077 2562
2078 2455
2079 2363
2080 2264
2081 2202
2082 2094
2083 2033
2084 1979
2085 1904
2086 1870
2087 1803
2088 1768
2089 1742
2090 1712
2091 1686
2092 1672
2093 1656
2094 1650
2095 1657
2096 1673
2097 1687
2098 1713
2099 1743
2100 1769
2101 1804
2102 1871
2103 1905
2104 1982
2105 2036
2106 2095
2107 2203
2108 2269
2109 2366
2110 2458
2111 2563
2112 2695
2113 2790
2114 2927
2115 3050
2116 3175
2117 3314
2118 3176
2119 3051
2120 2928
2121 2791
2122 2696
2123 2564
2124 2459
2125 2367
2126 2270
2127 2204
2128 2096
2129 2039
2130 1983
2131 1908
2132 1872
2133 1806
2134 1772
2135 1744
2136 1716
2137 1688
2138 1676
2139 1660
2140 1651
2141 1661
2142 1677
2143 1689
2144 1717
2145 1745
2146 1773
2147 1807
2148 1873
2149 1909
2150 1986
2151 2042
2152 2097
2153 2205
2154 2275
2155 2370
2156 2462
2157 2565
2158 2697
2159 2794
2160 2929
2161 3054
2162 3177
2163 3315
2164 3178
2165 3055
2166 2930
2167 2795
2168 2698
2169 2566
2170 2463
2171 2371
2172 2276
2173 2206
2174 2098
2175 2045
2176 1987
2177 1912
2178 1874
2179 1809
2180 1776
2181 1746
2182 1720
2183 1690
2184 1680
2185 1664
2186 1652
2187 1665
2188 1681
2189 1691
2190 1721
2191 1747
2192 1777
2193 1810
2194 1875
2195 1913
2196 1990
2197 2048
2198 2099
2199 2207
2200 2281
2201 2374
2202 2466
2203 2567
2204 2699
2205 2798
2206 2931
2207 3058
2208 3179
2209 3316
2210 3485
2211 3331
2212 3188
2213 3068
2214 2956
2215 2820
2216 2723
2217 2608
2218 2528
2219 2424
2220 2351
2221 2248
2222 2200
2223 2120
2224 2076
2225 2016
2226 1960
2227 1924
2228 1892
2229 1868
2230 1852
2231 1828
2232 1800
2233 1789
2234 1793
2235 1813
2236 1837
2237 1861
2238 1885
2239 1917
2240 1942
2241 2009
2242 2069
2243 2110
2244 2185
2245 2241
2246 2338
2247 2417
2248 2521
2249 2601
2250 2710
2251 2810
2252 2949
2253 3061
2254 3181
2255 3318
2256 3460
2257 3593
2258 3461
2259 3319
2260 3182
2261 3062
2262 2950
2263 2811
2264 2711
2265 2602
2266 2522
2267 2418
2268 2339
2269 2242
2270 2188
2271 2111
2272 2070
2273 2010
2274 1945
2275 1918
2276 1886
2277 1862
2278 1840
2279 1816
2280 1794
2281 1790
2282 1795
2283 1817
2284 1841
2285 1863
2286 1887
2287 1919
2288 1947
2289 2011
2290 2071
2291 2113
2292 2189
2293 2243
2294 2342
2295 2419
2296 2523
2297 2603
2298 2714
2299 2813
2300 2951
2301 3063
2302 3183
2303 3322
2304 3468
2305 3594
2306 3469
2307 3323
2308 3184
2309 3064
2310 2952
2311 2814
2312 2715
2313 2604
2314 2524
2315 2420
2316 2343
2317 2244
2318 2192
2319 2114
2320 2072
2321 2012
2322 1950
2323 1920
2324 1888
2325 1864
2326 1844
2327 1820
2328 1796
2329 1791
2330 1797
2331 1821
2332 1845
2333 1865
2334 1889
2335 1921
2336 1952
2337 2013
2338 2073
2339 2116
2340 2193
2341 2245
2342 2346
2343 2421
2344 2525
2345 2605
2346 2718
2347 2816
2348 2953
2349 3065
2350 3185
2351 3326
2352 3476
2353 3595
2354 3477
2355 3327
2356 3186
2357 3066
2358 2954
2359 2817
2360 2719
2361 2606
2362 2526
2363 2422
2364 2347
2365 2246
2366 2196
2367 2117
2368 2074
2369 2014
2370 1955
2371 1922
2372 1890
2373 1866
2374 1848
2375 1824
2376 1798
2377 1792
2378 1799
2379 1825
2380 1849
2381 1867
2382 1891
2383 1923
2384 1957
2385 2015
2386 2075
2387 2119
2388 2197
2389 2247
2390 2350
2391 2423
2392 2527
2393 2607
2394 2722
2395 2819
2396 2955
2397 3067
2398 3187
2399 3330
2400 3484
2401 3596
2402 3768
2403 3612
2404 3504
2405 3355
2406 3230
2407 3123
2408 2979
2409 2876
2410 2764
2411 2690
2412 2592
2413 2500
2414 2416
2415 2360
2416 2283
2417 2224
2418 2176
2419 2108
2420 2084
2421 2052
2422 2024
2423 2000
2424 1992
2425 1968
2426 1941
2427 1961
2428 1977
2429 1993
2430 2017
2431 2029
2432 2077
2433 2101
2434 2161
2435 2217
2436 2262
2437 2353
2438 2409
2439 2493
2440 2585
2441 2671
2442 2757
2443 2869
2444 2966
2445 3110
2446 3211
2447 3342
2448 3497
2449 3605
2450 3761
2451 3919
2452 3762
2453 3606
2454 3498
2455 3343
2456 3212
2457 3111
2458 2967
2459 2870
2460 2758
2461 2672
2462 2586
2463 2494
2464 2410
2465 2354
2466 2265
2467 2218
2468 2164
2469 2102
2470 2078
2471 2034
2472 2018
2473 1994
2474 1980
2475 1962
2476 1946
2477 1963
2478 1981
2479 1995
2480 2019
2481 2035
2482 2079
2483 2103
2484 2165
2485 2219
2486 2268
2487 2355
2488 2411
2489 2495
2490 2587
2491 2677
2492 2759
2493 2871
2494 2970
2495 3114
2496 3217
2497 3346
2498 3499
2499 3607
2500 3763
2501 3924
2502 3764
2503 3608
2504 3500
2505 3347
2506 3218
2507 3115
2508 2971
2509 2872
2510 2760
2511 2678
2512 2588
2513 2496
2514 2412
2515 2356
2516 2271
2517 2220
2518 2168
2519 2104
2520 2080
2521 2040
2522 2020
2523 1996
2524 1984
2525 1964
2526 1951
2527 1965
2528 1985
2529 1997
2530 2021
2531 2041
2532 2081
2533 2105
2534 2169
2535 2221
2536 2274
2537 2357
2538 2413
2539 2497
2540 2589
2541 2683
2542 2761
2543 2873
2544 2974
2545 3118
2546 3223
2547 3350
2548 3501
2549 3609
2550 3765
2551 3929
2552 3766
2553 3610
2554 3502
2555 3351
2556 3224
2557 3119
2558 2975
2559 2874
2560 2762
2561 2684
2562 2590
2563 2498
2564 2414
2565 2358
2566 2277
2567 2222
2568 2172
2569 2106
2570 2082
2571 2046
2572 2022
2573 1998
2574 1988
2575 1966
2576 1956
2577 1967
2578 1989
2579 1999
2580 2023
2581 2047
2582 2083
2583 2107
2584 2173
2585 2223
2586 2280
2587 2359
2588 2415
2589 2499
2590 2591
2591 2689
2592 2763
2593 2875
2594 2978
2595 3122
2596 3229
2597 3354
2598 3503
2599 3611
2600 3767
2601 3934
2602 4092
2603 3944
2604 3791
2605 3655
2606 3520
2607 3388
2608 3263
2609 3147
2610 3039
2611 2940
2612 2835
2613 2740
2614 2659
2615 2583
2616 2508
2617 2440
2618 2384
2619 2336
2620 2284
2621 2240
2622 2216
2623 2184
2624 2160
2625 2144
2626 2128
2627 2109
2628 2121
2629 2129
2630 2145
2631 2177
2632 2209
2633 2233
2634 2261
2635 2321
2636 2377
2637 2433
2638 2501
2639 2570
2640 2638
2641 2733
2642 2822
2643 2933
2644 3026
2645 3134
2646 3250
2647 3381
2648 3513
2649 3642
2650 3778
2651 3937
2652 4085
2653 4238
2654 4086
2655 3938
2656 3779
2657 3643
2658 3514
2659 3382
2660 3251
2661 3135
2662 3027
2663 2934
2664 2823
2665 2734
2666 2641
2667 2571
2668 2502
2669 2434
2670 2378
2671 2324
2672 2266
2673 2234
2674 2210
2675 2178
2676 2148
2677 2132
2678 2122
2679 2112
2680 2123
2681 2133
2682 2149
2683 2179
2684 2211
2685 2235
2686 2267
2687 2325
2688 2379
2689 2435
2690 2503
2691 2574
2692 2644
2693 2735
2694 2826
2695 2935
2696 3030
2697 3138
2698 3254
2699 3383
2700 3515
2701 3646
2702 3782
2703 3939
2704 4087
2705 4241
2706 4088
2707 3940
2708 3783
2709 3647
2710 3516
2711 3384
2712 3255
2713 3139
2714 3031
2715 2936
2716 2827
2717 2736
2718 2647
2719 2575
2720 2504
2721 2436
2722 2380
2723 2328
2724 2272
2725 2236
2726 2212
2727 2180
2728 2152
2729 2136
2730 2124
2731 2115
2732 2125
2733 2137
2734 2153
2735 2181
2736 2213
2737 2237
2738 2273
2739 2329
2740 2381
2741 2437
2742 2505
2743 2578
2744 2650
2745 2737
2746 2830
2747 2937
2748 3034
2749 3142
2750 3258
2751 3385
2752 3517
2753 3650
2754 3786
2755 3941
2756 4089
2757 4244
2758 4090
2759 3942
2760 3787
2761 3651
2762 3518
2763 3386
2764 3259
2765 3143
2766 3035
2767 2938
2768 2831
2769 2738
2770 2653
2771 2579
2772 2506
2773 2438
2774 2382
2775 2332
2776 2278
2777 2238
2778 2214
2779 2182
2780 2156
2781 2140
2782 2126
2783 2118
2784 2127
2785 2141
2786 2157
2787 2183
2788 2215
2789 2239
2790 2279
2791 2333
2792 2383
2793 2439
2794 2507
2795 2582
2796 2656
2797 2739
2798 2834
2799 2939
2800 3038
2801 3146
2802 3262
2803 3387
2804 3519
2805 3654
2806 3790
2807 3943
2808 4091
2809 4247
2810 4419
2811 4256
2812 4107
2813 3967
2814 3808
2815 3695
2816 3552
2817 3423
2818 3312
2819 3196
2820 3107
2821 2996
2822 2915
2823 2808
2824 2748
2825 2691
2826 2600
2827 2560
2828 2491
2829 2448
2830 2408
2831 2376
2832 2352
2833 2320
2834 2312
2835 2304
2836 2285
2837 2289
2838 2305
2839 2313
2840 2337
2841 2361
2842 2393
2843 2441
2844 2478
2845 2553
2846 2593
2847 2670
2848 2741
2849 2801
2850 2894
2851 2989
2852 3094
2853 3189
2854 3305
2855 3410
2856 3545
2857 3682
2858 3801
2859 3954
2860 4094
2861 4249
2862 4406
2863 4577
2864 4407
2865 4250
2866 4095
2867 3955
2868 3802
2869 3683
2870 3546
2871 3411
2872 3306
2873 3190
2874 3095
2875 2990
2876 2897
2877 2802
2878 2742
2879 2673
2880 2594
2881 2554
2882 2479
2883 2442
2884 2396
2885 2364
2886 2340
2887 2314
2888 2306
2889 2292
2890 2286
2891 2293
2892 2307
2893 2315
2894 2341
2895 2365
2896 2397
2897 2443
2898 2482
2899 2555
2900 2595
2901 2676
2902 2743
2903 2803
2904 2900
2905 2991
2906 3098
2907 3191
2908 3307
2909 3414
2910 3547
2911 3686
2912 3803
2913 3958
2914 4098
2915 4251
2916 4410
2917 4578
2918 4411
2919 4252
2920 4099
2921 3959
2922 3804
2923 3687
2924 3548
2925 3415
2926 3308
2927 3192
2928 3099
2929 2992
2930 2903
2931 2804
2932 2744
2933 2679
2934 2596
2935 2556
2936 2483
2937 2444
2938 2400
2939 2368
2940 2344
2941 2316
2942 2308
2943 2296
2944 2287
2945 2297
2946 2309
2947 2317
2948 2345
2949 2369
2950 2401
2951 2445
2952 2486
2953 2557
2954 2597
2955 2682
2956 2745
2957 2805
2958 2906
2959 2993
2960 3102
2961 3193
2962 3309
2963 3418
2964 3549
2965 3690
2966 3805
2967 3962
2968 4102
2969 4253
2970 4414
2971 4579
2972 4415
2973 4254
2974 4103
2975 3963
2976 3806
2977 3691
2978 3550
2979 3419
2980 3310
2981 3194
2982 3103
2983 2994
2984 2909
2985 2806
2986 2746
2987 2685
2988 2598
2989 2558
2990 2487
2991 2446
2992 2404
2993 2372
2994 2348
2995 2318
2996 2310
2997 2300
2998 2288
2999 2301
3000 2311
3001 2319
3002 2349
3003 2373
3004 2405
3005 2447
3006 2490
3007 2559
3008 2599
3009 2688
3010 2747
3011 2807
3012 2912
3013 2995
3014 3106
3015 3195
3016 3311
3017 3422
3018 3551
3019 3694
3020 3807
3021 3966
3022 4106
3023 4255
3024 4418
3025 4580
3026 4739
3027 4595
3028 4428
3029 4271
3030 4139
3031 3992
3032 3852
3033 3720
3034 3591
3035 3496
3036 3379
3037 3279
3038 3156
3039 3084
3040 2988
3041 2924
3042 2859
3043 2784
3044 2724
3045 2668
3046 2616
3047 2584
3048 2552
3049 2520
3050 2492
3051 2476
3052 2468
3053 2449
3054 2453
3055 2469
3056 2477
3057 2509
3058 2545
3059 2569
3060 2609
3061 2661
3062 2709
3063 2769
3064 2846
3065 2917
3066 2981
3067 3077
3068 3149
3069 3266
3070 3366
3071 3489
3072 3578
3073 3713
3074 3842
3075 3985
3076 4126
3077 4258
3078 4421
3079 4582
3080 4726
3081 4921
3082 4727
3083 4583
3084 4422
3085 4259
3086 4127
3087 3986
3088 3843
3089 3714
3090 3579
3091 3490
3092 3367
3093 3267
3094 3150
3095 3078
3096 2982
3097 2918
3098 2847
3099 2772
3100 2712
3101 2662
3102 2610
3103 2572
3104 2546
3105 2511
3106 2480
3107 2470
3108 2456
3109 2450
3110 2457
3111 2471
3112 2481
3113 2512
3114 2547
3115 2573
3116 2611
3117 2663
3118 2713
3119 2773
3120 2850
3121 2919
3122 2983
3123 3079
3124 3151
3125 3270
3126 3370
3127 3491
3128 3582
3129 3715
3130 3845
3131 3987
3132 4130
3133 4262
3134 4423
3135 4586
3136 4730
3137 4922
3138 4731
3139 4587
3140 4424
3141 4263
3142 4131
3143 3988
3144 3846
3145 3716
3146 3583
3147 3492
3148 3371
3149 3271
3150 3152
3151 3080
3152 2984
3153 2920
3154 2851
3155 2776
3156 2716
3157 2664
3158 2612
3159 2576
3160 2548
3161 2514
3162 2484
3163 2472
3164 2460
3165 2451
3166 2461
3167 2473
3168 2485
3169 2515
3170 2549
3171 2577
3172 2613
3173 2665
3174 2717
3175 2777
3176 2854
3177 2921
3178 2985
3179 3081
3180 3153
3181 3274
3182 3374
3183 3493
3184 3586
3185 3717
3186 3848
3187 3989
3188 4134
3189 4266
3190 4425
3191 4590
3192 4734
3193 4923
3194 4735
3195 4591
3196 4426
3197 4267
3198 4135
3199 3990
3200 3849
3201 3718
3202 3587
3203 3494
3204 3375
3205 3275
3206 3154
3207 3082
3208 2986
3209 2922
3210 2855
3211 2780
3212 2720
3213 2666
3214 2614
3215 2580
3216 2550
3217 2517
3218 2488
3219 2474
3220 2464
3221 2452
3222 2465
3223 2475
3224 2489
3225 2518
3226 2551
3227 2581
3228 2615
3229 2667
3230 2721
3231 2781
3232 2858
3233 2923
3234 2987
3235 3083
3236 3155
3237 3278
3238 3378
3239 3495
3240 3590
3241 3719
3242 3851
3243 3991
3244 4138
3245 4270
3246 4427
3247 4594
3248 4738
3249 4924
3250 5125
3251 4939
3252 4763
3253 4620
3254 4459
3255 4307
3256 4186
3257 4024
3258 3907
3259 3776
3260 3671
3261 3567
3262 3448
3263 3356
3264 3264
3265 3171
3266 3108
3267 3015
3268 2964
3269 2892
3270 2860
3271 2800
3272 2756
3273 2732
3274 2708
3275 2692
3276 2660
3277 2636
3278 2617
3279 2629
3280 2637
3281 2669
3282 2701
3283 2725
3284 2749
3285 2785
3286 2845
3287 2885
3288 2957
3289 3002
3290 3093
3291 3158
3292 3249
3293 3341
3294 3441
3295 3554
3296 3658
3297 3769
3298 3894
3299 4017
3300 4167
3301 4294
3302 4446
3303 4613
3304 4750
3305 4926
3306 5100
3307 5262
3308 5101
3309 4927
3310 4751
3311 4614
3312 4447
3313 4295
3314 4168
3315 4018
3316 3895
3317 3770
3318 3659
3319 3555
3320 3442
3321 3344
3322 3252
3323 3159
3324 3096
3325 3003
3326 2958
3327 2886
3328 2848
3329 2788
3330 2750
3331 2726
3332 2702
3333 2674
3334 2642
3335 2630
3336 2620
3337 2631
3338 2643
3339 2675
3340 2703
3341 2727
3342 2751
3343 2789
3344 2849
3345 2887
3346 2959
3347 3006
3348 3097
3349 3162
3350 3253
3351 3345
3352 3443
3353 3558
3354 3662
3355 3771
3356 3898
3357 4019
3358 4173
3359 4298
3360 4450
3361 4615
3362 4754
3363 4930
3364 5108
3365 5265
3366 5109
3367 4931
3368 4755
3369 4616
3370 4451
3371 4299
3372 4174
3373 4020
3374 3899
3375 3772
3376 3663
3377 3559
3378 3444
3379 3348
3380 3256
3381 3163
3382 3100
3383 3007
3384 2960
3385 2888
3386 2852
3387 2792
3388 2752
3389 2728
3390 2704
3391 2680
3392 2648
3393 2632
3394 2623
3395 2633
3396 2649
3397 2681
3398 2705
3399 2729
3400 2753
3401 2793
3402 2853
3403 2889
3404 2961
3405 3010
3406 3101
3407 3166
3408 3257
3409 3349
3410 3445
3411 3562
3412 3666
3413 3773
3414 3902
3415 4021
3416 4179
3417 4302
3418 4454
3419 4617
3420 4758
3421 4934
3422 5116
3423 5268
3424 5117
3425 4935
3426 4759
3427 4618
3428 4455
3429 4303
3430 4180
3431 4022
3432 3903
3433 3774
3434 3667
3435 3563
3436 3446
3437 3352
3438 3260
3439 3167
3440 3104
3441 3011
3442 2962
3443 2890
3444 2856
3445 2796
3446 2754
3447 2730
3448 2706
3449 2686
3450 2654
3451 2634
3452 2626
3453 2635
3454 2655
3455 2687
3456 2707
3457 2731
3458 2755
3459 2797
3460 2857
3461 2891
3462 2963
3463 3014
3464 3105
3465 3170
3466 3261
3467 3353
3468 3447
3469 3566
3470 3670
3471 3775
3472 3906
3473 4023
3474 4185
3475 4306
3476 4458
3477 4619
3478 4762
3479 4938
3480 5124
3481 5271
3482 5464
3483 5280
3484 5136
3485 4956
3486 4806
3487 4644
3488 4492
3489 4356
3490 4204
3491 4082
3492 3983
3493 3840
3494 3743
3495 3624
3496 3543
3497 3440
3498 3364
3499 3296
3500 3204
3501 3148
3502 3092
3503 3024
3504 2980
3505 2948
3506 2916
3507 2884
3508 2868
3509 2844
3510 2836
3511 2809
3512 2821
3513 2837
3514 2861
3515 2877
3516 2893
3517 2941
3518 2965
3519 3017
3520 3085
3521 3133
3522 3197
3523 3289
3524 3357
3525 3433
3526 3530
3527 3614
3528 3730
3529 3833
3530 3970
3531 4063
3532 4197
3533 4349
3534 4485
3535 4637
3536 4787
3537 4949
3538 5129
3539 5273
3540 5457
3541 5638
3542 5458
3543 5274
3544 5130
3545 4950
3546 4788
3547 4638
3548 4486
3549 4350
3550 4198
3551 4064
3552 3971
3553 3834
3554 3731
3555 3615
3556 3531
3557 3434
3558 3358
3559 3290
3560 3198
3561 3136
3562 3086
3563 3018
3564 2968
3565 2942
3566 2898
3567 2878
3568 2862
3569 2838
3570 2824
3571 2812
3572 2825
3573 2839
3574 2863
3575 2879
3576 2899
3577 2943
3578 2969
3579 3019
3580 3087
3581 3137
3582 3199
3583 3291
3584 3359
3585 3435
3586 3534
3587 3617
3588 3734
3589 3835
3590 3974
3591 4069
3592 4199
3593 4351
3594 4487
3595 4639
3596 4793
3597 4951
3598 5131
3599 5275
3600 5459
3601 5641
3602 5460
3603 5276
3604 5132
3605 4952
3606 4794
3607 4640
3608 4488
3609 4352
3610 4200
3611 4070
3612 3975
3613 3836
3614 3735
3615 3618
3616 3535
3617 3436
3618 3360
3619 3292
3620 3200
3621 3140
3622 3088
3623 3020
3624 2972
3625 2944
3626 2904
3627 2880
3628 2864
3629 2840
3630 2828
3631 2815
3632 2829
3633 2841
3634 2865
3635 2881
3636 2905
3637 2945
3638 2973
3639 3021
3640 3089
3641 3141
3642 3201
3643 3293
3644 3361
3645 3437
3646 3538
3647 3620
3648 3738
3649 3837
3650 3978
3651 4075
3652 4201
3653 4353
3654 4489
3655 4641
3656 4799
3657 4953
3658 5133
3659 5277
3660 5461
3661 5644
3662 5462
3663 5278
3664 5134
3665 4954
3666 4800
3667 4642
3668 4490
3669 4354
3670 4202
3671 4076
3672 3979
3673 3838
3674 3739
3675 3621
3676 3539
3677 3438
3678 3362
3679 3294
3680 3202
3681 3144
3682 3090
3683 3022
3684 2976
3685 2946
3686 2910
3687 2882
3688 2866
3689 2842
3690 2832
3691 2818
3692 2833
3693 2843
3694 2867
3695 2883
3696 2911
3697 2947
3698 2977
3699 3023
3700 3091
3701 3145
3702 3203
3703 3295
3704 3363
3705 3439
3706 3542
3707 3623
3708 3742
3709 3839
3710 3982
3711 4081
3712 4203
3713 4355
3714 4491
3715 4643
3716 4805
3717 4955
3718 5135
3719 5279
3720 5463
3721 5647
3722 5852
3723 5671
3724 5487
3725 5318
3726 5152
3727 4987
3728 4839
3729 4691
3730 4534
3731 4404
3732 4280
3733 4164
3734 4039
3735 3935
3736 3816
3737 3728
3738 3639
3739 3568
3740 3486
3741 3396
3742 3340
3743 3288
3744 3231
3745 3172
3746 3132
3747 3124
3748 3076
3749 3060
3750 3040
3751 3016
3752 2997
3753 3001
3754 3025
3755 3045
3756 3069
3757 3109
3758 3125
3759 3157
3760 3210
3761 3281
3762 3333
3763 3389
3764 3459
3765 3553
3766 3626
3767 3721
3768 3809
3769 3918
3770 4026
3771 4157
3772 4273
3773 4397
3774 4515
3775 4678
3776 4826
3777 4974
3778 5145
3779 5299
3780 5474
3781 5658
3782 5845
3783 6021
3784 5846
3785 5659
3786 5475
3787 5300
3788 5146
3789 4975
3790 4827
3791 4679
3792 4516
3793 4398
3794 4274
3795 4158
3796 4027
3797 3920
3798 3810
3799 3722
3800 3627
3801 3556
3802 3462
3803 3390
3804 3334
3805 3282
3806 3213
3807 3160
3808 3126
3809 3112
3810 3070
3811 3048
3812 3028
3813 3004
3814 2998
3815 3005
3816 3029
3817 3049
3818 3071
3819 3113
3820 3127
3821 3161
3822 3216
3823 3283
3824 3335
3825 3391
3826 3467
3827 3557
3828 3630
3829 3723
3830 3811
3831 3923
3832 4030
3833 4159
3834 4275
3835 4399
3836 4521
3837 4682
3838 4830
3839 4978
3840 5147
3841 5305
3842 5478
3843 5662
3844 5847
3845 6022
3846 5848
3847 5663
3848 5479
3849 5306
3850 5148
3851 4979
3852 4831
3853 4683
3854 4522
3855 4400
3856 4276
3857 4160
3858 4031
3859 3925
3860 3812
3861 3724
3862 3631
3863 3560
3864 3470
3865 3392
3866 3336
3867 3284
3868 3219
3869 3164
3870 3128
3871 3116
3872 3072
3873 3052
3874 3032
3875 3008
3876 2999
3877 3009
3878 3033
3879 3053
3880 3073
3881 3117
3882 3129
3883 3165
3884 3222
3885 3285
3886 3337
3887 3393
3888 3475
3889 3561
3890 3634
3891 3725
3892 3813
3893 3928
3894 4034
3895 4161
3896 4277
3897 4401
3898 4527
3899 4686
3900 4834
3901 4982
3902 5149
3903 5311
3904 5482
3905 5666
3906 5849
3907 6023
3908 5850
3909 5667
3910 5483
3911 5312
3912 5150
3913 4983
3914 4835
3915 4687
3916 4528
3917 4402
3918 4278
3919 4162
3920 4035
3921 3930
3922 3814
3923 3726
3924 3635
3925 3564
3926 3478
3927 3394
3928 3338
3929 3286
3930 3225
3931 3168
3932 3130
3933 3120
3934 3074
3935 3056
3936 3036
3937 3012
3938 3000
3939 3013
3940 3037
3941 3057
3942 3075
3943 3121
3944 3131
3945 3169
3946 3228
3947 3287
3948 3339
3949 3395
3950 3483
3951 3565
3952 3638
3953 3727
3954 3815
3955 3933
3956 4038
3957 4163
3958 4279
3959 4403
3960 4533
3961 4690
3962 4838
3963 4986
3964 5151
3965 5317
3966 5486
3967 5670
3968 5851
3969 6024
3970 6235
3971 6039
3972 5875
3973 5688
3974 5504
3975 5366
3976 5191
3977 5024
3978 4888
3979 4723
3980 4611
3981 4484
3982 4371
3983 4236
3984 4140
3985 4016
3986 3916
3987 3831
3988 3760
3989 3680
3990 3592
3991 3528
3992 3487
3993 3404
3994 3380
3995 3332
3996 3304
3997 3280
3998 3248
3999 3240
4000 3232
4001 3205
4002 3209
4003 3233
4004 3241
4005 3265
4006 3297
4007 3317
4008 3365
4009 3397
4010 3458
4011 3521
4012 3577
4013 3673
4014 3753
4015 3818
4016 3909
4017 4009
4018 4125
4019 4229
4020 4358
4021 4477
4022 4598
4023 4710
4024 4881
4025 5014
4026 5178
4027 5347
4028 5497
4029 5681
4030 5862
4031 6026
4032 6222
4033 6433
4034 6223
4035 6027
4036 5863
4037 5682
4038 5498
4039 5348
4040 5179
4041 5015
4042 4882
4043 4711
4044 4599
4045 4478
4046 4359
4047 4230
4048 4128
4049 4010
4050 3910
4051 3819
4052 3754
4053 3674
4054 3580
4055 3522
4056 3463
4057 3398
4058 3368
4059 3320
4060 3298
4061 3268
4062 3242
4063 3234
4064 3214
4065 3206
4066 3215
4067 3235
4068 3243
4069 3269
4070 3299
4071 3321
4072 3369
4073 3399
4074 3466
4075 3523
4076 3581
4077 3675
4078 3755
4079 3822
4080 3911
4081 4011
4082 4129
4083 4231
4084 4362
4085 4479
4086 4602
4087 4714
4088 4883
4089 5017
4090 5182
4091 5353
4092 5499
4093 5683
4094 5866
4095 6030
4096 6226
4097 6434
4098 6227
4099 6031
4100 5867
4101 5684
4102 5500
4103 5354
4104 5183
4105 5018
4106 4884
4107 4715
4108 4603
4109 4480
4110 4363
4111 4232
4112 4132
4113 4012
4114 3912
4115 3823
4116 3756
4117 3676
4118 3584
4119 3524
4120 3471
4121 3400
4122 3372
4123 3324
4124 3300
4125 3272
4126 3244
4127 3236
4128 3220
4129 3207
4130 3221
4131 3237
4132 3245
4133 3273
4134 3301
4135 3325
4136 3373
4137 3401
4138 3474
4139 3525
4140 3585
4141 3677
4142 3757
4143 3826
4144 3913
4145 4013
4146 4133
4147 4233
4148 4366
4149 4481
4150 4606
4151 4718
4152 4885
4153 5020
4154 5186
4155 5359
4156 5501
4157 5685
4158 5870
4159 6034
4160 6230
4161 6435
4162 6231
4163 6035
4164 5871
4165 5686
4166 5502
4167 5360
4168 5187
4169 5021
4170 4886
4171 4719
4172 4607
4173 4482
4174 4367
4175 4234
4176 4136
4177 4014
4178 3914
4179 3827
4180 3758
4181 3678
4182 3588
4183 3526
4184 3479
4185 3402
4186 3376
4187 3328
4188 3302
4189 3276
4190 3246
4191 3238
4192 3226
4193 3208
4194 3227
4195 3239
4196 3247
4197 3277
4198 3303
4199 3329
4200 3377
4201 3403
4202 3482
4203 3527
4204 3589
4205 3679
4206 3759
4207 3830
4208 3915
4209 4015
4210 4137
4211 4235
4212 4370
4213 4483
4214 4610
4215 4722
4216 4887
4217 5023
4218 5190
4219 5365
4220 5503
4221 5687
4222 5874
4223 6038
4224 6234
4225 6436
4226 6620
4227 6458
4228 6251
4229 6063
4230 5892
4231 5720
4232 5539
4233 5392
4234 5231
4235 5080
4236 4948
4237 4823
4238 4676
4239 4566
4240 4444
4241 4339
4242 4219
4243 4148
4244 4040
4245 3968
4246 3876
4247 3800
4248 3744
4249 3696
4250 3604
4251 3576
4252 3544
4253 3512
4254 3488
4255 3456
4256 3432
4257 3424
4258 3405
4259 3409
4260 3425
4261 3449
4262 3457
4263 3505
4264 3529
4265 3569
4266 3597
4267 3681
4268 3729
4269 3793
4270 3869
4271 3953
4272 4025
4273 4141
4274 4206
4275 4326
4276 4437
4277 4547
4278 4669
4279 4810
4280 4941
4281 5073
4282 5218
4283 5385
4284 5526
4285 5713
4286 5885
4287 6050
4288 6238
4289 6439
4290 6613
4291 6841
4292 6614
4293 6440
4294 6239
4295 6051
4296 5886
4297 5714
4298 5527
4299 5386
4300 5219
4301 5074
4302 4942
4303 4811
4304 4670
4305 4548
4306 4438
4307 4327
4308 4207
4309 4142
4310 4028
4311 3956
4312 3870
4313 3794
4314 3732
4315 3684
4316 3598
4317 3570
4318 3532
4319 3506
4320 3464
4321 3450
4322 3426
4323 3412
4324 3406
4325 3413
4326 3427
4327 3451
4328 3465
4329 3507
4330 3533
4331 3571
4332 3599
4333 3685
4334 3733
4335 3795
4336 3871
4337 3957
4338 4029
4339 4143
4340 4210
4341 4330
4342 4439
4343 4553
4344 4671
4345 4814
4346 4943
4347 5075
4348 5222
4349 5387
4350 5530
4351 5715
4352 5887
4353 6054
4354 6242
4355 6445
4356 6615
4357 6842
4358 6616
4359 6446
4360 6243
4361 6055
4362 5888
4363 5716
4364 5531
4365 5388
4366 5223
4367 5076
4368 4944
4369 4815
4370 4672
4371 4554
4372 4440
4373 4331
4374 4211
4375 4144
4376 4032
4377 3960
4378 3872
4379 3796
4380 3736
4381 3688
4382 3600
4383 3572
4384 3536
4385 3508
4386 3472
4387 3452
4388 3428
4389 3416
4390 3407
4391 3417
4392 3429
4393 3453
4394 3473
4395 3509
4396 3537
4397 3573
4398 3601
4399 3689
4400 3737
4401 3797
4402 3873
4403 3961
4404 4033
4405 4145
4406 4214
4407 4334
4408 4441
4409 4559
4410 4673
4411 4818
4412 4945
4413 5077
4414 5226
4415 5389
4416 5534
4417 5717
4418 5889
4419 6058
4420 6246
4421 6451
4422 6617
4423 6843
4424 6618
4425 6452
4426 6247
4427 6059
4428 5890
4429 5718
4430 5535
4431 5390
4432 5227
4433 5078
4434 4946
4435 4819
4436 4674
4437 4560
4438 4442
4439 4335
4440 4215
4441 4146
4442 4036
4443 3964
4444 3874
4445 3798
4446 3740
4447 3692
4448 3602
4449 3574
4450 3540
4451 3510
4452 3480
4453 3454
4454 3430
4455 3420
4456 3408
4457 3421
4458 3431
4459 3455
4460 3481
4461 3511
4462 3541
4463 3575
4464 3603
4465 3693
4466 3741
4467 3799
4468 3875
4469 3965
4470 4037
4471 4147
4472 4218
4473 4338
4474 4443
4475 4565
4476 4675
4477 4822
4478 4947
4479 5079
4480 5230
4481 5391
4482 5538
4483 5719
4484 5891
4485 6062
4486 6250
4487 6457
4488 6619
4489 6844
4490 7047
4491 6859
4492 6639
4493 6476
4494 6276
4495 6107
4496 5945
4497 5760
4498 5619
4499 5440
4500 5295
4501 5167
4502 5012
4503 4896
4504 4764
4505 4659
4506 4535
4507 4436
4508 4348
4509 4248
4510 4187
4511 4083
4512 4008
4513 3952
4514 3892
4515 3832
4516 3792
4517 3752
4518 3712
4519 3704
4520 3672
4521 3656
4522 3640
4523 3613
4524 3625
4525 3641
4526 3657
4527 3697
4528 3705
4529 3745
4530 3777
4531 3817
4532 3885
4533 3945
4534 4001
4535 4062
4536 4166
4537 4237
4538 4341
4539 4429
4540 4514
4541 4646
4542 4749
4543 4889
4544 5005
4545 5154
4546 5282
4547 5433
4548 5606
4549 5753
4550 5920
4551 6094
4552 6269
4553 6469
4554 6626
4555 6846
4556 7034
4557 7254
4558 7035
4559 6847
4560 6627
4561 6470
4562 6270
4563 6095
4564 5921
4565 5754
4566 5607
4567 5434
4568 5283
4569 5155
4570 5006
4571 4890
4572 4752
4573 4647
4574 4517
4575 4430
4576 4342
4577 4239
4578 4169
4579 4065
4580 4002
4581 3946
4582 3886
4583 3820
4584 3780
4585 3746
4586 3706
4587 3698
4588 3660
4589 3644
4590 3628
4591 3616
4592 3629
4593 3645
4594 3661
4595 3699
4596 3707
4597 3747
4598 3781
4599 3821
4600 3887
4601 3947
4602 4003
4603 4068
4604 4172
4605 4240
4606 4343
4607 4431
4608 4520
4609 4650
4610 4753
4611 4891
4612 5007
4613 5158
4614 5286
4615 5435
4616 5610
4617 5755
4618 5928
4619 6098
4620 6271
4621 6471
4622 6630
4623 6850
4624 7038
4625 7257
4626 7039
4627 6851
4628 6631
4629 6472
4630 6272
4631 6099
4632 5929
4633 5756
4634 5611
4635 5436
4636 5287
4637 5159
4638 5008
4639 4892
4640 4756
4641 4651
4642 4523
4643 4432
4644 4344
4645 4242
4646 4175
4647 4071
4648 4004
4649 3948
4650 3888
4651 3824
4652 3784
4653 3748
4654 3708
4655 3700
4656 3664
4657 3648
4658 3632
4659 3619
4660 3633
4661 3649
4662 3665
4663 3701
4664 3709
4665 3749
4666 3785
4667 3825
4668 3889
4669 3949
4670 4005
4671 4074
4672 4178
4673 4243
4674 4345
4675 4433
4676 4526
4677 4654
4678 4757
4679 4893
4680 5009
4681 5162
4682 5290
4683 5437
4684 5614
4685 5757
4686 5936
4687 6102
4688 6273
4689 6473
4690 6634
4691 6854
4692 7042
4693 7260
4694 7043
4695 6855
4696 6635
4697 6474
4698 6274
4699 6103
4700 5937
4701 5758
4702 5615
4703 5438
4704 5291
4705 5163
4706 5010
4707 4894
4708 4760
4709 4655
4710 4529
4711 4434
4712 4346
4713 4245
4714 4181
4715 4077
4716 4006
4717 3950
4718 3890
4719 3828
4720 3788
4721 3750
4722 3710
4723 3702
4724 3668
4725 3652
4726 3636
4727 3622
4728 3637
4729 3653
4730 3669
4731 3703
4732 3711
4733 3751
4734 3789
4735 3829
4736 3891
4737 3951
4738 4007
4739 4080
4740 4184
4741 4246
4742 4347
4743 4435
4744 4532
4745 4658
4746 4761
4747 4895
4748 5011
4749 5166
4750 5294
4751 5439
4752 5618
4753 5759
4754 5944
4755 6106
4756 6275
4757 6475
4758 6638
4759 6858
4760 7046
4761 7263
4762 7472
4763 7287
4764 7071
4765 6868
4766 6693
4767 6500
4768 6316
4769 6148
4770 5980
4771 5810
4772 5656
4773 5512
4774 5384
4775 5240
4776 5126
4777 4988
4778 4872
4779 4748
4780 4668
4781 4567
4782 4476
4783 4387
4784 4292
4785 4228
4786 4188
4787 4116
4788 4048
4789 4000
4790 3984
4791 3936
4792 3908
4793 3884
4794 3868
4795 3860
4796 3841
4797 3853
4798 3861
4799 3877
4800 3893
4801 3917
4802 3969
4803 3993
4804 4041
4805 4109
4806 4165
4807 4221
4808 4282
4809 4374
4810 4469
4811 4546
4812 4661
4813 4741
4814 4865
4815 4973
4816 5099
4817 5233
4818 5377
4819 5505
4820 5649
4821 5791
4822 5973
4823 6141
4824 6309
4825 6493
4826 6668
4827 6861
4828 7058
4829 7274
4830 7465
4831 7694
4832 7466
4833 7275
4834 7059
4835 6862
4836 6669
4837 6494
4838 6310
4839 6142
4840 5974
4841 5792
4842 5650
4843 5506
4844 5378
4845 5234
4846 5102
4847 4976
4848 4866
4849 4742
4850 4662
4851 4549
4852 4470
4853 4375
4854 4283
4855 4222
4856 4170
4857 4110
4858 4042
4859 3994
4860 3972
4861 3921
4862 3896
4863 3878
4864 3862
4865 3854
4866 3844
4867 3855
4868 3863
4869 3879
4870 3897
4871 3922
4872 3973
4873 3995
4874 4043
4875 4111
4876 4171
4877 4223
4878 4285
4879 4378
4880 4471
4881 4552
4882 4663
4883 4743
4884 4867
4885 4977
4886 5107
4887 5235
4888 5379
4889 5507
4890 5651
4891 5797
4892 5975
4893 6143
4894 6311
4895 6495
4896 6676
4897 6863
4898 7062
4899 7278
4900 7467
4901 7697
4902 7468
4903 7279
4904 7063
4905 6864
4906 6677
4907 6496
4908 6312
4909 6144
4910 5976
4911 5798
4912 5652
4913 5508
4914 5380
4915 5236
4916 5110
4917 4980
4918 4868
4919 4744
4920 4664
4921 4555
4922 4472
4923 4379
4924 4286
4925 4224
4926 4176
4927 4112
4928 4044
4929 3996
4930 3976
4931 3926
4932 3900
4933 3880
4934 3864
4935 3856
4936 3847
4937 3857
4938 3865
4939 3881
4940 3901
4941 3927
4942 3977
4943 3997
4944 4045
4945 4113
4946 4177
4947 4225
4948 4288
4949 4382
4950 4473
4951 4558
4952 4665
4953 4745
4954 4869
4955 4981
4956 5115
4957 5237
4958 5381
4959 5509
4960 5653
4961 5803
4962 5977
4963 6145
4964 6313
4965 6497
4966 6684
4967 6865
4968 7066
4969 7282
4970 7469
4971 7700
4972 7470
4973 7283
4974 7067
4975 6866
4976 6685
4977 6498
4978 6314
4979 6146
4980 5978
4981 5804
4982 5654
4983 5510
4984 5382
4985 5238
4986 5118
4987 4984
4988 4870
4989 4746
4990 4666
4991 4561
4992 4474
4993 4383
4994 4289
4995 4226
4996 4182
4997 4114
4998 4046
4999 3998
5000 3980
5001 3931
5002 3904
5003 3882
5004 3866
5005 3858
5006 3850
5007 3859
5008 3867
5009 3883
5010 3905
5011 3932
5012 3981
5013 3999
5014 4047
5015 4115
5016 4183
5017 4227
5018 4291
5019 4386
5020 4475
5021 4564
5022 4667
5023 4747
5024 4871
5025 4985
5026 5123
5027 5239
5028 5383
5029 5511
5030 5655
5031 5809
5032 5979
5033 6147
5034 6315
5035 6499
5036 6692
5037 6867
5038 7070
5039 7286
5040 7471
5041 7703
5042 7916
5043 7712
5044 7495
5045 7303
5046 7103
5047 6892
5048 6728
5049 6539
5050 6360
5051 6211
5052 6019
5053 5884
5054 5742
5055 5603
5056 5456
5057 5336
5058 5200
5059 5088
5060 4971
5061 4880
5062 4776
5063 4700
5064 4612
5065 4508
5066 4460
5067 4396
5068 4324
5069 4272
5070 4220
5071 4196
5072 4156
5073 4124
5074 4108
5075 4084
5076 4060
5077 4049
5078 4053
5079 4061
5080 4093
5081 4117
5082 4149
5083 4189
5084 4205
5085 4257
5086 4317
5087 4389
5088 4445
5089 4501
5090 4597
5091 4693
5092 4766
5093 4873
5094 4958
5095 5081
5096 5193
5097 5329
5098 5449
5099 5590
5100 5723
5101 5877
5102 6006
5103 6198
5104 6350
5105 6526
5106 6721
5107 6885
5108 7090
5109 7290
5110 7482
5111 7705
5112 7909
5113 8109
5114 7910
5115 7706
5116 7483
5117 7291
5118 7091
5119 6886
5120 6722
5121 6527
5122 6351
5123 6199
5124 6007
5125 5878
5126 5724
5127 5591
5128 5450
5129 5330
5130 5194
5131 5082
5132 4959
5133 4874
5134 4767
5135 4694
5136 4600
5137 4502
5138 4448
5139 4390
5140 4318
5141 4260
5142 4208
5143 4190
5144 4150
5145 4118
5146 4096
5147 4066
5148 4054
5149 4050
5150 4055
5151 4067
5152 4097
5153 4119
5154 4151
5155 4191
5156 4209
5157 4261
5158 4319
5159 4391
5160 4449
5161 4503
5162 4601
5163 4695
5164 4769
5165 4875
5166 4962
5167 5083
5168 5195
5169 5331
5170 5451
5171 5594
5172 5729
5173 5879
5174 6010
5175 6202
5176 6353
5177 6530
5178 6723
5179 6887
5180 7094
5181 7294
5182 7486
5183 7707
5184 7911
5185 8110
5186 7912
5187 7708
5188 7487
5189 7295
5190 7095
5191 6888
5192 6724
5193 6531
5194 6354
5195 6203
5196 6011
5197 5880
5198 5730
5199 5595
5200 5452
5201 5332
5202 5196
5203 5084
5204 4963
5205 4876
5206 4770
5207 4696
5208 4604
5209 4504
5210 4452
5211 4392
5212 4320
5213 4264
5214 4212
5215 4192
5216 4152
5217 4120
5218 4100
5219 4072
5220 4056
5221 4051
5222 4057
5223 4073
5224 4101
5225 4121
5226 4153
5227 4193
5228 4213
5229 4265
5230 4321
5231 4393
5232 4453
5233 4505
5234 4605
5235 4697
5236 4772
5237 4877
5238 4966
5239 5085
5240 5197
5241 5333
5242 5453
5243 5598
5244 5735
5245 5881
5246 6014
5247 6206
5248 6356
5249 6534
5250 6725
5251 6889
5252 7098
5253 7298
5254 7490
5255 7709
5256 7913
5257 8111
5258 7914
5259 7710
5260 7491
5261 7299
5262 7099
5263 6890
5264 6726
5265 6535
5266 6357
5267 6207
5268 6015
5269 5882
5270 5736
5271 5599
5272 5454
5273 5334
5274 5198
5275 5086
5276 4967
5277 4878
5278 4773
5279 4698
5280 4608
5281 4506
5282 4456
5283 4394
5284 4322
5285 4268
5286 4216
5287 4194
5288 4154
5289 4122
5290 4104
5291 4078
5292 4058
5293 4052
5294 4059
5295 4079
5296 4105
5297 4123
5298 4155
5299 4195
5300 4217
5301 4269
5302 4323
5303 4395
5304 4457
5305 4507
5306 4609
5307 4699
5308 4775
5309 4879
5310 4970
5311 5087
5312 5199
5313 5335
5314 5455
5315 5602
5316 5741
5317 5883
5318 6018
5319 6210
5320 6359
5321 6538
5322 6727
5323 6891
5324 7102
5325 7302
5326 7494
5327 7711
5328 7915
5329 8112
5330 8385
5331 8128
5332 7954
5333 7720
5334 7520
5335 7335
5336 7136
5337 6949
5338 6776
5339 6588
5340 6431
5341 6268
5342 6123
5343 5971
5344 5827
5345 5703
5346 5571
5347 5431
5348 5328
5349 5208
5350 5127
5351 5004
5352 4919
5353 4848
5354 4740
5355 4692
5356 4635
5357 4568
5358 4500
5359 4468
5360 4420
5361 4388
5362 4372
5363 4340
5364 4316
5365 4308
5366 4281
5367 4293
5368 4309
5369 4325
5370 4357
5371 4373
5372 4405
5373 4461
5374 4493
5375 4545
5376 4622
5377 4677
5378 4725
5379 4841
5380 4906
5381 4997
5382 5098
5383 5201
5384 5321
5385 5418
5386 5558
5387 5690
5388 5814
5389 5958
5390 6110
5391 6261
5392 6418
5393 6581
5394 6769
5395 6924
5396 7129
5397 7322
5398 7513
5399 7713
5400 7935
5401 8121
5402 8360
5403 8586
5404 8361
5405 8122
5406 7936
5407 7714
5408 7514
5409 7323
5410 7130
5411 6925
5412 6770
5413 6582
5414 6419
5415 6262
5416 6111
5417 5959
5418 5815
5419 5691
5420 5559
5421 5419
5422 5322
5423 5202
5424 5103
5425 4998
5426 4907
5427 4842
5428 4728
5429 4680
5430 4623
5431 4550
5432 4494
5433 4462
5434 4408
5435 4376
5436 4360
5437 4328
5438 4310
5439 4296
5440 4284
5441 4297
5442 4311
5443 4329
5444 4361
5445 4377
5446 4409
5447 4463
5448 4495
5449 4551
5450 4626
5451 4681
5452 4729
5453 4843
5454 4910
5455 4999
5456 5106
5457 5203
5458 5323
5459 5422
5460 5562
5461 5694
5462 5818
5463 5962
5464 6114
5465 6263
5466 6422
5467 6583
5468 6771
5469 6932
5470 7131
5471 7326
5472 7515
5473 7715
5474 7941
5475 8123
5476 8368
5477 8589
5478 8369
5479 8124
5480 7942
5481 7716
5482 7516
5483 7327
5484 7132
5485 6933
5486 6772
5487 6584
5488 6423
5489 6264
5490 6115
5491 5963
5492 5819
5493 5695
5494 5563
5495 5423
5496 5324
5497 5204
5498 5111
5499 5000
5500 4911
5501 4844
5502 4732
5503 4684
5504 4627
5505 4556
5506 4496
5507 4464
5508 4412
5509 4380
5510 4364
5511 4332
5512 4312
5513 4300
5514 4287
5515 4301
5516 4313
5517 4333
5518 4365
5519 4381
5520 4413
5521 4465
5522 4497
5523 4557
5524 4630
5525 4685
5526 4733
5527 4845
5528 4914
5529 5001
5530 5114
5531 5205
5532 5325
5533 5426
5534 5566
5535 5698
5536 5822
5537 5966
5538 6118
5539 6265
5540 6426
5541 6585
5542 6773
5543 6940
5544 7133
5545 7330
5546 7517
5547 7717
5548 7947
5549 8125
5550 8376
5551 8592
5552 8377
5553 8126
5554 7948
5555 7718
5556 7518
5557 7331
5558 7134
5559 6941
5560 6774
5561 6586
5562 6427
5563 6266
5564 6119
5565 5967
5566 5823
5567 5699
5568 5567
5569 5427
5570 5326
5571 5206
5572 5119
5573 5002
5574 4915
5575 4846
5576 4736
5577 4688
5578 4631
5579 4562
5580 4498
5581 4466
5582 4416
5583 4384
5584 4368
5585 4336
5586 4314
5587 4304
5588 4290
5589 4305
5590 4315
5591 4337
5592 4369
5593 4385
5594 4417
5595 4467
5596 4499
5597 4563
5598 4634
5599 4689
5600 4737
5601 4847
5602 4918
5603 5003
5604 5122
5605 5207
5606 5327
5607 5430
5608 5570
5609 5702
5610 5826
5611 5970
5612 6122
5613 6267
5614 6430
5615 6587
5616 6775
5617 6948
5618 7135
5619 7334
5620 7519
5621 7719
5622 7953
5623 8127
5624 8384
5625 8595
5626 8839
5627 8611
5628 8403
5629 8158
5630 7979
5631 7768
5632 7569
5633 7384
5634 7175
5635 7016
5636 6831
5637 6655
5638 6508
5639 6347
5640 6220
5641 6048
5642 5946
5643 5768
5644 5680
5645 5555
5646 5448
5647 5367
5648 5248
5649 5168
5650 5064
5651 4996
5652 4920
5653 4856
5654 4807
5655 4724
5656 4708
5657 4660
5658 4636
5659 4596
5660 4576
5661 4544
5662 4536
5663 4509
5664 4513
5665 4537
5666 4569
5667 4581
5668 4621
5669 4645
5670 4701
5671 4709
5672 4786
5673 4849
5674 4905
5675 4989
5676 5057
5677 5153
5678 5241
5679 5346
5680 5441
5681 5542
5682 5673
5683 5761
5684 5919
5685 6041
5686 6213
5687 6334
5688 6501
5689 6642
5690 6818
5691 7009
5692 7162
5693 7377
5694 7544
5695 7761
5696 7966
5697 8139
5698 8390
5699 8598
5700 8826
5701 9057
5702 8827
5703 8599
5704 8391
5705 8140
5706 7967
5707 7762
5708 7545
5709 7378
5710 7163
5711 7010
5712 6819
5713 6643
5714 6502
5715 6335
5716 6214
5717 6042
5718 5922
5719 5762
5720 5674
5721 5543
5722 5442
5723 5349
5724 5242
5725 5156
5726 5058
5727 4990
5728 4908
5729 4850
5730 4789
5731 4712
5732 4702
5733 4648
5734 4624
5735 4584
5736 4570
5737 4538
5738 4518
5739 4510
5740 4519
5741 4539
5742 4571
5743 4585
5744 4625
5745 4649
5746 4703
5747 4713
5748 4792
5749 4851
5750 4909
5751 4991
5752 5059
5753 5157
5754 5243
5755 5352
5756 5443
5757 5546
5758 5675
5759 5763
5760 5927
5761 6043
5762 6215
5763 6338
5764 6503
5765 6646
5766 6822
5767 7011
5768 7166
5769 7379
5770 7552
5771 7763
5772 7970
5773 8145
5774 8394
5775 8602
5776 8830
5777 9058
5778 8831
5779 8603
5780 8395
5781 8146
5782 7971
5783 7764
5784 7553
5785 7380
5786 7167
5787 7012
5788 6823
5789 6647
5790 6504
5791 6339
5792 6216
5793 6044
5794 5930
5795 5764
5796 5676
5797 5547
5798 5444
5799 5355
5800 5244
5801 5160
5802 5060
5803 4992
5804 4912
5805 4852
5806 4795
5807 4716
5808 4704
5809 4652
5810 4628
5811 4588
5812 4572
5813 4540
5814 4524
5815 4511
5816 4525
5817 4541
5818 4573
5819 4589
5820 4629
5821 4653
5822 4705
5823 4717
5824 4798
5825 4853
5826 4913
5827 4993
5828 5061
5829 5161
5830 5245
5831 5358
5832 5445
5833 5550
5834 5677
5835 5765
5836 5935
5837 6045
5838 6217
5839 6342
5840 6505
5841 6650
5842 6826
5843 7013
5844 7170
5845 7381
5846 7560
5847 7765
5848 7974
5849 8151
5850 8398
5851 8606
5852 8834
5853 9059
5854 8835
5855 8607
5856 8399
5857 8152
5858 7975
5859 7766
5860 7561
5861 7382
5862 7171
5863 7014
5864 6827
5865 6651
5866 6506
5867 6343
5868 6218
5869 6046
5870 5938
5871 5766
5872 5678
5873 5551
5874 5446
5875 5361
5876 5246
5877 5164
5878 5062
5879 4994
5880 4916
5881 4854
5882 4801
5883 4720
5884 4706
5885 4656
5886 4632
5887 4592
5888 4574
5889 4542
5890 4530
5891 4512
5892 4531
5893 4543
5894 4575
5895 4593
5896 4633
5897 4657
5898 4707
5899 4721
5900 4804
5901 4855
5902 4917
5903 4995
5904 5063
5905 5165
5906 5247
5907 5364
5908 5447
5909 5554
5910 5679
5911 5767
5912 5943
5913 6047
5914 6219
5915 6346
5916 6507
5917 6654
5918 6830
5919 7015
5920 7174
5921 7383
5922 7568
5923 7767
5924 7978
5925 8157
5926 8402
5927 8610
5928 8838
5929 9060
5930 9327
5931 9082
5932 8848
5933 8644
5934 8412
5935 8219
5936 8003
5937 7807
5938 7612
5939 7424
5940 7227
5941 7087
5942 6907
5943 6759
5944 6580
5945 6459
5946 6307
5947 6180
5948 6020
5949 5916
5950 5783
5951 5704
5952 5588
5953 5496
5954 5407
5955 5319
5956 5232
5957 5176
5958 5096
5959 5040
5960 4972
5961 4940
5962 4904
5963 4864
5964 4840
5965 4824
5966 4808
5967 4784
5968 4765
5969 4777
5970 4785
5971 4809
5972 4825
5973 4857
5974 4897
5975 4925
5976 4957
5977 5033
5978 5089
5979 5169
5980 5217
5981 5298
5982 5394
5983 5489
5984 5581
5985 5689
5986 5770
5987 5909
5988 6005
5989 6173
5990 6294
5991 6438
5992 6573
5993 6746
5994 6894
5995 7074
5996 7214
5997 7417
5998 7605
5999 7794
6000 7990
6001 8206
6002 8405
6003 8637
6004 8841
6005 9063
6006 9314
6007 9558
6008 9315
6009 9064
6010 8842
6011 8638
6012 8406
6013 8207
6014 7991
6015 7795
6016 7606
6017 7418
6018 7215
6019 7075
6020 6895
6021 6747
6022 6574
6023 6441
6024 6295
6025 6174
6026 6008
6027 5910
6028 5771
6029 5692
6030 5582
6031 5490
6032 5395
6033 5301
6034 5220
6035 5170
6036 5090
6037 5034
6038 4960
6039 4928
6040 4898
6041 4858
6042 4828
6043 4812
6044 4790
6045 4778
6046 4768
6047 4779
6048 4791
6049 4813
6050 4829
6051 4859
6052 4899
6053 4929
6054 4961
6055 5035
6056 5091
6057 5171
6058 5221
6059 5304
6060 5398
6061 5491
6062 5583
6063 5693
6064 5774
6065 5911
6066 6009
6067 6175
6068 6298
6069 6444
6070 6575
6071 6750
6072 6898
6073 7078
6074 7218
6075 7419
6076 7607
6077 7798
6078 7994
6079 8210
6080 8407
6081 8639
6082 8843
6083 9069
6084 9318
6085 9561
6086 9319
6087 9070
6088 8844
6089 8640
6090 8408
6091 8211
6092 7995
6093 7799
6094 7608
6095 7420
6096 7219
6097 7079
6098 6899
6099 6751
6100 6576
6101 6447
6102 6299
6103 6176
6104 6012
6105 5912
6106 5775
6107 5696
6108 5584
6109 5492
6110 5399
6111 5307
6112 5224
6113 5172
6114 5092
6115 5036
6116 4964
6117 4932
6118 4900
6119 4860
6120 4832
6121 4816
6122 4796
6123 4780
6124 4771
6125 4781
6126 4797
6127 4817
6128 4833
6129 4861
6130 4901
6131 4933
6132 4965
6133 5037
6134 5093
6135 5173
6136 5225
6137 5310
6138 5402
6139 5493
6140 5585
6141 5697
6142 5778
6143 5913
6144 6013
6145 6177
6146 6302
6147 6450
6148 6577
6149 6754
6150 6902
6151 7082
6152 7222
6153 7421
6154 7609
6155 7802
6156 7998
6157 8214
6158 8409
6159 8641
6160 8845
6161 9075
6162 9322
6163 9564
6164 9323
6165 9076
6166 8846
6167 8642
6168 8410
6169 8215
6170 7999
6171 7803
6172 7610
6173 7422
6174 7223
6175 7083
6176 6903
6177 6755
6178 6578
6179 6453
6180 6303
6181 6178
6182 6016
6183 5914
6184 5779
6185 5700
6186 5586
6187 5494
6188 5403
6189 5313
6190 5228
6191 5174
6192 5094
6193 5038
6194 4968
6195 4936
6196 4902
6197 4862
6198 4836
6199 4820
6200 4802
6201 4782
6202 4774
6203 4783
6204 4803
6205 4821
6206 4837
6207 4863
6208 4903
6209 4937
6210 4969
6211 5039
6212 5095
6213 5175
6214 5229
6215 5316
6216 5406
6217 5495
6218 5587
6219 5701
6220 5782
6221 5915
6222 6017
6223 6179
6224 6306
6225 6456
6226 6579
6227 6758
6228 6906
6229 7086
6230 7226
6231 7423
6232 7611
6233 7806
6234 8002
6235 8218
6236 8411
6237 8643
6238 8847
6239 9081
6240 9326
6241 9567
6242 9784
6243 9576
6244 9336
6245 9092
6246 8886
6247 8683
6248 8428
6249 8252
6250 8059
6251 7843
6252 7684
6253 7480
6254 7319
6255 7152
6256 7006
6257 6840
6258 6704
6259 6556
6260 6407
6261 6291
6262 6171
6263 6040
6264 5956
6265 5836
6266 5743
6267 5636
6268 5572
6269 5472
6270 5416
6271 5368
6272 5260
6273 5216
6274 5192
6275 5144
6276 5128
6277 5072
6278 5056
6279 5048
6280 5032
6281 5013
6282 5025
6283 5041
6284 5049
6285 5065
6286 5097
6287 5137
6288 5177
6289 5209
6290 5250
6291 5345
6292 5409
6293 5465
6294 5557
6295 5629
6296 5722
6297 5829
6298 5949
6299 6025
6300 6158
6301 6278
6302 6394
6303 6549
6304 6697
6305 6833
6306 6987
6307 7145
6308 7306
6309 7473
6310 7677
6311 7827
6312 8046
6313 8245
6314 8421
6315 8670
6316 8867
6317 9085
6318 9329
6319 9569
6320 9777
6321 10038
6322 9778
6323 9570
6324 9330
6325 9086
6326 8868
6327 8671
6328 8422
6329 8246
6330 8047
6331 7828
6332 7678
6333 7474
6334 7307
6335 7146
6336 6988
6337 6834
6338 6698
6339 6550
6340 6395
6341 6279
6342 6159
6343 6028
6344 5950
6345 5830
6346 5725
6347 5630
6348 5560
6349 5466
6350 5410
6351 5350
6352 5251
6353 5210
6354 5180
6355 5138
6356 5104
6357 5066
6358 5050
6359 5042
6360 5026
6361 5016
6362 5027
6363 5043
6364 5051
6365 5067
6366 5105
6367 5139
6368 5181
6369 5211
6370 5253
6371 5351
6372 5411
6373 5467
6374 5561
6375 5631
6376 5728
6377 5831
6378 5951
6379 6029
6380 6162
6381 6282
6382 6398
6383 6551
6384 6699
6385 6835
6386 6993
6387 7147
6388 7310
6389 7475
6390 7679
6391 7832
6392 8050
6393 8247
6394 8423
6395 8674
6396 8873
6397 9087
6398 9331
6399 9571
6400 9779
6401 10041
6402 9780
6403 9572
6404 9332
6405 9088
6406 8874
6407 8675
6408 8424
6409 8248
6410 8051
6411 7833
6412 7680
6413 7476
6414 7311
6415 7148
6416 6994
6417 6836
6418 6700
6419 6552
6420 6399
6421 6283
6422 6163
6423 6032
6424 5952
6425 5832
6426 5731
6427 5632
6428 5564
6429 5468
6430 5412
6431 5356
6432 5254
6433 5212
6434 5184
6435 5140
6436 5112
6437 5068
6438 5052
6439 5044
6440 5028
6441 5019
6442 5029
6443 5045
6444 5053
6445 5069
6446 5113
6447 5141
6448 5185
6449 5213
6450 5256
6451 5357
6452 5413
6453 5469
6454 5565
6455 5633
6456 5734
6457 5833
6458 5953
6459 6033
6460 6166
6461 6286
6462 6402
6463 6553
6464 6701
6465 6837
6466 6999
6467 7149
6468 7314
6469 7477
6470 7681
6471 7837
6472 8054
6473 8249
6474 8425
6475 8678
6476 8879
6477 9089
6478 9333
6479 9573
6480 9781
6481 10044
6482 9782
6483 9574
6484 9334
6485 9090
6486 8880
6487 8679
6488 8426
6489 8250
6490 8055
6491 7838
6492 7682
6493 7478
6494 7315
6495 7150
6496 7000
6497 6838
6498 6702
6499 6554
6500 6403
6501 6287
6502 6167
6503 6036
6504 5954
6505 5834
6506 5737
6507 5634
6508 5568
6509 5470
6510 5414
6511 5362
6512 5257
6513 5214
6514 5188
6515 5142
6516 5120
6517 5070
6518 5054
6519 5046
6520 5030
6521 5022
6522 5031
6523 5047
6524 5055
6525 5071
6526 5121
6527 5143
6528 5189
6529 5215
6530 5259
6531 5363
6532 5415
6533 5471
6534 5569
6535 5635
6536 5740
6537 5835
6538 5955
6539 6037
6540 6170
6541 6290
6542 6406
6543 6555
6544 6703
6545 6839
6546 7005
6547 7151
6548 7318
6549 7479
6550 7683
6551 7842
6552 8058
6553 8251
6554 8427
6555 8682
6556 8885
6557 9091
6558 9335
6559 9575
6560 9783
6561 10047
6562 10323
6563 10056
6564 9806
6565 9606
6566 9351
6567 9132
6568 8936
6569 8715
6570 8511
6571 8300
6572 8107
6573 7931
6574 7749
6575 7587
6576 7416
6577 7236
6578 7104
6579 6950
6580 6807
6581 6664
6582 6548
6583 6416
6584 6308
6585 6195
6586 6091
6587 5988
6588 5908
6589 5811
6590 5744
6591 5672
6592 5620
6593 5520
6594 5488
6595 5432
6596 5408
6597 5376
6598 5344
6599 5320
6600 5296
6601 5272
6602 5249
6603 5261
6604 5281
6605 5297
6606 5337
6607 5369
6608 5393
6609 5417
6610 5473
6611 5513
6612 5605
6613 5657
6614 5721
6615 5790
6616 5901
6617 5981
6618 6078
6619 6182
6620 6293
6621 6409
6622 6541
6623 6657
6624 6794
6625 6923
6626 7089
6627 7229
6628 7409
6629 7574
6630 7724
6631 7918
6632 8094
6633 8293
6634 8498
6635 8702
6636 8929
6637 9125
6638 9338
6639 9587
6640 9787
6641 10049
6642 10310
6643 10534
6644 10311
6645 10050
6646 9788
6647 9588
6648 9339
6649 9126
6650 8930
6651 8703
6652 8499
6653 8294
6654 8095
6655 7919
6656 7725
6657 7575
6658 7410
6659 7230
6660 7092
6661 6926
6662 6795
6663 6658
6664 6542
6665 6410
6666 6296
6667 6183
6668 6079
6669 5982
6670 5902
6671 5793
6672 5726
6673 5660
6674 5608
6675 5514
6676 5476
6677 5420
6678 5396
6679 5370
6680 5338
6681 5302
6682 5284
6683 5263
6684 5252
6685 5264
6686 5285
6687 5303
6688 5339
6689 5371
6690 5397
6691 5421
6692 5477
6693 5515
6694 5609
6695 5661
6696 5727
6697 5796
6698 5903
6699 5983
6700 6082
6701 6186
6702 6297
6703 6411
6704 6543
6705 6659
6706 6798
6707 6931
6708 7093
6709 7231
6710 7411
6711 7578
6712 7732
6713 7922
6714 8098
6715 8295
6716 8502
6717 8706
6718 8931
6719 9127
6720 9342
6721 9593
6722 9793
6723 10051
6724 10314
6725 10537
6726 10315
6727 10052
6728 9794
6729 9594
6730 9343
6731 9128
6732 8932
6733 8707
6734 8503
6735 8296
6736 8099
6737 7923
6738 7733
6739 7579
6740 7412
6741 7232
6742 7096
6743 6934
6744 6799
6745 6660
6746 6544
6747 6412
6748 6300
6749 6187
6750 6083
6751 5984
6752 5904
6753 5799
6754 5732
6755 5664
6756 5612
6757 5516
6758 5480
6759 5424
6760 5400
6761 5372
6762 5340
6763 5308
6764 5288
6765 5266
6766 5255
6767 5267
6768 5289
6769 5309
6770 5341
6771 5373
6772 5401
6773 5425
6774 5481
6775 5517
6776 5613
6777 5665
6778 5733
6779 5802
6780 5905
6781 5985
6782 6086
6783 6190
6784 6301
6785 6413
6786 6545
6787 6661
6788 6802
6789 6939
6790 7097
6791 7233
6792 7413
6793 7582
6794 7740
6795 7926
6796 8102
6797 8297
6798 8506
6799 8710
6800 8933
6801 9129
6802 9346
6803 9599
6804 9799
6805 10053
6806 10318
6807 10540
6808 10319
6809 10054
6810 9800
6811 9600
6812 9347
6813 9130
6814 8934
6815 8711
6816 8507
6817 8298
6818 8103
6819 7927
6820 7741
6821 7583
6822 7414
6823 7234
6824 7100
6825 6942
6826 6803
6827 6662
6828 6546
6829 6414
6830 6304
6831 6191
6832 6087
6833 5986
6834 5906
6835 5805
6836 5738
6837 5668
6838 5616
6839 5518
6840 5484
6841 5428
6842 5404
6843 5374
6844 5342
6845 5314
6846 5292
6847 5269
6848 5258
6849 5270
6850 5293
6851 5315
6852 5343
6853 5375
6854 5405
6855 5429
6856 5485
6857 5519
6858 5617
6859 5669
6860 5739
6861 5808
6862 5907
6863 5987
6864 6090
6865 6194
6866 6305
6867 6415
6868 6547
6869 6663
6870 6806
6871 6947
6872 7101
6873 7235
6874 7415
6875 7586
6876 7748
6877 7930
6878 8106
6879 8299
6880 8510
6881 8714
6882 8935
6883 9131
6884 9350
6885 9605
6886 9805
6887 10055
6888 10322
6889 10543
6890 10833
6891 10556
6892 10347
6893 10088
6894 9839
6895 9623
6896 9400
6897 9167
6898 8976
6899 8755
6900 8574
6901 8356
6902 8195
6903 8012
6904 7816
6905 7675
6906 7512
6907 7367
6908 7200
6909 7056
6910 6916
6911 6792
6912 6694
6913 6564
6914 6468
6915 6348
6916 6252
6917 6156
6918 6072
6919 5996
6920 5947
6921 5860
6922 5784
6923 5752
6924 5712
6925 5648
6926 5628
6927 5604
6928 5580
6929 5556
6930 5540
6931 5521
6932 5525
6933 5541
6934 5573
6935 5589
6936 5621
6937 5637
6938 5705
6939 5745
6940 5769
6941 5853
6942 5918
6943 5989
6944 6065
6945 6149
6946 6237
6947 6333
6948 6461
6949 6557
6950 6667
6951 6785
6952 6909
6953 7049
6954 7193
6955 7354
6956 7505
6957 7662
6958 7809
6959 8005
6960 8182
6961 8349
6962 8555
6963 8742
6964 8969
6965 9154
6966 9393
6967 9610
6968 9826
6969 10081
6970 10334
6971 10546
6972 10808
6973 11065
6974 10809
6975 10547
6976 10335
6977 10082
6978 9827
6979 9611
6980 9394
6981 9155
6982 8970
6983 8743
6984 8556
6985 8350
6986 8183
6987 8006
6988 7810
6989 7663
6990 7506
6991 7355
6992 7194
6993 7050
6994 6910
6995 6786
6996 6670
6997 6558
6998 6462
6999 6336
7000 6240
7001 6150
7002 6066
7003 5990
7004 5923
7005 5854
7006 5772
7007 5746
7008 5706
7009 5639
7010 5622
7011 5592
7012 5574
7013 5544
7014 5528
7015 5522
7016 5529
7017 5545
7018 5575
7019 5593
7020 5623
7021 5640
7022 5707
7023 5747
7024 5773
7025 5855
7026 5926
7027 5991
7028 6067
7029 6151
7030 6241
7031 6337
7032 6463
7033 6559
7034 6675
7035 6787
7036 6911
7037 7051
7038 7195
7039 7358
7040 7507
7041 7666
7042 7811
7043 8007
7044 8186
7045 8351
7046 8561
7047 8746
7048 8971
7049 9158
7050 9395
7051 9614
7052 9830
7053 10083
7054 10338
7055 10549
7056 10816
7057 11066
7058 10817
7059 10550
7060 10339
7061 10084
7062 9831
7063 9615
7064 9396
7065 9159
7066 8972
7067 8747
7068 8562
7069 8352
7070 8187
7071 8008
7072 7812
7073 7667
7074 7508
7075 7359
7076 7196
7077 7052
7078 6912
7079 6788
7080 6678
7081 6560
7082 6464
7083 6340
7084 6244
7085 6152
7086 6068
7087 5992
7088 5931
7089 5856
7090 5776
7091 5748
7092 5708
7093 5642
7094 5624
7095 5596
7096 5576
7097 5548
7098 5532
7099 5523
7100 5533
7101 5549
7102 5577
7103 5597
7104 5625
7105 5643
7106 5709
7107 5749
7108 5777
7109 5857
7110 5934
7111 5993
7112 6069
7113 6153
7114 6245
7115 6341
7116 6465
7117 6561
7118 6683
7119 6789
7120 6913
7121 7053
7122 7197
7123 7362
7124 7509
7125 7670
7126 7813
7127 8009
7128 8190
7129 8353
7130 8567
7131 8750
7132 8973
7133 9162
7134 9397
7135 9618
7136 9834
7137 10085
7138 10342
7139 10552
7140 10824
7141 11067
7142 10825
7143 10553
7144 10343
7145 10086
7146 9835
7147 9619
7148 9398
7149 9163
7150 8974
7151 8751
7152 8568
7153 8354
7154 8191
7155 8010
7156 7814
7157 7671
7158 7510
7159 7363
7160 7198
7161 7054
7162 6914
7163 6790
7164 6686
7165 6562
7166 6466
7167 6344
7168 6248
7169 6154
7170 6070
7171 5994
7172 5939
7173 5858
7174 5780
7175 5750
7176 5710
7177 5645
7178 5626
7179 5600
7180 5578
7181 5552
7182 5536
7183 5524
7184 5537
7185 5553
7186 5579
7187 5601
7188 5627
7189 5646
7190 5711
7191 5751
7192 5781
7193 5859
7194 5942
7195 5995
7196 6071
7197 6155
7198 6249
7199 6345
7200 6467
7201 6563
7202 6691
7203 6791
7204 6915
7205 7055
7206 7199
7207 7366
7208 7511
7209 7674
7210 7815
7211 8011
7212 8194
7213 8355
7214 8573
7215 8754
7216 8975
7217 9166
7218 9399
7219 9622
7220 9838
7221 10087
7222 10346
7223 10555
7224 10832
7225 11068
7226 11352
7227 11091
7228 10844
7229 10595
7230 10363
7231 10112
7232 9905
7233 9663
7234 9447
7235 9247
7236 9030
7237 8823
7238 8652
7239 8443
7240 8284
7241 8092
7242 7955
7243 7784
7244 7634
7245 7463
7246 7344
7247 7191
7248 7072
7249 6951
7250 6832
7251 6736
7252 6603
7253 6523
7254 6432
7255 6332
7256 6260
7257 6196
7258 6132
7259 6064
7260 6004
7261 5972
7262 5948
7263 5900
7264 5876
7265 5844
7266 5828
7267 5812
7268 5785
7269 5789
7270 5813
7271 5837
7272 5861
7273 5893
7274 5917
7275 5957
7276 5997
7277 6049
7278 6125
7279 6181
7280 6253
7281 6325
7282 6417
7283 6510
7284 6590
7285 6729
7286 6817
7287 6922
7288 7057
7289 7178
7290 7337
7291 7450
7292 7615
7293 7777
7294 7934
7295 8085
7296 8277
7297 8430
7298 8645
7299 8810
7300 9011
7301 9234
7302 9434
7303 9650
7304 9880
7305 10105
7306 10350
7307 10582
7308 10837
7309 11078
7310 11345
7311 11593
7312 11346
7313 11079
7314 10838
7315 10583
7316 10351
7317 10106
7318 9881
7319 9651
7320 9435
7321 9235
7322 9012
7323 8811
7324 8646
7325 8431
7326 8278
7327 8086
7328 7937
7329 7778
7330 7616
7331 7451
7332 7338
7333 7179
7334 7060
7335 6927
7336 6820
7337 6730
7338 6591
7339 6511
7340 6420
7341 6326
7342 6254
7343 6184
7344 6126
7345 6052
7346 5998
7347 5960
7348 5924
7349 5894
7350 5864
7351 5838
7352 5816
7353 5794
7354 5786
7355 5795
7356 5817
7357 5839
7358 5865
7359 5895
7360 5925
7361 5961
7362 5999
7363 6053
7364 6127
7365 6185
7366 6255
7367 6327
7368 6421
7369 6514
7370 6594
7371 6731
7372 6821
7373 6930
7374 7061
7375 7182
7376 7339
7377 7454
7378 7621
7379 7779
7380 7940
7381 8087
7382 8279
7383 8434
7384 8647
7385 8814
7386 9017
7387 9238
7388 9438
7389 9654
7390 9888
7391 10107
7392 10354
7393 10586
7394 10839
7395 11082
7396 11347
7397 11594
7398 11348
7399 11083
7400 10840
7401 10587
7402 10355
7403 10108
7404 9889
7405 9655
7406 9439
7407 9239
7408 9018
7409 8815
7410 8648
7411 8435
7412 8280
7413 8088
7414 7943
7415 7780
7416 7622
7417 7455
7418 7340
7419 7183
7420 7064
7421 6935
7422 6824
7423 6732
7424 6595
7425 6515
7426 6424
7427 6328
7428 6256
7429 6188
7430 6128
7431 6056
7432 6000
7433 5964
7434 5932
7435 5896
7436 5868
7437 5840
7438 5820
7439 5800
7440 5787
7441 5801
7442 5821
7443 5841
7444 5869
7445 5897
7446 5933
7447 5965
7448 6001
7449 6057
7450 6129
7451 6189
7452 6257
7453 6329
7454 6425
7455 6518
7456 6598
7457 6733
7458 6825
7459 6938
7460 7065
7461 7186
7462 7341
7463 7458
7464 7627
7465 7781
7466 7946
7467 8089
7468 8281
7469 8438
7470 8649
7471 8818
7472 9023
7473 9242
7474 9442
7475 9658
7476 9896
7477 10109
7478 10358
7479 10590
7480 10841
7481 11086
7482 11349
7483 11595
7484 11350
7485 11087
7486 10842
7487 10591
7488 10359
7489 10110
7490 9897
7491 9659
7492 9443
7493 9243
7494 9024
7495 8819
7496 8650
7497 8439
7498 8282
7499 8090
7500 7949
7501 7782
7502 7628
7503 7459
7504 7342
7505 7187
7506 7068
7507 6943
7508 6828
7509 6734
7510 6599
7511 6519
7512 6428
7513 6330
7514 6258
7515 6192
7516 6130
7517 6060
7518 6002
7519 5968
7520 5940
7521 5898
7522 5872
7523 5842
7524 5824
7525 5806
7526 5788
7527 5807
7528 5825
7529 5843
7530 5873
7531 5899
7532 5941
7533 5969
7534 6003
7535 6061
7536 6131
7537 6193
7538 6259
7539 6331
7540 6429
7541 6522
7542 6602
7543 6735
7544 6829
7545 6946
7546 7069
7547 7190
7548 7343
7549 7462
7550 7633
7551 7783
7552 7952
7553 8091
7554 8283
7555 8442
7556 8651
7557 8822
7558 9029
7559 9246
7560 9446
7561 9662
7562 9904
7563 10111
7564 10362
7565 10594
7566 10843
7567 11090
7568 11351
7569 11596
7570 11895
7571 11618
7572 11368
7573 11115
7574 10852
7575 10626
7576 10403
7577 10144
7578 9939
7579 9728
7580 9476
7581 9303
7582 9100
7583 8928
7584 8724
7585 8543
7586 8386
7587 8228
7588 8060
7589 7892
7590 7750
7591 7604
7592 7448
7593 7352
7594 7208
7595 7127
7596 7007
7597 6876
7598 6784
7599 6719
7600 6604
7601 6540
7602 6484
7603 6392
7604 6324
7605 6292
7606 6236
7607 6212
7608 6172
7609 6140
7610 6124
7611 6108
7612 6092
7613 6073
7614 6077
7615 6093
7616 6109
7617 6133
7618 6157
7619 6197
7620 6221
7621 6277
7622 6317
7623 6385
7624 6477
7625 6525
7626 6589
7627 6706
7628 6777
7629 6869
7630 6986
7631 7114
7632 7201
7633 7345
7634 7441
7635 7597
7636 7723
7637 7885
7638 8045
7639 8221
7640 8359
7641 8530
7642 8717
7643 8921
7644 9093
7645 9290
7646 9466
7647 9721
7648 9926
7649 10137
7650 10390
7651 10607
7652 10845
7653 11102
7654 11361
7655 11599
7656 11882
7657 12165
7658 11883
7659 11600
7660 11362
7661 11103
7662 10846
7663 10608
7664 10391
7665 10138
7666 9927
7667 9722
7668 9467
7669 9291
7670 9094
7671 8922
7672 8718
7673 8531
7674 8362
7675 8222
7676 8048
7677 7886
7678 7726
7679 7598
7680 7442
7681 7346
7682 7202
7683 7115
7684 6989
7685 6870
7686 6778
7687 6707
7688 6592
7689 6528
7690 6478
7691 6386
7692 6318
7693 6280
7694 6224
7695 6200
7696 6160
7697 6134
7698 6112
7699 6096
7700 6080
7701 6074
7702 6081
7703 6097
7704 6113
7705 6135
7706 6161
7707 6201
7708 6225
7709 6281
7710 6319
7711 6387
7712 6479
7713 6529
7714 6593
7715 6710
7716 6779
7717 6871
7718 6992
7719 7118
7720 7203
7721 7347
7722 7443
7723 7599
7724 7731
7725 7887
7726 8049
7727 8223
7728 8367
7729 8534
7730 8719
7731 8923
7732 9095
7733 9294
7734 9469
7735 9723
7736 9930
7737 10139
7738 10394
7739 10613
7740 10847
7741 11106
7742 11363
7743 11605
7744 11886
7745 12166
7746 11887
7747 11606
7748 11364
7749 11107
7750 10848
7751 10614
7752 10395
7753 10140
7754 9931
7755 9724
7756 9470
7757 9295
7758 9096
7759 8924
7760 8720
7761 8535
7762 8370
7763 8224
7764 8052
7765 7888
7766 7734
7767 7600
7768 7444
7769 7348
7770 7204
7771 7119
7772 6995
7773 6872
7774 6780
7775 6711
7776 6596
7777 6532
7778 6480
7779 6388
7780 6320
7781 6284
7782 6228
7783 6204
7784 6164
7785 6136
7786 6116
7787 6100
7788 6084
7789 6075
7790 6085
7791 6101
7792 6117
7793 6137
7794 6165
7795 6205
7796 6229
7797 6285
7798 6321
7799 6389
7800 6481
7801 6533
7802 6597
7803 6714
7804 6781
7805 6873
7806 6998
7807 7122
7808 7205
7809 7349
7810 7445
7811 7601
7812 7739
7813 7889
7814 8053
7815 8225
7816 8375
7817 8538
7818 8721
7819 8925
7820 9097
7821 9298
7822 9472
7823 9725
7824 9934
7825 10141
7826 10398
7827 10619
7828 10849
7829 11110
7830 11365
7831 11611
7832 11890
7833 12167
7834 11891
7835 11612
7836 11366
7837 11111
7838 10850
7839 10620
7840 10399
7841 10142
7842 9935
7843 9726
7844 9473
7845 9299
7846 9098
7847 8926
7848 8722
7849 8539
7850 8378
7851 8226
7852 8056
7853 7890
7854 7742
7855 7602
7856 7446
7857 7350
7858 7206
7859 7123
7860 7001
7861 6874
7862 6782
7863 6715
7864 6600
7865 6536
7866 6482
7867 6390
7868 6322
7869 6288
7870 6232
7871 6208
7872 6168
7873 6138
7874 6120
7875 6104
7876 6088
7877 6076
7878 6089
7879 6105
7880 6121
7881 6139
7882 6169
7883 6209
7884 6233
7885 6289
7886 6323
7887 6391
7888 6483
7889 6537
7890 6601
7891 6718
7892 6783
7893 6875
7894 7004
7895 7126
7896 7207
7897 7351
7898 7447
7899 7603
7900 7747
7901 7891
7902 8057
7903 8227
7904 8383
7905 8542
7906 8723
7907 8927
7908 9099
7909 9302
7910 9475
7911 9727
7912 9938
7913 10143
7914 10402
7915 10625
7916 10851
7917 11114
7918 11367
7919 11617
7920 11894
7921 12168
7922 12415
7923 12183
7924 11904
7925 11643
7926 11413
7927 11164
7928 10900
7929 10692
7930 10436
7931 10217
7932 10004
7933 9776
7934 9584
7935 9392
7936 9190
7937 9008
7938 8808
7939 8668
7940 8483
7941 8338
7942 8172
7943 8028
7944 7883
7945 7760
7946 7635
7947 7504
7948 7392
7949 7288
7950 7160
7951 7088
7952 6984
7953 6884
7954 6816
7955 6760
7956 6695
7957 6612
7958 6572
7959 6524
7960 6492
7961 6460
7962 6408
7963 6384
7964 6376
7965 6368
7966 6349
7967 6361
7968 6369
7969 6377
7970 6393
7971 6437
7972 6485
7973 6509
7974 6565
7975 6605
7976 6666
7977 6745
7978 6809
7979 6877
7980 6977
7981 7073
7982 7153
7983 7273
7984 7385
7985 7497
7986 7614
7987 7753
7988 7870
7989 8021
7990 8162
7991 8319
7992 8470
7993 8661
7994 8798
7995 9001
7996 9171
7997 9385
7998 9577
7999 9769
8000 9997
8001 10192
8002 10429
8003 10685
8004 10893
8005 11157
8006 11388
8007 11630
8008 11897
8009 12170
8010 12402
8011 12726
8012 12403
8013 12171
8014 11898
8015 11631
8016 11389
8017 11158
8018 10894
8019 10686
8020 10430
8021 10193
8022 9998
8023 9770
8024 9578
8025 9386
8026 9172
8027 9002
8028 8799
8029 8662
8030 8471
8031 8320
8032 8163
8033 8022
8034 7871
8035 7754
8036 7617
8037 7498
8038 7386
8039 7276
8040 7154
8041 7076
8042 6978
8043 6878
8044 6810
8045 6748
8046 6671
8047 6606
8048 6566
8049 6512
8050 6486
8051 6442
8052 6396
8053 6378
8054 6370
8055 6362
8056 6352
8057 6363
8058 6371
8059 6379
8060 6397
8061 6443
8062 6487
8063 6513
8064 6567
8065 6607
8066 6674
8067 6749
8068 6811
8069 6879
8070 6979
8071 7077
8072 7155
8073 7277
8074 7387
8075 7499
8076 7620
8077 7755
8078 7874
8079 8023
8080 8165
8081 8325
8082 8474
8083 8663
8084 8801
8085 9003
8086 9177
8087 9387
8088 9579
8089 9771
8090 9999
8091 10200
8092 10431
8093 10687
8094 10895
8095 11159
8096 11396
8097 11634
8098 11899
8099 12174
8100 12406
8101 12729
8102 12407
8103 12175
8104 11900
8105 11635
8106 11397
8107 11160
8108 10896
8109 10688
8110 10432
8111 10201
8112 10000
8113 9772
8114 9580
8115 9388
8116 9178
8117 9004
8118 8802
8119 8664
8120 8475
8121 8326
8122 8166
8123 8024
8124 7875
8125 7756
8126 7623
8127 7500
8128 7388
8129 7280
8130 7156
8131 7080
8132 6980
8133 6880
8134 6812
8135 6752
8136 6679
8137 6608
8138 6568
8139 6516
8140 6488
8141 6448
8142 6400
8143 6380
8144 6372
8145 6364
8146 6355
8147 6365
8148 6373
8149 6381
8150 6401
8151 6449
8152 6489
8153 6517
8154 6569
8155 6609
8156 6682
8157 6753
8158 6813
8159 6881
8160 6981
8161 7081
8162 7157
8163 7281
8164 7389
8165 7501
8166 7626
8167 7757
8168 7878
8169 8025
8170 8168
8171 8331
8172 8478
8173 8665
8174 8804
8175 9005
8176 9183
8177 9389
8178 9581
8179 9773
8180 10001
8181 10208
8182 10433
8183 10689
8184 10897
8185 11161
8186 11404
8187 11638
8188 11901
8189 12178
8190 12410
8191 12732
8192 12411
8193 12179
8194 11902
8195 11639
8196 11405
8197 11162
8198 10898
8199 10690
8200 10434
8201 10209
8202 10002
8203 9774
8204 9582
8205 9390
8206 9184
8207 9006
8208 8805
8209 8666
8210 8479
8211 8332
8212 8169
8213 8026
8214 7879
8215 7758
8216 7629
8217 7502
8218 7390
8219 7284
8220 7158
8221 7084
8222 6982
8223 6882
8224 6814
8225 6756
8226 6687
8227 6610
8228 6570
8229 6520
8230 6490
8231 6454
8232 6404
8233 6382
8234 6374
8235 6366
8236 6358
8237 6367
8238 6375
8239 6383
8240 6405
8241 6455
8242 6491
8243 6521
8244 6571
8245 6611
8246 6690
8247 6757
8248 6815
8249 6883
8250 6983
8251 7085
8252 7159
8253 7285
8254 7391
8255 7503
8256 7632
8257 7759
8258 7882
8259 8027
8260 8171
8261 8337
8262 8482
8263 8667
8264 8807
8265 9007
8266 9189
8267 9391
8268 9583
8269 9775
8270 10003
8271 10216
8272 10435
8273 10691
8274 10899
8275 11163
8276 11412
8277 11642
8278 11903
8279 12182
8280 12414
8281 12735
8282 13011
8283 12744
8284 12445
8285 12207
8286 11936
8287 11668
8288 11440
8289 11195
8290 10949
8291 10724
8292 10499
8293 10268
8294 10079
8295 9867
8296 9687
8297 9463
8298 9288
8299 9122
8300 8959
8301 8772
8302 8620
8303 8452
8304 8316
8305 8159
8306 8036
8307 7907
8308 7792
8309 7676
8310 7570
8311 7440
8312 7376
8313 7264
8314 7176
8315 7128
8316 7032
8317 6968
8318 6908
8319 6860
8320 6808
8321 6768
8322 6744
8323 6720
8324 6696
8325 6656
8326 6640
8327 6621
8328 6625
8329 6641
8330 6665
8331 6705
8332 6737
8333 6761
8334 6793
8335 6845
8336 6893
8337 6961
8338 7025
8339 7113
8340 7161
8341 7253
8342 7369
8343 7433
8344 7543
8345 7661
8346 7785
8347 7894
8348 8029
8349 8138
8350 8309
8351 8445
8352 8613
8353 8765
8354 8946
8355 9103
8356 9281
8357 9450
8358 9674
8359 9854
8360 10066
8361 10261
8362 10486
8363 10717
8364 10924
8365 11182
8366 11433
8367 11661
8368 11929
8369 12194
8370 12420
8371 12737
8372 12998
8373 13289
8374 12999
8375 12738
8376 12421
8377 12195
8378 11930
8379 11662
8380 11434
8381 11183
8382 10925
8383 10718
8384 10487
8385 10262
8386 10067
8387 9855
8388 9675
8389 9451
8390 9282
8391 9104
8392 8947
8393 8766
8394 8614
8395 8446
8396 8310
8397 8141
8398 8030
8399 7895
8400 7786
8401 7664
8402 7546
8403 7434
8404 7370
8405 7255
8406 7164
8407 7116
8408 7026
8409 6962
8410 6896
8411 6848
8412 6796
8413 6762
8414 6738
8415 6708
8416 6672
8417 6644
8418 6628
8419 6622
8420 6629
8421 6645
8422 6673
8423 6709
8424 6739
8425 6763
8426 6797
8427 6849
8428 6897
8429 6963
8430 7027
8431 7117
8432 7165
8433 7256
8434 7371
8435 7435
8436 7551
8437 7665
8438 7787
8439 7898
8440 8031
8441 8144
8442 8311
8443 8447
8444 8615
8445 8767
8446 8950
8447 9109
8448 9283
8449 9454
8450 9678
8451 9858
8452 10070
8453 10263
8454 10490
8455 10719
8456 10932
8457 11186
8458 11435
8459 11663
8460 11931
8461 12198
8462 12428
8463 12739
8464 13002
8465 13290
8466 13003
8467 12740
8468 12429
8469 12199
8470 11932
8471 11664
8472 11436
8473 11187
8474 10933
8475 10720
8476 10491
8477 10264
8478 10071
8479 9859
8480 9679
8481 9455
8482 9284
8483 9110
8484 8951
8485 8768
8486 8616
8487 8448
8488 8312
8489 8147
8490 8032
8491 7899
8492 7788
8493 7668
8494 7554
8495 7436
8496 7372
8497 7258
8498 7168
8499 7120
8500 7028
8501 6964
8502 6900
8503 6852
8504 6800
8505 6764
8506 6740
8507 6712
8508 6680
8509 6648
8510 6632
8511 6623
8512 6633
8513 6649
8514 6681
8515 6713
8516 6741
8517 6765
8518 6801
8519 6853
8520 6901
8521 6965
8522 7029
8523 7121
8524 7169
8525 7259
8526 7373
8527 7437
8528 7559
8529 7669
8530 7789
8531 7902
8532 8033
8533 8150
8534 8313
8535 8449
8536 8617
8537 8769
8538 8954
8539 9115
8540 9285
8541 9458
8542 9682
8543 9862
8544 10074
8545 10265
8546 10494
8547 10721
8548 10940
8549 11190
8550 11437
8551 11665
8552 11933
8553 12202
8554 12436
8555 12741
8556 13006
8557 13291
8558 13007
8559 12742
8560 12437
8561 12203
8562 11934
8563 11666
8564 11438
8565 11191
8566 10941
8567 10722
8568 10495
8569 10266
8570 10075
8571 9863
8572 9683
8573 9459
8574 9286
8575 9116
8576 8955
8577 8770
8578 8618
8579 8450
8580 8314
8581 8153
8582 8034
8583 7903
8584 7790
8585 7672
8586 7562
8587 7438
8588 7374
8589 7261
8590 7172
8591 7124
8592 7030
8593 6966
8594 6904
8595 6856
8596 6804
8597 6766
8598 6742
8599 6716
8600 6688
8601 6652
8602 6636
8603 6624
8604 6637
8605 6653
8606 6689
8607 6717
8608 6743
8609 6767
8610 6805
8611 6857
8612 6905
8613 6967
8614 7031
8615 7125
8616 7173
8617 7262
8618 7375
8619 7439
8620 7567
8621 7673
8622 7791
8623 7906
8624 8035
8625 8156
8626 8315
8627 8451
8628 8619
8629 8771
8630 8958
8631 9121
8632 9287
8633 9462
8634 9686
8635 9866
8636 10078
8637 10267
8638 10498
8639 10723
8640 10948
8641 11194
8642 11439
8643 11667
8644 11935
8645 12206
8646 12444
8647 12743
8648 13010
8649 13292
8650 13578
8651 13307
8652 13027
8653 12760
8654 12483
8655 12239
8656 11975
8657 11735
8658 11503
8659 11236
8660 11023
8661 10795
8662 10571
8663 10379
8664 10159
8665 9963
8666 9760
8667 9607
8668 9415
8669 9248
8670 9055
8671 8919
8672 8739
8673 8596
8674 8460
8675 8339
8676 8204
8677 8083
8678 7980
8679 7824
8680 7751
8681 7652
8682 7571
8683 7464
8684 7407
8685 7336
8686 7252
8687 7192
8688 7144
8689 7112
8690 7048
8691 7024
8692 7008
8693 6976
8694 6960
8695 6952
8696 6917
8697 6921
8698 6953
8699 6969
8700 6985
8701 7017
8702 7033
8703 7105
8704 7137
8705 7177
8706 7245
8707 7321
8708 7394
8709 7449
8710 7542
8711 7645
8712 7722
8713 7817
8714 7965
8715 8070
8716 8197
8717 8318
8718 8453
8719 8585
8720 8726
8721 8906
8722 9042
8723 9233
8724 9402
8725 9586
8726 9753
8727 9950
8728 10146
8729 10366
8730 10558
8731 10782
8732 11010
8733 11229
8734 11490
8735 11722
8736 11962
8737 12226
8738 12470
8739 12753
8740 13014
8741 13294
8742 13559
8743 13865
8744 13560
8745 13295
8746 13015
8747 12754
8748 12471
8749 12227
8750 11963
8751 11723
8752 11491
8753 11230
8754 11011
8755 10783
8756 10559
8757 10367
8758 10147
8759 9951
8760 9754
8761 9589
8762 9403
8763 9236
8764 9043
8765 8907
8766 8727
8767 8587
8768 8454
8769 8321
8770 8198
8771 8071
8772 7968
8773 7818
8774 7727
8775 7646
8776 7547
8777 7452
8778 7395
8779 7324
8780 7246
8781 7180
8782 7138
8783 7106
8784 7036
8785 7018
8786 6990
8787 6970
8788 6954
8789 6928
8790 6918
8791 6929
8792 6955
8793 6971
8794 6991
8795 7019
8796 7037
8797 7107
8798 7139
8799 7181
8800 7247
8801 7325
8802 7398
8803 7453
8804 7550
8805 7647
8806 7730
8807 7819
8808 7969
8809 8074
8810 8199
8811 8324
8812 8455
8813 8588
8814 8730
8815 8910
8816 9046
8817 9237
8818 9406
8819 9592
8820 9755
8821 9954
8822 10150
8823 10370
8824 10562
8825 10786
8826 11014
8827 11231
8828 11494
8829 11726
8830 11966
8831 12230
8832 12474
8833 12755
8834 13018
8835 13298
8836 13565
8837 13866
8838 13566
8839 13299
8840 13019
8841 12756
8842 12475
8843 12231
8844 11967
8845 11727
8846 11495
8847 11232
8848 11015
8849 10787
8850 10563
8851 10371
8852 10151
8853 9955
8854 9756
8855 9595
8856 9407
8857 9240
8858 9047
8859 8911
8860 8731
8861 8590
8862 8456
8863 8327
8864 8200
8865 8075
8866 7972
8867 7820
8868 7735
8869 7648
8870 7555
8871 7456
8872 7399
8873 7328
8874 7248
8875 7184
8876 7140
8877 7108
8878 7040
8879 7020
8880 6996
8881 6972
8882 6956
8883 6936
8884 6919
8885 6937
8886 6957
8887 6973
8888 6997
8889 7021
8890 7041
8891 7109
8892 7141
8893 7185
8894 7249
8895 7329
8896 7402
8897 7457
8898 7558
8899 7649
8900 7738
8901 7821
8902 7973
8903 8078
8904 8201
8905 8330
8906 8457
8907 8591
8908 8734
8909 8914
8910 9050
8911 9241
8912 9410
8913 9598
8914 9757
8915 9958
8916 10154
8917 10374
8918 10566
8919 10790
8920 11018
8921 11233
8922 11498
8923 11730
8924 11970
8925 12234
8926 12478
8927 12757
8928 13022
8929 13302
8930 13571
8931 13867
8932 13572
8933 13303
8934 13023
8935 12758
8936 12479
8937 12235
8938 11971
8939 11731
8940 11499
8941 11234
8942 11019
8943 10791
8944 10567
8945 10375
8946 10155
8947 9959
8948 9758
8949 9601
8950 9411
8951 9244
8952 9051
8953 8915
8954 8735
8955 8593
8956 8458
8957 8333
8958 8202
8959 8079
8960 7976
8961 7822
8962 7743
8963 7650
8964 7563
8965 7460
8966 7403
8967 7332
8968 7250
8969 7188
8970 7142
8971 7110
8972 7044
8973 7022
8974 7002
8975 6974
8976 6958
8977 6944
8978 6920
8979 6945
8980 6959
8981 6975
8982 7003
8983 7023
8984 7045
8985 7111
8986 7143
8987 7189
8988 7251
8989 7333
8990 7406
8991 7461
8992 7566
8993 7651
8994 7746
8995 7823
8996 7977
8997 8082
8998 8203
8999 8336
9000 8459
9001 8594
9002 8738
9003 8918
9004 9054
9005 9245
9006 9414
9007 9604
9008 9759
9009 9962
9010 10158
9011 10378
9012 10570
9013 10794
9014 11022
9015 11235
9016 11502
9017 11734
9018 11974
9019 12238
9020 12482
9021 12759
9022 13026
9023 13306
9024 13577
9025 13868
9026 14176
9027 13897
9028 13603
9029 13323
9030 13060
9031 12768
9032 12531
9033 12280
9034 12022
9035 11784
9036 11544
9037 11288
9038 11076
9039 10867
9040 10683
9041 10444
9042 10259
9043 10064
9044 9906
9045 9712
9046 9524
9047 9375
9048 9207
9049 9040
9050 8904
9051 8756
9052 8635
9053 8496
9054 8387
9055 8276
9056 8120
9057 8044
9058 7964
9059 7844
9060 7776
9061 7692
9062 7636
9063 7540
9064 7496
9065 7432
9066 7408
9067 7368
9068 7320
9069 7304
9070 7272
9071 7244
9072 7228
9073 7209
9074 7213
9075 7237
9076 7265
9077 7289
9078 7305
9079 7353
9080 7393
9081 7425
9082 7481
9083 7533
9084 7613
9085 7685
9086 7769
9087 7826
9088 7957
9089 8037
9090 8113
9091 8269
9092 8358
9093 8486
9094 8622
9095 8741
9096 8897
9097 9033
9098 9194
9099 9362
9100 9517
9101 9705
9102 9879
9103 10057
9104 10246
9105 10437
9106 10670
9107 10854
9108 11069
9109 11278
9110 11537
9111 11777
9112 12003
9113 12273
9114 12518
9115 12761
9116 13053
9117 13310
9118 13590
9119 13872
9120 14169
9121 14441
9122 14170
9123 13873
9124 13591
9125 13311
9126 13054
9127 12762
9128 12519
9129 12274
9130 12004
9131 11778
9132 11538
9133 11279
9134 11070
9135 10855
9136 10671
9137 10438
9138 10247
9139 10058
9140 9882
9141 9706
9142 9518
9143 9363
9144 9195
9145 9034
9146 8898
9147 8744
9148 8623
9149 8487
9150 8363
9151 8270
9152 8114
9153 8038
9154 7958
9155 7829
9156 7770
9157 7686
9158 7618
9159 7534
9160 7484
9161 7426
9162 7396
9163 7356
9164 7308
9165 7292
9166 7266
9167 7238
9168 7216
9169 7210
9170 7217
9171 7239
9172 7267
9173 7293
9174 7309
9175 7357
9176 7397
9177 7427
9178 7485
9179 7535
9180 7619
9181 7687
9182 7771
9183 7831
9184 7959
9185 8039
9186 8115
9187 8271
9188 8366
9189 8489
9190 8626
9191 8745
9192 8899
9193 9035
9194 9198
9195 9366
9196 9519
9197 9707
9198 9887
9199 10059
9200 10250
9201 10439
9202 10674
9203 10858
9204 11071
9205 11281
9206 11539
9207 11779
9208 12009
9209 12275
9210 12522
9211 12763
9212 13055
9213 13314
9214 13594
9215 13880
9216 14171
9217 14442
9218 14172
9219 13881
9220 13595
9221 13315
9222 13056
9223 12764
9224 12523
9225 12276
9226 12010
9227 11780
9228 11540
9229 11282
9230 11072
9231 10859
9232 10675
9233 10440
9234 10251
9235 10060
9236 9890
9237 9708
9238 9520
9239 9367
9240 9199
9241 9036
9242 8900
9243 8748
9244 8627
9245 8490
9246 8371
9247 8272
9248 8116
9249 8040
9250 7960
9251 7834
9252 7772
9253 7688
9254 7624
9255 7536
9256 7488
9257 7428
9258 7400
9259 7360
9260 7312
9261 7296
9262 7268
9263 7240
9264 7220
9265 7211
9266 7221
9267 7241
9268 7269
9269 7297
9270 7313
9271 7361
9272 7401
9273 7429
9274 7489
9275 7537
9276 7625
9277 7689
9278 7773
9279 7836
9280 7961
9281 8041
9282 8117
9283 8273
9284 8374
9285 8492
9286 8630
9287 8749
9288 8901
9289 9037
9290 9202
9291 9370
9292 9521
9293 9709
9294 9895
9295 10061
9296 10254
9297 10441
9298 10678
9299 10862
9300 11073
9301 11284
9302 11541
9303 11781
9304 12015
9305 12277
9306 12526
9307 12765
9308 13057
9309 13318
9310 13598
9311 13888
9312 14173
9313 14443
9314 14174
9315 13889
9316 13599
9317 13319
9318 13058
9319 12766
9320 12527
9321 12278
9322 12016
9323 11782
9324 11542
9325 11285
9326 11074
9327 10863
9328 10679
9329 10442
9330 10255
9331 10062
9332 9898
9333 9710
9334 9522
9335 9371
9336 9203
9337 9038
9338 8902
9339 8752
9340 8631
9341 8493
9342 8379
9343 8274
9344 8118
9345 8042
9346 7962
9347 7839
9348 7774
9349 7690
9350 7630
9351 7538
9352 7492
9353 7430
9354 7404
9355 7364
9356 7316
9357 7300
9358 7270
9359 7242
9360 7224
9361 7212
9362 7225
9363 7243
9364 7271
9365 7301
9366 7317
9367 7365
9368 7405
9369 7431
9370 7493
9371 7539
9372 7631
9373 7691
9374 7775
9375 7841
9376 7963
9377 8043
9378 8119
9379 8275
9380 8382
9381 8495
9382 8634
9383 8753
9384 8903
9385 9039
9386 9206
9387 9374
9388 9523
9389 9711
9390 9903
9391 10063
9392 10258
9393 10443
9394 10682
9395 10866
9396 11075
9397 11287
9398 11543
9399 11783
9400 12021
9401 12279
9402 12530
9403 12767
9404 13059
9405 13322
9406 13602
9407 13896
9408 14175
9409 14444
9410 14775
9411 14459
9412 14208
9413 13916
9414 13628
9415 13369
9416 13107
9417 12815
9418 12588
9419 12319
9420 12075
9421 11869
9422 11592
9423 11424
9424 11180
9425 10975
9426 10762
9427 10544
9428 10388
9429 10184
9430 10019
9431 9823
9432 9688
9433 9491
9434 9352
9435 9223
9436 9056
9437 8944
9438 8788
9439 8692
9440 8575
9441 8444
9442 8348
9443 8267
9444 8136
9445 8084
9446 8004
9447 7932
9448 7859
9449 7808
9450 7752
9451 7704
9452 7660
9453 7644
9454 7596
9455 7588
9456 7572
9457 7532
9458 7521
9459 7525
9460 7541
9461 7573
9462 7589
9463 7637
9464 7653
9465 7693
9466 7721
9467 7793
9468 7846
9469 7917
9470 7989
9471 8069
9472 8129
9473 8254
9474 8341
9475 8429
9476 8554
9477 8685
9478 8781
9479 8937
9480 9041
9481 9210
9482 9337
9483 9478
9484 9673
9485 9810
9486 10006
9487 10177
9488 10381
9489 10533
9490 10743
9491 10962
9492 11173
9493 11417
9494 11585
9495 11844
9496 12062
9497 12306
9498 12581
9499 12802
9500 13094
9501 13344
9502 13621
9503 13909
9504 14201
9505 14446
9506 14762
9507 15077
9508 14763
9509 14447
9510 14202
9511 13910
9512 13622
9513 13345
9514 13095
9515 12803
9516 12582
9517 12307
9518 12063
9519 11845
9520 11586
9521 11418
9522 11174
9523 10963
9524 10744
9525 10535
9526 10382
9527 10178
9528 10007
9529 9811
9530 9676
9531 9479
9532 9340
9533 9211
9534 9044
9535 8938
9536 8782
9537 8686
9538 8557
9539 8432
9540 8342
9541 8255
9542 8130
9543 8072
9544 7992
9545 7920
9546 7847
9547 7796
9548 7728
9549 7695
9550 7654
9551 7638
9552 7590
9553 7576
9554 7548
9555 7526
9556 7522
9557 7527
9558 7549
9559 7577
9560 7591
9561 7639
9562 7655
9563 7696
9564 7729
9565 7797
9566 7850
9567 7921
9568 7993
9569 8073
9570 8131
9571 8258
9572 8343
9573 8433
9574 8560
9575 8687
9576 8783
9577 8939
9578 9045
9579 9214
9580 9341
9581 9482
9582 9677
9583 9814
9584 10010
9585 10179
9586 10383
9587 10536
9588 10749
9589 10966
9590 11175
9591 11419
9592 11587
9593 11852
9594 12066
9595 12310
9596 12583
9597 12806
9598 13098
9599 13352
9600 13623
9601 13911
9602 14203
9603 14450
9604 14766
9605 15078
9606 14767
9607 14451
9608 14204
9609 13912
9610 13624
9611 13353
9612 13099
9613 12807
9614 12584
9615 12311
9616 12067
9617 11853
9618 11588
9619 11420
9620 11176
9621 10967
9622 10750
9623 10538
9624 10384
9625 10180
9626 10011
9627 9815
9628 9680
9629 9483
9630 9344
9631 9215
9632 9048
9633 8940
9634 8784
9635 8688
9636 8563
9637 8436
9638 8344
9639 8259
9640 8132
9641 8076
9642 7996
9643 7924
9644 7851
9645 7800
9646 7736
9647 7698
9648 7656
9649 7640
9650 7592
9651 7580
9652 7556
9653 7528
9654 7523
9655 7529
9656 7557
9657 7581
9658 7593
9659 7641
9660 7657
9661 7699
9662 7737
9663 7801
9664 7854
9665 7925
9666 7997
9667 8077
9668 8133
9669 8262
9670 8345
9671 8437
9672 8566
9673 8689
9674 8785
9675 8941
9676 9049
9677 9218
9678 9345
9679 9486
9680 9681
9681 9818
9682 10014
9683 10181
9684 10385
9685 10539
9686 10755
9687 10970
9688 11177
9689 11421
9690 11589
9691 11860
9692 12070
9693 12314
9694 12585
9695 12810
9696 13102
9697 13360
9698 13625
9699 13913
9700 14205
9701 14454
9702 14770
9703 15079
9704 14771
9705 14455
9706 14206
9707 13914
9708 13626
9709 13361
9710 13103
9711 12811
9712 12586
9713 12315
9714 12071
9715 11861
9716 11590
9717 11422
9718 11178
9719 10971
9720 10756
9721 10541
9722 10386
9723 10182
9724 10015
9725 9819
9726 9684
9727 9487
9728 9348
9729 9219
9730 9052
9731 8942
9732 8786
9733 8690
9734 8569
9735 8440
9736 8346
9737 8263
9738 8134
9739 8080
9740 8000
9741 7928
9742 7855
9743 7804
9744 7744
9745 7701
9746 7658
9747 7642
9748 7594
9749 7584
9750 7564
9751 7530
9752 7524
9753 7531
9754 7565
9755 7585
9756 7595
9757 7643
9758 7659
9759 7702
9760 7745
9761 7805
9762 7858
9763 7929
9764 8001
9765 8081
9766 8135
9767 8266
9768 8347
9769 8441
9770 8572
9771 8691
9772 8787
9773 8943
9774 9053
9775 9222
9776 9349
9777 9490
9778 9685
9779 9822
9780 10018
9781 10183
9782 10387
9783 10542
9784 10761
9785 10974
9786 11179
9787 11423
9788 11591
9789 11868
9790 12074
9791 12318
9792 12587
9793 12814
9794 13106
9795 13368
9796 13627
9797 13915
9798 14207
9799 14458
9800 14774
9801 15080
9802 15394
9803 15088
9804 14807
9805 14476
9806 14246
9807 13932
9808 13660
9809 13411
9810 13155
9811 12890
9812 12644
9813 12391
9814 12163
9815 11927
9816 11710
9817 11512
9818 11259
9819 11064
9820 10876
9821 10714
9822 10500
9823 10332
9824 10136
9825 9988
9826 9807
9827 9672
9828 9515
9829 9384
9830 9263
9831 9123
9832 9000
9833 8864
9834 8764
9835 8684
9836 8576
9837 8468
9838 8404
9839 8308
9840 8244
9841 8160
9842 8108
9843 8068
9844 8020
9845 7988
9846 7956
9847 7908
9848 7884
9849 7868
9850 7860
9851 7825
9852 7845
9853 7861
9854 7869
9855 7893
9856 7933
9857 7981
9858 8013
9859 8061
9860 8093
9861 8137
9862 8237
9863 8301
9864 8389
9865 8461
9866 8553
9867 8669
9868 8757
9869 8857
9870 8993
9871 9102
9872 9250
9873 9377
9874 9502
9875 9665
9876 9786
9877 9981
9878 10129
9879 10325
9880 10485
9881 10695
9882 10869
9883 11057
9884 11246
9885 11505
9886 11691
9887 11914
9888 12150
9889 12378
9890 12637
9891 12871
9892 13142
9893 13398
9894 13653
9895 13925
9896 14227
9897 14469
9898 14794
9899 15081
9900 15375
9901 15687
9902 15376
9903 15082
9904 14795
9905 14470
9906 14228
9907 13926
9908 13654
9909 13399
9910 13143
9911 12872
9912 12638
9913 12379
9914 12151
9915 11915
9916 11692
9917 11506
9918 11247
9919 11058
9920 10870
9921 10696
9922 10488
9923 10326
9924 10130
9925 9982
9926 9789
9927 9666
9928 9503
9929 9378
9930 9251
9931 9105
9932 8994
9933 8858
9934 8758
9935 8672
9936 8558
9937 8462
9938 8392
9939 8302
9940 8238
9941 8142
9942 8096
9943 8062
9944 8014
9945 7982
9946 7938
9947 7896
9948 7872
9949 7862
9950 7848
9951 7830
9952 7849
9953 7863
9954 7873
9955 7897
9956 7939
9957 7983
9958 8015
9959 8063
9960 8097
9961 8143
9962 8239
9963 8303
9964 8393
9965 8463
9966 8559
9967 8673
9968 8759
9969 8859
9970 8995
9971 9108
9972 9254
9973 9379
9974 9506
9975 9667
9976 9792
9977 9983
9978 10131
9979 10327
9980 10489
9981 10701
9982 10871
9983 11059
9984 11250
9985 11507
9986 11697
9987 11918
9988 12154
9989 12382
9990 12639
9991 12877
9992 13146
9993 13402
9994 13655
9995 13927
9996 14233
9997 14471
9998 14798
9999 15083
10000 15381
