# A328818 b-file computed by Hugo Pfoertner 2019-10-28
0 0
1 2
2 1
3 -1
4 -2
5 -1
6 1
7 3
8 4
9 3
10 2
11 0
12 -2
13 -3
14 -4
15 -3
16 -2
17 0
18 2
19 4
20 5
21 6
22 5
23 4
24 3
25 1
26 -1
27 -3
28 -4
29 -5
30 -6
31 -5
32 -4
33 -3
34 -1
35 1
36 3
37 5
38 6
39 7
40 8
41 7
42 6
43 5
44 4
45 2
46 0
47 -2
48 -4
49 -5
50 -6
51 -7
52 -8
53 -7
54 -6
55 -5
56 -4
57 -2
58 0
59 2
60 4
61 6
62 7
63 8
64 9
65 10
66 9
67 8
68 7
69 6
70 5
71 3
72 1
73 -1
74 -3
75 -5
76 -6
77 -7
78 -8
79 -9
80 -10
81 -9
82 -8
83 -7
84 -6
85 -5
86 -3
87 -1
88 1
89 3
90 5
91 7
92 8
93 9
94 10
95 11
96 12
97 11
98 10
99 9
100 8
101 7
102 6
103 4
104 2
105 0
106 -2
107 -4
108 -6
109 -7
110 -8
111 -9
112 -10
113 -11
114 -12
115 -11
116 -10
117 -9
118 -8
119 -7
120 -6
121 -4
122 -2
123 0
124 2
125 4
126 6
127 8
128 9
129 10
130 11
131 12
132 13
133 14
134 13
135 12
136 11
137 10
138 9
139 8
140 7
141 5
142 3
143 1
144 -1
145 -3
146 -5
147 -7
148 -8
149 -9
150 -10
151 -11
152 -12
153 -13
154 -14
155 -13
156 -12
157 -11
158 -10
159 -9
160 -8
161 -7
162 -5
163 -3
164 -1
165 1
166 3
167 5
168 7
169 9
170 10
171 11
172 12
173 13
174 14
175 15
176 16
177 15
178 14
179 13
180 12
181 11
182 10
183 9
184 8
185 6
186 4
187 2
188 0
189 -2
190 -4
191 -6
192 -8
193 -9
194 -10
195 -11
196 -12
197 -13
198 -14
199 -15
200 -16
201 -15
202 -14
203 -13
204 -12
205 -11
206 -10
207 -9
208 -8
209 -6
210 -4
211 -2
212 0
213 2
214 4
215 6
216 8
217 10
218 11
219 12
220 13
221 14
222 15
223 16
224 17
225 18
226 17
227 16
228 15
229 14
230 13
231 12
232 11
233 10
234 9
235 7
236 5
237 3
238 1
239 -1
240 -3
241 -5
242 -7
243 -9
244 -10
245 -11
246 -12
247 -13
248 -14
249 -15
250 -16
251 -17
252 -18
253 -17
254 -16
255 -15
256 -14
257 -13
258 -12
259 -11
260 -10
261 -9
262 -7
263 -5
264 -3
265 -1
266 1
267 3
268 5
269 7
270 9
271 11
272 12
273 13
274 14
275 15
276 16
277 17
278 18
279 19
280 20
281 19
282 18
283 17
284 16
285 15
286 14
287 13
288 12
289 11
290 10
291 8
292 6
293 4
294 2
295 0
296 -2
297 -4
298 -6
299 -8
300 -10
301 -11
302 -12
303 -13
304 -14
305 -15
306 -16
307 -17
308 -18
309 -19
310 -20
311 -19
312 -18
313 -17
314 -16
315 -15
316 -14
317 -13
318 -12
319 -11
320 -10
321 -8
322 -6
323 -4
324 -2
325 0
326 2
327 4
328 6
329 8
330 10
331 12
332 13
333 14
334 15
335 16
336 17
337 18
338 19
339 20
340 21
341 22
342 21
343 20
344 19
345 18
346 17
347 16
348 15
349 14
350 13
351 12
352 11
353 9
354 7
355 5
356 3
357 1
358 -1
359 -3
360 -5
361 -7
362 -9
363 -11
364 -12
365 -13
366 -14
367 -15
368 -16
369 -17
370 -18
371 -19
372 -20
373 -21
374 -22
375 -21
376 -20
377 -19
378 -18
379 -17
380 -16
381 -15
382 -14
383 -13
384 -12
385 -11
386 -9
387 -7
388 -5
389 -3
390 -1
391 1
392 3
393 5
394 7
395 9
396 11
397 13
398 14
399 15
400 16
401 17
402 18
403 19
404 20
405 21
406 22
407 23
408 24
409 23
410 22
411 21
412 20
413 19
414 18
415 17
416 16
417 15
418 14
419 13
420 12
421 10
422 8
423 6
424 4
425 2
426 0
427 -2
428 -4
429 -6
430 -8
431 -10
432 -12
433 -13
434 -14
435 -15
436 -16
437 -17
438 -18
439 -19
440 -20
441 -21
442 -22
443 -23
444 -24
445 -23
446 -22
447 -21
448 -20
449 -19
450 -18
451 -17
452 -16
453 -15
454 -14
455 -13
456 -12
457 -10
458 -8
459 -6
460 -4
461 -2
462 0
463 2
464 4
465 6
466 8
467 10
468 12
469 14
470 15
471 16
472 17
473 18
474 19
475 20
476 21
477 22
478 23
479 24
480 25
481 26
482 25
483 24
484 23
485 22
486 21
487 20
488 19
489 18
490 17
491 16
492 15
493 14
494 13
495 11
496 9
497 7
498 5
499 3
500 1
501 -1
502 -3
503 -5
504 -7
505 -9
506 -11
507 -13
508 -14
509 -15
510 -16
511 -17
512 -18
513 -19
514 -20
515 -21
516 -22
517 -23
518 -24
519 -25
520 -26
521 -25
522 -24
523 -23
524 -22
525 -21
526 -20
527 -19
528 -18
529 -17
530 -16
531 -15
532 -14
533 -13
534 -11
535 -9
536 -7
537 -5
538 -3
539 -1
540 1
541 3
542 5
543 7
544 9
545 11
546 13
547 15
548 16
549 17
550 18
551 19
552 20
553 21
554 22
555 23
556 24
557 25
558 26
559 27
560 28
561 27
562 26
563 25
564 24
565 23
566 22
567 21
568 20
569 19
570 18
571 17
572 16
573 15
574 14
575 12
576 10
577 8
578 6
579 4
580 2
581 0
582 -2
583 -4
584 -6
585 -8
586 -10
587 -12
588 -14
589 -15
590 -16
591 -17
592 -18
593 -19
594 -20
595 -21
596 -22
597 -23
598 -24
599 -25
600 -26
601 -27
602 -28
603 -27
604 -26
605 -25
606 -24
607 -23
608 -22
609 -21
610 -20
611 -19
612 -18
613 -17
614 -16
615 -15
616 -14
617 -12
618 -10
619 -8
620 -6
621 -4
622 -2
623 0
624 2
625 4
626 6
627 8
628 10
629 12
630 14
631 16
632 17
633 18
634 19
635 20
636 21
637 22
638 23
639 24
640 25
641 26
642 27
643 28
644 29
645 30
646 29
647 28
648 27
649 26
650 25
651 24
652 23
653 22
654 21
655 20
656 19
657 18
658 17
659 16
660 15
661 13
662 11
663 9
664 7
665 5
666 3
667 1
668 -1
669 -3
670 -5
671 -7
672 -9
673 -11
674 -13
675 -15
676 -16
677 -17
678 -18
679 -19
680 -20
681 -21
682 -22
683 -23
684 -24
685 -25
686 -26
687 -27
688 -28
689 -29
690 -30
691 -29
692 -28
693 -27
694 -26
695 -25
696 -24
697 -23
698 -22
699 -21
700 -20
701 -19
702 -18
703 -17
704 -16
705 -15
706 -13
707 -11
708 -9
709 -7
710 -5
711 -3
712 -1
713 1
714 3
715 5
716 7
717 9
718 11
719 13
720 15
721 17
722 18
723 19
724 20
725 21
726 22
727 23
728 24
729 25
730 26
731 27
732 28
733 29
734 30
735 31
736 32
737 31
738 30
739 29
740 28
741 27
742 26
743 25
744 24
745 23
746 22
747 21
748 20
749 19
750 18
751 17
752 16
753 14
754 12
755 10
756 8
757 6
758 4
759 2
760 0
761 -2
762 -4
763 -6
764 -8
765 -10
766 -12
767 -14
768 -16
769 -17
770 -18
771 -19
772 -20
773 -21
774 -22
775 -23
776 -24
777 -25
778 -26
779 -27
780 -28
781 -29
782 -30
783 -31
784 -32
785 -31
786 -30
787 -29
788 -28
789 -27
790 -26
791 -25
792 -24
793 -23
794 -22
795 -21
796 -20
797 -19
798 -18
799 -17
800 -16
801 -14
802 -12
803 -10
804 -8
805 -6
806 -4
807 -2
808 0
809 2
810 4
811 6
812 8
813 10
814 12
815 14
816 16
817 18
818 19
819 20
820 21
821 22
822 23
823 24
824 25
825 26
826 27
827 28
828 29
829 30
830 31
831 32
832 33
833 34
834 33
835 32
836 31
837 30
838 29
839 28
840 27
841 26
842 25
843 24
844 23
845 22
846 21
847 20
848 19
849 18
850 17
851 15
852 13
853 11
854 9
855 7
856 5
857 3
858 1
859 -1
860 -3
861 -5
862 -7
863 -9
864 -11
865 -13
866 -15
867 -17
868 -18
869 -19
870 -20
871 -21
872 -22
873 -23
874 -24
875 -25
876 -26
877 -27
878 -28
879 -29
880 -30
881 -31
882 -32
883 -33
884 -34
885 -33
886 -32
887 -31
888 -30
889 -29
890 -28
891 -27
892 -26
893 -25
894 -24
895 -23
896 -22
897 -21
898 -20
899 -19
900 -18
901 -17
902 -15
903 -13
904 -11
905 -9
906 -7
907 -5
908 -3
909 -1
910 1
911 3
912 5
913 7
914 9
915 11
916 13
917 15
918 17
919 19
920 20
921 21
922 22
923 23
924 24
925 25
926 26
927 27
928 28
929 29
930 30
931 31
932 32
933 33
934 34
935 35
936 36
937 35
938 34
939 33
940 32
941 31
942 30
943 29
944 28
945 27
946 26
947 25
948 24
949 23
950 22
951 21
952 20
953 19
954 18
955 16
956 14
957 12
958 10
959 8
960 6
961 4
962 2
963 0
964 -2
965 -4
966 -6
967 -8
968 -10
969 -12
970 -14
971 -16
972 -18
973 -19
974 -20
975 -21
976 -22
977 -23
978 -24
979 -25
980 -26
981 -27
982 -28
983 -29
984 -30
985 -31
986 -32
987 -33
988 -34
989 -35
990 -36
991 -35
992 -34
993 -33
994 -32
995 -31
996 -30
997 -29
998 -28
999 -27
1000 -26
1001 -25
1002 -24
1003 -23
1004 -22
1005 -21
1006 -20
1007 -19
1008 -18
1009 -16
1010 -14
1011 -12
1012 -10
1013 -8
1014 -6
1015 -4
1016 -2
1017 0
1018 2
1019 4
1020 6
1021 8
1022 10
1023 12
1024 14
1025 16
1026 18
1027 20
1028 21
1029 22
1030 23
1031 24
1032 25
1033 26
1034 27
1035 28
1036 29
1037 30
1038 31
1039 32
1040 33
1041 34
1042 35
1043 36
1044 37
1045 38
1046 37
1047 36
1048 35
1049 34
1050 33
1051 32
1052 31
1053 30
1054 29
1055 28
1056 27
1057 26
1058 25
1059 24
1060 23
1061 22
1062 21
1063 20
1064 19
1065 17
1066 15
1067 13
1068 11
1069 9
1070 7
1071 5
1072 3
1073 1
1074 -1
1075 -3
1076 -5
1077 -7
1078 -9
1079 -11
1080 -13
1081 -15
1082 -17
1083 -19
1084 -20
1085 -21
1086 -22
1087 -23
1088 -24
1089 -25
1090 -26
1091 -27
1092 -28
1093 -29
1094 -30
1095 -31
1096 -32
1097 -33
1098 -34
1099 -35
1100 -36
1101 -37
1102 -38
1103 -37
1104 -36
1105 -35
1106 -34
1107 -33
1108 -32
1109 -31
1110 -30
1111 -29
1112 -28
1113 -27
1114 -26
1115 -25
1116 -24
1117 -23
1118 -22
1119 -21
1120 -20
1121 -19
1122 -17
1123 -15
1124 -13
1125 -11
1126 -9
1127 -7
1128 -5
1129 -3
1130 -1
1131 1
1132 3
1133 5
1134 7
1135 9
1136 11
1137 13
1138 15
1139 17
1140 19
1141 21
1142 22
1143 23
1144 24
1145 25
1146 26
1147 27
1148 28
1149 29
1150 30
1151 31
1152 32
1153 33
1154 34
1155 35
1156 36
1157 37
1158 38
1159 39
1160 40
1161 39
1162 38
1163 37
1164 36
1165 35
1166 34
1167 33
1168 32
1169 31
1170 30
1171 29
1172 28
1173 27
1174 26
1175 25
1176 24
1177 23
1178 22
1179 21
1180 20
1181 18
1182 16
1183 14
1184 12
1185 10
1186 8
1187 6
1188 4
1189 2
1190 0
1191 -2
1192 -4
1193 -6
1194 -8
1195 -10
1196 -12
1197 -14
1198 -16
1199 -18
1200 -20
1201 -21
1202 -22
1203 -23
1204 -24
1205 -25
1206 -26
1207 -27
1208 -28
1209 -29
1210 -30
1211 -31
1212 -32
1213 -33
1214 -34
1215 -35
1216 -36
1217 -37
1218 -38
1219 -39
1220 -40
1221 -39
1222 -38
1223 -37
1224 -36
1225 -35
1226 -34
1227 -33
1228 -32
1229 -31
1230 -30
1231 -29
1232 -28
1233 -27
1234 -26
1235 -25
1236 -24
1237 -23
1238 -22
1239 -21
1240 -20
1241 -18
1242 -16
1243 -14
1244 -12
1245 -10
1246 -8
1247 -6
1248 -4
1249 -2
1250 0
1251 2
1252 4
1253 6
1254 8
1255 10
1256 12
1257 14
1258 16
1259 18
1260 20
1261 22
1262 23
1263 24
1264 25
1265 26
1266 27
1267 28
1268 29
1269 30
1270 31
1271 32
1272 33
1273 34
1274 35
1275 36
1276 37
1277 38
1278 39
1279 40
1280 41
1281 42
1282 41
1283 40
1284 39
1285 38
1286 37
1287 36
1288 35
1289 34
1290 33
1291 32
1292 31
1293 30
1294 29
1295 28
1296 27
1297 26
1298 25
1299 24
1300 23
1301 22
1302 21
1303 19
1304 17
1305 15
1306 13
1307 11
1308 9
1309 7
1310 5
1311 3
1312 1
1313 -1
1314 -3
1315 -5
1316 -7
1317 -9
1318 -11
1319 -13
1320 -15
1321 -17
1322 -19
1323 -21
1324 -22
1325 -23
1326 -24
1327 -25
1328 -26
1329 -27
1330 -28
1331 -29
1332 -30
1333 -31
1334 -32
1335 -33
1336 -34
1337 -35
1338 -36
1339 -37
1340 -38
1341 -39
1342 -40
1343 -41
1344 -42
1345 -41
1346 -40
1347 -39
1348 -38
1349 -37
1350 -36
1351 -35
1352 -34
1353 -33
1354 -32
1355 -31
1356 -30
1357 -29
1358 -28
1359 -27
1360 -26
1361 -25
1362 -24
1363 -23
1364 -22
1365 -21
1366 -19
1367 -17
1368 -15
1369 -13
1370 -11
1371 -9
1372 -7
1373 -5
1374 -3
1375 -1
1376 1
1377 3
1378 5
1379 7
1380 9
1381 11
1382 13
1383 15
1384 17
1385 19
1386 21
1387 23
1388 24
1389 25
1390 26
1391 27
1392 28
1393 29
1394 30
1395 31
1396 32
1397 33
1398 34
1399 35
1400 36
1401 37
1402 38
1403 39
1404 40
1405 41
1406 42
1407 43
1408 44
1409 43
1410 42
1411 41
1412 40
1413 39
1414 38
1415 37
1416 36
1417 35
1418 34
1419 33
1420 32
1421 31
1422 30
1423 29
1424 28
1425 27
1426 26
1427 25
1428 24
1429 23
1430 22
1431 20
1432 18
1433 16
1434 14
1435 12
1436 10
1437 8
1438 6
1439 4
1440 2
1441 0
1442 -2
1443 -4
1444 -6
1445 -8
1446 -10
1447 -12
1448 -14
1449 -16
1450 -18
1451 -20
1452 -22
1453 -23
1454 -24
1455 -25
1456 -26
1457 -27
1458 -28
1459 -29
1460 -30
1461 -31
1462 -32
1463 -33
1464 -34
1465 -35
1466 -36
1467 -37
1468 -38
1469 -39
1470 -40
1471 -41
1472 -42
1473 -43
1474 -44
1475 -43
1476 -42
1477 -41
1478 -40
1479 -39
1480 -38
1481 -37
1482 -36
1483 -35
1484 -34
1485 -33
1486 -32
1487 -31
1488 -30
1489 -29
1490 -28
1491 -27
1492 -26
1493 -25
1494 -24
1495 -23
1496 -22
1497 -20
1498 -18
1499 -16
1500 -14
1501 -12
1502 -10
1503 -8
1504 -6
1505 -4
1506 -2
1507 0
1508 2
1509 4
1510 6
1511 8
1512 10
1513 12
1514 14
1515 16
1516 18
1517 20
1518 22
1519 24
1520 25
1521 26
1522 27
1523 28
1524 29
1525 30
1526 31
1527 32
1528 33
1529 34
1530 35
1531 36
1532 37
1533 38
1534 39
1535 40
1536 41
1537 42
1538 43
1539 44
1540 45
1541 46
1542 45
1543 44
1544 43
1545 42
1546 41
1547 40
1548 39
1549 38
1550 37
1551 36
1552 35
1553 34
1554 33
1555 32
1556 31
1557 30
1558 29
1559 28
1560 27
1561 26
1562 25
1563 24
1564 23
1565 21
1566 19
1567 17
1568 15
1569 13
1570 11
1571 9
1572 7
1573 5
1574 3
1575 1
1576 -1
1577 -3
1578 -5
1579 -7
1580 -9
1581 -11
1582 -13
1583 -15
1584 -17
1585 -19
1586 -21
1587 -23
1588 -24
1589 -25
1590 -26
1591 -27
1592 -28
1593 -29
1594 -30
1595 -31
1596 -32
1597 -33
1598 -34
1599 -35
1600 -36
1601 -37
1602 -38
1603 -39
1604 -40
1605 -41
1606 -42
1607 -43
1608 -44
1609 -45
1610 -46
1611 -45
1612 -44
1613 -43
1614 -42
1615 -41
1616 -40
1617 -39
1618 -38
1619 -37
1620 -36
1621 -35
1622 -34
1623 -33
1624 -32
1625 -31
1626 -30
1627 -29
1628 -28
1629 -27
1630 -26
1631 -25
1632 -24
1633 -23
1634 -21
1635 -19
1636 -17
1637 -15
1638 -13
1639 -11
1640 -9
1641 -7
1642 -5
1643 -3
1644 -1
1645 1
1646 3
1647 5
1648 7
1649 9
1650 11
1651 13
1652 15
1653 17
1654 19
1655 21
1656 23
1657 25
1658 26
1659 27
1660 28
1661 29
1662 30
1663 31
1664 32
1665 33
1666 34
1667 35
1668 36
1669 37
1670 38
1671 39
1672 40
1673 41
1674 42
1675 43
1676 44
1677 45
1678 46
1679 47
1680 48
1681 47
1682 46
1683 45
1684 44
1685 43
1686 42
1687 41
1688 40
1689 39
1690 38
1691 37
1692 36
1693 35
1694 34
1695 33
1696 32
1697 31
1698 30
1699 29
1700 28
1701 27
1702 26
1703 25
1704 24
1705 22
1706 20
1707 18
1708 16
1709 14
1710 12
1711 10
1712 8
1713 6
1714 4
1715 2
1716 0
1717 -2
1718 -4
1719 -6
1720 -8
1721 -10
1722 -12
1723 -14
1724 -16
1725 -18
1726 -20
1727 -22
1728 -24
1729 -25
1730 -26
1731 -27
1732 -28
1733 -29
1734 -30
1735 -31
1736 -32
1737 -33
1738 -34
1739 -35
1740 -36
1741 -37
1742 -38
1743 -39
1744 -40
1745 -41
1746 -42
1747 -43
1748 -44
1749 -45
1750 -46
1751 -47
1752 -48
1753 -47
1754 -46
1755 -45
1756 -44
1757 -43
1758 -42
1759 -41
1760 -40
1761 -39
1762 -38
1763 -37
1764 -36
1765 -35
1766 -34
1767 -33
1768 -32
1769 -31
1770 -30
1771 -29
1772 -28
1773 -27
1774 -26
1775 -25
1776 -24
1777 -22
1778 -20
1779 -18
1780 -16
1781 -14
1782 -12
1783 -10
1784 -8
1785 -6
1786 -4
1787 -2
1788 0
1789 2
1790 4
1791 6
1792 8
1793 10
1794 12
1795 14
1796 16
1797 18
1798 20
1799 22
1800 24
1801 26
1802 27
1803 28
1804 29
1805 30
1806 31
1807 32
1808 33
1809 34
1810 35
1811 36
1812 37
1813 38
1814 39
1815 40
1816 41
1817 42
1818 43
1819 44
1820 45
1821 46
1822 47
1823 48
1824 49
1825 50
1826 49
1827 48
1828 47
1829 46
1830 45
1831 44
1832 43
1833 42
1834 41
1835 40
1836 39
1837 38
1838 37
1839 36
1840 35
1841 34
1842 33
1843 32
1844 31
1845 30
1846 29
1847 28
1848 27
1849 26
1850 25
1851 23
1852 21
1853 19
1854 17
1855 15
1856 13
1857 11
1858 9
1859 7
1860 5
1861 3
1862 1
1863 -1
1864 -3
1865 -5
1866 -7
1867 -9
1868 -11
1869 -13
1870 -15
1871 -17
1872 -19
1873 -21
1874 -23
1875 -25
1876 -26
1877 -27
1878 -28
1879 -29
1880 -30
1881 -31
1882 -32
1883 -33
1884 -34
1885 -35
1886 -36
1887 -37
1888 -38
1889 -39
1890 -40
1891 -41
1892 -42
1893 -43
1894 -44
1895 -45
1896 -46
1897 -47
1898 -48
1899 -49
1900 -50
1901 -49
1902 -48
1903 -47
1904 -46
1905 -45
1906 -44
1907 -43
1908 -42
1909 -41
1910 -40
1911 -39
1912 -38
1913 -37
1914 -36
1915 -35
1916 -34
1917 -33
1918 -32
1919 -31
1920 -30
1921 -29
1922 -28
1923 -27
1924 -26
1925 -25
1926 -23
1927 -21
1928 -19
1929 -17
1930 -15
1931 -13
1932 -11
1933 -9
1934 -7
1935 -5
1936 -3
1937 -1
1938 1
1939 3
1940 5
1941 7
1942 9
1943 11
1944 13
1945 15
1946 17
1947 19
1948 21
1949 23
1950 25
1951 27
1952 28
1953 29
1954 30
1955 31
1956 32
1957 33
1958 34
1959 35
1960 36
1961 37
1962 38
1963 39
1964 40
1965 41
1966 42
1967 43
1968 44
1969 45
1970 46
1971 47
1972 48
1973 49
1974 50
1975 51
1976 52
1977 51
1978 50
1979 49
1980 48
1981 47
1982 46
1983 45
1984 44
1985 43
1986 42
1987 41
1988 40
1989 39
1990 38
1991 37
1992 36
1993 35
1994 34
1995 33
1996 32
1997 31
1998 30
1999 29
2000 28
2001 27
2002 26
2003 24
2004 22
2005 20
2006 18
2007 16
2008 14
2009 12
2010 10
2011 8
2012 6
2013 4
2014 2
2015 0
2016 -2
2017 -4
2018 -6
2019 -8
2020 -10
2021 -12
2022 -14
2023 -16
2024 -18
2025 -20
2026 -22
2027 -24
2028 -26
2029 -27
2030 -28
2031 -29
2032 -30
2033 -31
2034 -32
2035 -33
2036 -34
2037 -35
2038 -36
2039 -37
2040 -38
2041 -39
2042 -40
2043 -41
2044 -42
2045 -43
2046 -44
2047 -45
2048 -46
2049 -47
2050 -48
2051 -49
2052 -50
2053 -51
2054 -52
2055 -51
2056 -50
2057 -49
2058 -48
2059 -47
2060 -46
2061 -45
2062 -44
2063 -43
2064 -42
2065 -41
2066 -40
2067 -39
2068 -38
2069 -37
2070 -36
2071 -35
2072 -34
2073 -33
2074 -32
2075 -31
2076 -30
2077 -29
2078 -28
2079 -27
2080 -26
2081 -24
2082 -22
2083 -20
2084 -18
2085 -16
2086 -14
2087 -12
2088 -10
2089 -8
2090 -6
2091 -4
2092 -2
2093 0
2094 2
2095 4
2096 6
2097 8
2098 10
2099 12
2100 14
2101 16
2102 18
2103 20
2104 22
2105 24
2106 26
2107 28
2108 29
2109 30
2110 31
2111 32
2112 33
2113 34
2114 35
2115 36
2116 37
2117 38
2118 39
2119 40
2120 41
2121 42
2122 43
2123 44
2124 45
2125 46
2126 47
2127 48
2128 49
2129 50
2130 51
2131 52
2132 53
2133 54
2134 53
2135 52
2136 51
2137 50
2138 49
2139 48
2140 47
2141 46
2142 45
2143 44
2144 43
2145 42
2146 41
2147 40
2148 39
2149 38
2150 37
2151 36
2152 35
2153 34
2154 33
2155 32
2156 31
2157 30
2158 29
2159 28
2160 27
2161 25
2162 23
2163 21
2164 19
2165 17
2166 15
2167 13
2168 11
2169 9
2170 7
2171 5
2172 3
2173 1
2174 -1
2175 -3
2176 -5
2177 -7
2178 -9
2179 -11
2180 -13
2181 -15
2182 -17
2183 -19
2184 -21
2185 -23
2186 -25
2187 -27
2188 -28
2189 -29
2190 -30
2191 -31
2192 -32
2193 -33
2194 -34
2195 -35
2196 -36
2197 -37
2198 -38
2199 -39
2200 -40
2201 -41
2202 -42
2203 -43
2204 -44
2205 -45
2206 -46
2207 -47
2208 -48
2209 -49
2210 -50
2211 -51
2212 -52
2213 -53
2214 -54
2215 -53
2216 -52
2217 -51
2218 -50
2219 -49
2220 -48
2221 -47
2222 -46
2223 -45
2224 -44
2225 -43
2226 -42
2227 -41
2228 -40
2229 -39
2230 -38
2231 -37
2232 -36
2233 -35
2234 -34
2235 -33
2236 -32
2237 -31
2238 -30
2239 -29
2240 -28
2241 -27
2242 -25
2243 -23
2244 -21
2245 -19
2246 -17
2247 -15
2248 -13
2249 -11
2250 -9
2251 -7
2252 -5
2253 -3
2254 -1
2255 1
2256 3
2257 5
2258 7
2259 9
2260 11
2261 13
2262 15
2263 17
2264 19
2265 21
2266 23
2267 25
2268 27
2269 29
2270 30
2271 31
2272 32
2273 33
2274 34
2275 35
2276 36
2277 37
2278 38
2279 39
2280 40
2281 41
2282 42
2283 43
2284 44
2285 45
2286 46
2287 47
2288 48
2289 49
2290 50
2291 51
2292 52
2293 53
2294 54
2295 55
2296 56
2297 55
2298 54
2299 53
2300 52
2301 51
2302 50
2303 49
2304 48
2305 47
2306 46
2307 45
2308 44
2309 43
2310 42
2311 41
2312 40
2313 39
2314 38
2315 37
2316 36
2317 35
2318 34
2319 33
2320 32
2321 31
2322 30
2323 29
2324 28
2325 26
2326 24
2327 22
2328 20
2329 18
2330 16
2331 14
2332 12
2333 10
2334 8
2335 6
2336 4
2337 2
2338 0
2339 -2
2340 -4
2341 -6
2342 -8
2343 -10
2344 -12
2345 -14
2346 -16
2347 -18
2348 -20
2349 -22
2350 -24
2351 -26
2352 -28
2353 -29
2354 -30
2355 -31
2356 -32
2357 -33
2358 -34
2359 -35
2360 -36
2361 -37
2362 -38
2363 -39
2364 -40
2365 -41
2366 -42
2367 -43
2368 -44
2369 -45
2370 -46
2371 -47
2372 -48
2373 -49
2374 -50
2375 -51
2376 -52
2377 -53
2378 -54
2379 -55
2380 -56
2381 -55
2382 -54
2383 -53
2384 -52
2385 -51
2386 -50
2387 -49
2388 -48
2389 -47
2390 -46
2391 -45
2392 -44
2393 -43
2394 -42
2395 -41
2396 -40
2397 -39
2398 -38
2399 -37
2400 -36
2401 -35
2402 -34
2403 -33
2404 -32
2405 -31
2406 -30
2407 -29
2408 -28
2409 -26
2410 -24
2411 -22
2412 -20
2413 -18
2414 -16
2415 -14
2416 -12
2417 -10
2418 -8
2419 -6
2420 -4
2421 -2
2422 0
2423 2
2424 4
2425 6
2426 8
2427 10
2428 12
2429 14
2430 16
2431 18
2432 20
2433 22
2434 24
2435 26
2436 28
2437 30
2438 31
2439 32
2440 33
2441 34
2442 35
2443 36
2444 37
2445 38
2446 39
2447 40
2448 41
2449 42
2450 43
2451 44
2452 45
2453 46
2454 47
2455 48
2456 49
2457 50
2458 51
2459 52
2460 53
2461 54
2462 55
2463 56
2464 57
2465 58
2466 57
2467 56
2468 55
2469 54
2470 53
2471 52
2472 51
2473 50
2474 49
2475 48
2476 47
2477 46
2478 45
2479 44
2480 43
2481 42
2482 41
2483 40
2484 39
2485 38
2486 37
2487 36
2488 35
2489 34
2490 33
2491 32
2492 31
2493 30
2494 29
2495 27
2496 25
2497 23
2498 21
2499 19
2500 17
2501 15
2502 13
2503 11
2504 9
2505 7
2506 5
2507 3
2508 1
2509 -1
2510 -3
2511 -5
2512 -7
2513 -9
2514 -11
2515 -13
2516 -15
2517 -17
2518 -19
2519 -21
2520 -23
2521 -25
2522 -27
2523 -29
2524 -30
2525 -31
2526 -32
2527 -33
2528 -34
2529 -35
2530 -36
2531 -37
2532 -38
2533 -39
2534 -40
2535 -41
2536 -42
2537 -43
2538 -44
2539 -45
2540 -46
2541 -47
2542 -48
2543 -49
2544 -50
2545 -51
2546 -52
2547 -53
2548 -54
2549 -55
2550 -56
2551 -57
2552 -58
2553 -57
2554 -56
2555 -55
2556 -54
2557 -53
2558 -52
2559 -51
2560 -50
2561 -49
2562 -48
2563 -47
2564 -46
2565 -45
2566 -44
2567 -43
2568 -42
2569 -41
2570 -40
2571 -39
2572 -38
2573 -37
2574 -36
2575 -35
2576 -34
2577 -33
2578 -32
2579 -31
2580 -30
2581 -29
2582 -27
2583 -25
2584 -23
2585 -21
2586 -19
2587 -17
2588 -15
2589 -13
2590 -11
2591 -9
2592 -7
2593 -5
2594 -3
2595 -1
2596 1
2597 3
2598 5
2599 7
2600 9
2601 11
2602 13
2603 15
2604 17
2605 19
2606 21
2607 23
2608 25
2609 27
2610 29
2611 31
2612 32
2613 33
2614 34
2615 35
2616 36
2617 37
2618 38
2619 39
2620 40
2621 41
2622 42
2623 43
2624 44
2625 45
2626 46
2627 47
2628 48
2629 49
2630 50
2631 51
2632 52
2633 53
2634 54
2635 55
2636 56
2637 57
2638 58
2639 59
2640 60
2641 59
2642 58
2643 57
2644 56
2645 55
2646 54
2647 53
2648 52
2649 51
2650 50
2651 49
2652 48
2653 47
2654 46
2655 45
2656 44
2657 43
2658 42
2659 41
2660 40
2661 39
2662 38
2663 37
2664 36
2665 35
2666 34
2667 33
2668 32
2669 31
2670 30
2671 28
2672 26
2673 24
2674 22
2675 20
2676 18
2677 16
2678 14
2679 12
2680 10
2681 8
2682 6
2683 4
2684 2
2685 0
2686 -2
2687 -4
2688 -6
2689 -8
2690 -10
2691 -12
2692 -14
2693 -16
2694 -18
2695 -20
2696 -22
2697 -24
2698 -26
2699 -28
2700 -30
2701 -31
2702 -32
2703 -33
2704 -34
2705 -35
2706 -36
2707 -37
2708 -38
2709 -39
2710 -40
2711 -41
2712 -42
2713 -43
2714 -44
2715 -45
2716 -46
2717 -47
2718 -48
2719 -49
2720 -50
2721 -51
2722 -52
2723 -53
2724 -54
2725 -55
2726 -56
2727 -57
2728 -58
2729 -59
2730 -60
2731 -59
2732 -58
2733 -57
2734 -56
2735 -55
2736 -54
2737 -53
2738 -52
2739 -51
2740 -50
2741 -49
2742 -48
2743 -47
2744 -46
2745 -45
2746 -44
2747 -43
2748 -42
2749 -41
2750 -40
2751 -39
2752 -38
2753 -37
2754 -36
2755 -35
2756 -34
2757 -33
2758 -32
2759 -31
2760 -30
2761 -28
2762 -26
2763 -24
2764 -22
2765 -20
2766 -18
2767 -16
2768 -14
2769 -12
2770 -10
2771 -8
2772 -6
2773 -4
2774 -2
2775 0
2776 2
2777 4
2778 6
2779 8
2780 10
2781 12
2782 14
2783 16
2784 18
2785 20
2786 22
2787 24
2788 26
2789 28
2790 30
2791 32
2792 33
2793 34
2794 35
2795 36
2796 37
2797 38
2798 39
2799 40
2800 41
2801 42
2802 43
2803 44
2804 45
2805 46
2806 47
2807 48
2808 49
2809 50
2810 51
2811 52
2812 53
2813 54
2814 55
2815 56
2816 57
2817 58
2818 59
2819 60
2820 61
2821 62
2822 61
2823 60
2824 59
2825 58
2826 57
2827 56
2828 55
2829 54
2830 53
2831 52
2832 51
2833 50
2834 49
2835 48
2836 47
2837 46
2838 45
2839 44
2840 43
2841 42
2842 41
2843 40
2844 39
2845 38
2846 37
2847 36
2848 35
2849 34
2850 33
2851 32
2852 31
2853 29
2854 27
2855 25
2856 23
2857 21
2858 19
2859 17
2860 15
2861 13
2862 11
2863 9
2864 7
2865 5
2866 3
2867 1
2868 -1
2869 -3
2870 -5
2871 -7
2872 -9
2873 -11
2874 -13
2875 -15
2876 -17
2877 -19
2878 -21
2879 -23
2880 -25
2881 -27
2882 -29
2883 -31
2884 -32
2885 -33
2886 -34
2887 -35
2888 -36
2889 -37
2890 -38
2891 -39
2892 -40
2893 -41
2894 -42
2895 -43
2896 -44
2897 -45
2898 -46
2899 -47
2900 -48
2901 -49
2902 -50
2903 -51
2904 -52
2905 -53
2906 -54
2907 -55
2908 -56
2909 -57
2910 -58
2911 -59
2912 -60
2913 -61
2914 -62
2915 -61
2916 -60
2917 -59
2918 -58
2919 -57
2920 -56
2921 -55
2922 -54
2923 -53
2924 -52
2925 -51
2926 -50
2927 -49
2928 -48
2929 -47
2930 -46
2931 -45
2932 -44
2933 -43
2934 -42
2935 -41
2936 -40
2937 -39
2938 -38
2939 -37
2940 -36
2941 -35
2942 -34
2943 -33
2944 -32
2945 -31
2946 -29
2947 -27
2948 -25
2949 -23
2950 -21
2951 -19
2952 -17
2953 -15
2954 -13
2955 -11
2956 -9
2957 -7
2958 -5
2959 -3
2960 -1
2961 1
2962 3
2963 5
2964 7
2965 9
2966 11
2967 13
2968 15
2969 17
2970 19
2971 21
2972 23
2973 25
2974 27
2975 29
2976 31
2977 33
2978 34
2979 35
2980 36
2981 37
2982 38
2983 39
2984 40
2985 41
2986 42
2987 43
2988 44
2989 45
2990 46
2991 47
2992 48
2993 49
2994 50
2995 51
2996 52
2997 53
2998 54
2999 55
3000 56
3001 57
3002 58
3003 59
3004 60
3005 61
3006 62
3007 63
3008 64
3009 63
3010 62
3011 61
3012 60
3013 59
3014 58
3015 57
3016 56
3017 55
3018 54
3019 53
3020 52
3021 51
3022 50
3023 49
3024 48
3025 47
3026 46
3027 45
3028 44
3029 43
3030 42
3031 41
3032 40
3033 39
3034 38
3035 37
3036 36
3037 35
3038 34
3039 33
3040 32
3041 30
3042 28
3043 26
3044 24
3045 22
3046 20
3047 18
3048 16
3049 14
3050 12
3051 10
3052 8
3053 6
3054 4
3055 2
3056 0
3057 -2
3058 -4
3059 -6
3060 -8
3061 -10
3062 -12
3063 -14
3064 -16
3065 -18
3066 -20
3067 -22
3068 -24
3069 -26
3070 -28
3071 -30
3072 -32
3073 -33
3074 -34
3075 -35
3076 -36
3077 -37
3078 -38
3079 -39
3080 -40
3081 -41
3082 -42
3083 -43
3084 -44
3085 -45
3086 -46
3087 -47
3088 -48
3089 -49
3090 -50
3091 -51
3092 -52
3093 -53
3094 -54
3095 -55
3096 -56
3097 -57
3098 -58
3099 -59
3100 -60
3101 -61
3102 -62
3103 -63
3104 -64
3105 -63
3106 -62
3107 -61
3108 -60
3109 -59
3110 -58
3111 -57
3112 -56
3113 -55
3114 -54
3115 -53
3116 -52
3117 -51
3118 -50
3119 -49
3120 -48
3121 -47
3122 -46
3123 -45
3124 -44
3125 -43
3126 -42
3127 -41
3128 -40
3129 -39
3130 -38
3131 -37
3132 -36
3133 -35
3134 -34
3135 -33
3136 -32
3137 -30
3138 -28
3139 -26
3140 -24
3141 -22
3142 -20
3143 -18
3144 -16
3145 -14
3146 -12
3147 -10
3148 -8
3149 -6
3150 -4
3151 -2
3152 0
3153 2
3154 4
3155 6
3156 8
3157 10
3158 12
3159 14
3160 16
3161 18
3162 20
3163 22
3164 24
3165 26
3166 28
3167 30
3168 32
3169 34
3170 35
3171 36
3172 37
3173 38
3174 39
3175 40
3176 41
3177 42
3178 43
3179 44
3180 45
3181 46
3182 47
3183 48
3184 49
3185 50
3186 51
3187 52
3188 53
3189 54
3190 55
3191 56
3192 57
3193 58
3194 59
3195 60
3196 61
3197 62
3198 63
3199 64
3200 65
3201 66
3202 65
3203 64
3204 63
3205 62
3206 61
3207 60
3208 59
3209 58
3210 57
3211 56
3212 55
3213 54
3214 53
3215 52
3216 51
3217 50
3218 49
3219 48
3220 47
3221 46
3222 45
3223 44
3224 43
3225 42
3226 41
3227 40
3228 39
3229 38
3230 37
3231 36
3232 35
3233 34
3234 33
3235 31
3236 29
3237 27
3238 25
3239 23
3240 21
3241 19
3242 17
3243 15
3244 13
3245 11
3246 9
3247 7
3248 5
3249 3
3250 1
3251 -1
3252 -3
3253 -5
3254 -7
3255 -9
3256 -11
3257 -13
3258 -15
3259 -17
3260 -19
3261 -21
3262 -23
3263 -25
3264 -27
3265 -29
3266 -31
3267 -33
3268 -34
3269 -35
3270 -36
3271 -37
3272 -38
3273 -39
3274 -40
3275 -41
3276 -42
3277 -43
3278 -44
3279 -45
3280 -46
3281 -47
3282 -48
3283 -49
3284 -50
3285 -51
3286 -52
3287 -53
3288 -54
3289 -55
3290 -56
3291 -57
3292 -58
3293 -59
3294 -60
3295 -61
3296 -62
3297 -63
3298 -64
3299 -65
3300 -66
3301 -65
3302 -64
3303 -63
3304 -62
3305 -61
3306 -60
3307 -59
3308 -58
3309 -57
3310 -56
3311 -55
3312 -54
3313 -53
3314 -52
3315 -51
3316 -50
3317 -49
3318 -48
3319 -47
3320 -46
3321 -45
3322 -44
3323 -43
3324 -42
3325 -41
3326 -40
3327 -39
3328 -38
3329 -37
3330 -36
3331 -35
3332 -34
3333 -33
3334 -31
3335 -29
3336 -27
3337 -25
3338 -23
3339 -21
3340 -19
3341 -17
3342 -15
3343 -13
3344 -11
3345 -9
3346 -7
3347 -5
3348 -3
3349 -1
3350 1
3351 3
3352 5
3353 7
3354 9
3355 11
3356 13
3357 15
3358 17
3359 19
3360 21
3361 23
3362 25
3363 27
3364 29
3365 31
3366 33
3367 35
3368 36
3369 37
3370 38
3371 39
3372 40
3373 41
3374 42
3375 43
3376 44
3377 45
3378 46
3379 47
3380 48
3381 49
3382 50
3383 51
3384 52
3385 53
3386 54
3387 55
3388 56
3389 57
3390 58
3391 59
3392 60
3393 61
3394 62
3395 63
3396 64
3397 65
3398 66
3399 67
3400 68
3401 67
3402 66
3403 65
3404 64
3405 63
3406 62
3407 61
3408 60
3409 59
3410 58
3411 57
3412 56
3413 55
3414 54
3415 53
3416 52
3417 51
3418 50
3419 49
3420 48
3421 47
3422 46
3423 45
3424 44
3425 43
3426 42
3427 41
3428 40
3429 39
3430 38
3431 37
3432 36
3433 35
3434 34
3435 32
3436 30
3437 28
3438 26
3439 24
3440 22
3441 20
3442 18
3443 16
3444 14
3445 12
3446 10
3447 8
3448 6
3449 4
3450 2
3451 0
3452 -2
3453 -4
3454 -6
3455 -8
3456 -10
3457 -12
3458 -14
3459 -16
3460 -18
3461 -20
3462 -22
3463 -24
3464 -26
3465 -28
3466 -30
3467 -32
3468 -34
3469 -35
3470 -36
3471 -37
3472 -38
3473 -39
3474 -40
3475 -41
3476 -42
3477 -43
3478 -44
3479 -45
3480 -46
3481 -47
3482 -48
3483 -49
3484 -50
3485 -51
3486 -52
3487 -53
3488 -54
3489 -55
3490 -56
3491 -57
3492 -58
3493 -59
3494 -60
3495 -61
3496 -62
3497 -63
3498 -64
3499 -65
3500 -66
3501 -67
3502 -68
3503 -67
3504 -66
3505 -65
3506 -64
3507 -63
3508 -62
3509 -61
3510 -60
3511 -59
3512 -58
3513 -57
3514 -56
3515 -55
3516 -54
3517 -53
3518 -52
3519 -51
3520 -50
3521 -49
3522 -48
3523 -47
3524 -46
3525 -45
3526 -44
3527 -43
3528 -42
3529 -41
3530 -40
3531 -39
3532 -38
3533 -37
3534 -36
3535 -35
3536 -34
3537 -32
3538 -30
3539 -28
3540 -26
3541 -24
3542 -22
3543 -20
3544 -18
3545 -16
3546 -14
3547 -12
3548 -10
3549 -8
3550 -6
3551 -4
3552 -2
3553 0
3554 2
3555 4
3556 6
3557 8
3558 10
3559 12
3560 14
3561 16
3562 18
3563 20
3564 22
3565 24
3566 26
3567 28
3568 30
3569 32
3570 34
3571 36
3572 37
3573 38
3574 39
3575 40
3576 41
3577 42
3578 43
3579 44
3580 45
3581 46
3582 47
3583 48
3584 49
3585 50
3586 51
3587 52
3588 53
3589 54
3590 55
3591 56
3592 57
3593 58
3594 59
3595 60
3596 61
3597 62
3598 63
3599 64
3600 65
3601 66
3602 67
3603 68
3604 69
3605 70
3606 69
3607 68
3608 67
3609 66
3610 65
3611 64
3612 63
3613 62
3614 61
3615 60
3616 59
3617 58
3618 57
3619 56
3620 55
3621 54
3622 53
3623 52
3624 51
3625 50
3626 49
3627 48
3628 47
3629 46
3630 45
3631 44
3632 43
3633 42
3634 41
3635 40
3636 39
3637 38
3638 37
3639 36
3640 35
3641 33
3642 31
3643 29
3644 27
3645 25
3646 23
3647 21
3648 19
3649 17
3650 15
3651 13
3652 11
3653 9
3654 7
3655 5
3656 3
3657 1
3658 -1
3659 -3
3660 -5
3661 -7
3662 -9
3663 -11
3664 -13
3665 -15
3666 -17
3667 -19
3668 -21
3669 -23
3670 -25
3671 -27
3672 -29
3673 -31
3674 -33
3675 -35
3676 -36
3677 -37
3678 -38
3679 -39
3680 -40
3681 -41
3682 -42
3683 -43
3684 -44
3685 -45
3686 -46
3687 -47
3688 -48
3689 -49
3690 -50
3691 -51
3692 -52
3693 -53
3694 -54
3695 -55
3696 -56
3697 -57
3698 -58
3699 -59
3700 -60
3701 -61
3702 -62
3703 -63
3704 -64
3705 -65
3706 -66
3707 -67
3708 -68
3709 -69
3710 -70
3711 -69
3712 -68
3713 -67
3714 -66
3715 -65
3716 -64
3717 -63
3718 -62
3719 -61
3720 -60
3721 -59
3722 -58
3723 -57
3724 -56
3725 -55
3726 -54
3727 -53
3728 -52
3729 -51
3730 -50
3731 -49
3732 -48
3733 -47
3734 -46
3735 -45
3736 -44
3737 -43
3738 -42
3739 -41
3740 -40
3741 -39
3742 -38
3743 -37
3744 -36
3745 -35
3746 -33
3747 -31
3748 -29
3749 -27
3750 -25
3751 -23
3752 -21
3753 -19
3754 -17
3755 -15
3756 -13
3757 -11
3758 -9
3759 -7
3760 -5
3761 -3
3762 -1
3763 1
3764 3
3765 5
3766 7
3767 9
3768 11
3769 13
3770 15
3771 17
3772 19
3773 21
3774 23
3775 25
3776 27
3777 29
3778 31
3779 33
3780 35
3781 37
3782 38
3783 39
3784 40
3785 41
3786 42
3787 43
3788 44
3789 45
3790 46
3791 47
3792 48
3793 49
3794 50
3795 51
3796 52
3797 53
3798 54
3799 55
3800 56
3801 57
3802 58
3803 59
3804 60
3805 61
3806 62
3807 63
3808 64
3809 65
3810 66
3811 67
3812 68
3813 69
3814 70
3815 71
3816 72
3817 71
3818 70
3819 69
3820 68
3821 67
3822 66
3823 65
3824 64
3825 63
3826 62
3827 61
3828 60
3829 59
3830 58
3831 57
3832 56
3833 55
3834 54
3835 53
3836 52
3837 51
3838 50
3839 49
3840 48
3841 47
3842 46
3843 45
3844 44
3845 43
3846 42
3847 41
3848 40
3849 39
3850 38
3851 37
3852 36
3853 34
3854 32
3855 30
3856 28
3857 26
3858 24
3859 22
3860 20
3861 18
3862 16
3863 14
3864 12
3865 10
3866 8
3867 6
3868 4
3869 2
3870 0
3871 -2
3872 -4
3873 -6
3874 -8
3875 -10
3876 -12
3877 -14
3878 -16
3879 -18
3880 -20
3881 -22
3882 -24
3883 -26
3884 -28
3885 -30
3886 -32
3887 -34
3888 -36
3889 -37
3890 -38
3891 -39
3892 -40
3893 -41
3894 -42
3895 -43
3896 -44
3897 -45
3898 -46
3899 -47
3900 -48
3901 -49
3902 -50
3903 -51
3904 -52
3905 -53
3906 -54
3907 -55
3908 -56
3909 -57
3910 -58
3911 -59
3912 -60
3913 -61
3914 -62
3915 -63
3916 -64
3917 -65
3918 -66
3919 -67
3920 -68
3921 -69
3922 -70
3923 -71
3924 -72
3925 -71
3926 -70
3927 -69
3928 -68
3929 -67
3930 -66
3931 -65
3932 -64
3933 -63
3934 -62
3935 -61
3936 -60
3937 -59
3938 -58
3939 -57
3940 -56
3941 -55
3942 -54
3943 -53
3944 -52
3945 -51
3946 -50
3947 -49
3948 -48
3949 -47
3950 -46
3951 -45
3952 -44
3953 -43
3954 -42
3955 -41
3956 -40
3957 -39
3958 -38
3959 -37
3960 -36
3961 -34
3962 -32
3963 -30
3964 -28
3965 -26
3966 -24
3967 -22
3968 -20
3969 -18
3970 -16
3971 -14
3972 -12
3973 -10
3974 -8
3975 -6
3976 -4
3977 -2
3978 0
3979 2
3980 4
3981 6
3982 8
3983 10
3984 12
3985 14
3986 16
3987 18
3988 20
3989 22
3990 24
3991 26
3992 28
3993 30
3994 32
3995 34
3996 36
3997 38
3998 39
3999 40
4000 41
4001 42
4002 43
4003 44
4004 45
4005 46
4006 47
4007 48
4008 49
4009 50
4010 51
4011 52
4012 53
4013 54
4014 55
4015 56
4016 57
4017 58
4018 59
4019 60
4020 61
4021 62
4022 63
4023 64
4024 65
4025 66
4026 67
4027 68
4028 69
4029 70
4030 71
4031 72
4032 73
4033 74
4034 73
4035 72
4036 71
4037 70
4038 69
4039 68
4040 67
4041 66
4042 65
4043 64
4044 63
4045 62
4046 61
4047 60
4048 59
4049 58
4050 57
4051 56
4052 55
4053 54
4054 53
4055 52
4056 51
4057 50
4058 49
4059 48
4060 47
4061 46
4062 45
4063 44
4064 43
4065 42
4066 41
4067 40
4068 39
4069 38
4070 37
4071 35
4072 33
4073 31
4074 29
4075 27
4076 25
4077 23
4078 21
4079 19
4080 17
4081 15
4082 13
4083 11
4084 9
4085 7
4086 5
4087 3
4088 1
4089 -1
4090 -3
4091 -5
4092 -7
4093 -9
4094 -11
4095 -13
4096 -15
4097 -17
4098 -19
4099 -21
4100 -23
4101 -25
4102 -27
4103 -29
4104 -31
4105 -33
4106 -35
4107 -37
4108 -38
4109 -39
4110 -40
4111 -41
4112 -42
4113 -43
4114 -44
4115 -45
4116 -46
4117 -47
4118 -48
4119 -49
4120 -50
4121 -51
4122 -52
4123 -53
4124 -54
4125 -55
4126 -56
4127 -57
4128 -58
4129 -59
4130 -60
4131 -61
4132 -62
4133 -63
4134 -64
4135 -65
4136 -66
4137 -67
4138 -68
4139 -69
4140 -70
4141 -71
4142 -72
4143 -73
4144 -74
4145 -73
4146 -72
4147 -71
4148 -70
4149 -69
4150 -68
4151 -67
4152 -66
4153 -65
4154 -64
4155 -63
4156 -62
4157 -61
4158 -60
4159 -59
4160 -58
4161 -57
4162 -56
4163 -55
4164 -54
4165 -53
4166 -52
4167 -51
4168 -50
4169 -49
4170 -48
4171 -47
4172 -46
4173 -45
4174 -44
4175 -43
4176 -42
4177 -41
4178 -40
4179 -39
4180 -38
4181 -37
4182 -35
4183 -33
4184 -31
4185 -29
4186 -27
4187 -25
4188 -23
4189 -21
4190 -19
4191 -17
4192 -15
4193 -13
4194 -11
4195 -9
4196 -7
4197 -5
4198 -3
4199 -1
4200 1
4201 3
4202 5
4203 7
4204 9
4205 11
4206 13
4207 15
4208 17
4209 19
4210 21
4211 23
4212 25
4213 27
4214 29
4215 31
4216 33
4217 35
4218 37
4219 39
4220 40
4221 41
4222 42
4223 43
4224 44
4225 45
4226 46
4227 47
4228 48
4229 49
4230 50
4231 51
4232 52
4233 53
4234 54
4235 55
4236 56
4237 57
4238 58
4239 59
4240 60
4241 61
4242 62
4243 63
4244 64
4245 65
4246 66
4247 67
4248 68
4249 69
4250 70
4251 71
4252 72
4253 73
4254 74
4255 75
4256 76
4257 75
4258 74
4259 73
4260 72
4261 71
4262 70
4263 69
4264 68
4265 67
4266 66
4267 65
4268 64
4269 63
4270 62
4271 61
4272 60
4273 59
4274 58
4275 57
4276 56
4277 55
4278 54
4279 53
4280 52
4281 51
4282 50
4283 49
4284 48
4285 47
4286 46
4287 45
4288 44
4289 43
4290 42
4291 41
4292 40
4293 39
4294 38
4295 36
4296 34
4297 32
4298 30
4299 28
4300 26
4301 24
4302 22
4303 20
4304 18
4305 16
4306 14
4307 12
4308 10
4309 8
4310 6
4311 4
4312 2
4313 0
4314 -2
4315 -4
4316 -6
4317 -8
4318 -10
4319 -12
4320 -14
4321 -16
4322 -18
4323 -20
4324 -22
4325 -24
4326 -26
4327 -28
4328 -30
4329 -32
4330 -34
4331 -36
4332 -38
4333 -39
4334 -40
4335 -41
4336 -42
4337 -43
4338 -44
4339 -45
4340 -46
4341 -47
4342 -48
4343 -49
4344 -50
4345 -51
4346 -52
4347 -53
4348 -54
4349 -55
4350 -56
4351 -57
4352 -58
4353 -59
4354 -60
4355 -61
4356 -62
4357 -63
4358 -64
4359 -65
4360 -66
4361 -67
4362 -68
4363 -69
4364 -70
4365 -71
4366 -72
4367 -73
4368 -74
4369 -75
4370 -76
4371 -75
4372 -74
4373 -73
4374 -72
4375 -71
4376 -70
4377 -69
4378 -68
4379 -67
4380 -66
4381 -65
4382 -64
4383 -63
4384 -62
4385 -61
4386 -60
4387 -59
4388 -58
4389 -57
4390 -56
4391 -55
4392 -54
4393 -53
4394 -52
4395 -51
4396 -50
4397 -49
4398 -48
4399 -47
4400 -46
4401 -45
4402 -44
4403 -43
4404 -42
4405 -41
4406 -40
4407 -39
4408 -38
4409 -36
4410 -34
4411 -32
4412 -30
4413 -28
4414 -26
4415 -24
4416 -22
4417 -20
4418 -18
4419 -16
4420 -14
4421 -12
4422 -10
4423 -8
4424 -6
4425 -4
4426 -2
4427 0
4428 2
4429 4
4430 6
4431 8
4432 10
4433 12
4434 14
4435 16
4436 18
4437 20
4438 22
4439 24
4440 26
4441 28
4442 30
4443 32
4444 34
4445 36
4446 38
4447 40
4448 41
4449 42
4450 43
4451 44
4452 45
4453 46
4454 47
4455 48
4456 49
4457 50
4458 51
4459 52
4460 53
4461 54
4462 55
4463 56
4464 57
4465 58
4466 59
4467 60
4468 61
4469 62
4470 63
4471 64
4472 65
4473 66
4474 67
4475 68
4476 69
4477 70
4478 71
4479 72
4480 73
4481 74
4482 75
4483 76
4484 77
4485 78
4486 77
4487 76
4488 75
4489 74
4490 73
4491 72
4492 71
4493 70
4494 69
4495 68
4496 67
4497 66
4498 65
4499 64
4500 63
4501 62
4502 61
4503 60
4504 59
4505 58
4506 57
4507 56
4508 55
4509 54
4510 53
4511 52
4512 51
4513 50
4514 49
4515 48
4516 47
4517 46
4518 45
4519 44
4520 43
4521 42
4522 41
4523 40
4524 39
4525 37
4526 35
4527 33
4528 31
4529 29
4530 27
4531 25
4532 23
4533 21
4534 19
4535 17
4536 15
4537 13
4538 11
4539 9
4540 7
4541 5
4542 3
4543 1
4544 -1
4545 -3
4546 -5
4547 -7
4548 -9
4549 -11
4550 -13
4551 -15
4552 -17
4553 -19
4554 -21
4555 -23
4556 -25
4557 -27
4558 -29
4559 -31
4560 -33
4561 -35
4562 -37
4563 -39
4564 -40
4565 -41
4566 -42
4567 -43
4568 -44
4569 -45
4570 -46
4571 -47
4572 -48
4573 -49
4574 -50
4575 -51
4576 -52
4577 -53
4578 -54
4579 -55
4580 -56
4581 -57
4582 -58
4583 -59
4584 -60
4585 -61
4586 -62
4587 -63
4588 -64
4589 -65
4590 -66
4591 -67
4592 -68
4593 -69
4594 -70
4595 -71
4596 -72
4597 -73
4598 -74
4599 -75
4600 -76
4601 -77
4602 -78
4603 -77
4604 -76
4605 -75
4606 -74
4607 -73
4608 -72
4609 -71
4610 -70
4611 -69
4612 -68
4613 -67
4614 -66
4615 -65
4616 -64
4617 -63
4618 -62
4619 -61
4620 -60
4621 -59
4622 -58
4623 -57
4624 -56
4625 -55
4626 -54
4627 -53
4628 -52
4629 -51
4630 -50
4631 -49
4632 -48
4633 -47
4634 -46
4635 -45
4636 -44
4637 -43
4638 -42
4639 -41
4640 -40
4641 -39
4642 -37
4643 -35
4644 -33
4645 -31
4646 -29
4647 -27
4648 -25
4649 -23
4650 -21
4651 -19
4652 -17
4653 -15
4654 -13
4655 -11
4656 -9
4657 -7
4658 -5
4659 -3
4660 -1
4661 1
4662 3
4663 5
4664 7
4665 9
4666 11
4667 13
4668 15
4669 17
4670 19
4671 21
4672 23
4673 25
4674 27
4675 29
4676 31
4677 33
4678 35
4679 37
4680 39
4681 41
4682 42
4683 43
4684 44
4685 45
4686 46
4687 47
4688 48
4689 49
4690 50
4691 51
4692 52
4693 53
4694 54
4695 55
4696 56
4697 57
4698 58
4699 59
4700 60
4701 61
4702 62
4703 63
4704 64
4705 65
4706 66
4707 67
4708 68
4709 69
4710 70
4711 71
4712 72
4713 73
4714 74
4715 75
4716 76
4717 77
4718 78
4719 79
4720 80
4721 79
4722 78
4723 77
4724 76
4725 75
4726 74
4727 73
4728 72
4729 71
4730 70
4731 69
4732 68
4733 67
4734 66
4735 65
4736 64
4737 63
4738 62
4739 61
4740 60
4741 59
4742 58
4743 57
4744 56
4745 55
4746 54
4747 53
4748 52
4749 51
4750 50
4751 49
4752 48
4753 47
4754 46
4755 45
4756 44
4757 43
4758 42
4759 41
4760 40
4761 38
4762 36
4763 34
4764 32
4765 30
4766 28
4767 26
4768 24
4769 22
4770 20
4771 18
4772 16
4773 14
4774 12
4775 10
4776 8
4777 6
4778 4
4779 2
4780 0
4781 -2
4782 -4
4783 -6
4784 -8
4785 -10
4786 -12
4787 -14
4788 -16
4789 -18
4790 -20
4791 -22
4792 -24
4793 -26
4794 -28
4795 -30
4796 -32
4797 -34
4798 -36
4799 -38
4800 -40
4801 -41
4802 -42
4803 -43
4804 -44
4805 -45
4806 -46
4807 -47
4808 -48
4809 -49
4810 -50
4811 -51
4812 -52
4813 -53
4814 -54
4815 -55
4816 -56
4817 -57
4818 -58
4819 -59
4820 -60
4821 -61
4822 -62
4823 -63
4824 -64
4825 -65
4826 -66
4827 -67
4828 -68
4829 -69
4830 -70
4831 -71
4832 -72
4833 -73
4834 -74
4835 -75
4836 -76
4837 -77
4838 -78
4839 -79
4840 -80
4841 -79
4842 -78
4843 -77
4844 -76
4845 -75
4846 -74
4847 -73
4848 -72
4849 -71
4850 -70
4851 -69
4852 -68
4853 -67
4854 -66
4855 -65
4856 -64
4857 -63
4858 -62
4859 -61
4860 -60
4861 -59
4862 -58
4863 -57
4864 -56
4865 -55
4866 -54
4867 -53
4868 -52
4869 -51
4870 -50
4871 -49
4872 -48
4873 -47
4874 -46
4875 -45
4876 -44
4877 -43
4878 -42
4879 -41
4880 -40
4881 -38
4882 -36
4883 -34
4884 -32
4885 -30
4886 -28
4887 -26
4888 -24
4889 -22
4890 -20
4891 -18
4892 -16
4893 -14
4894 -12
4895 -10
4896 -8
4897 -6
4898 -4
4899 -2
4900 0
4901 2
4902 4
4903 6
4904 8
4905 10
4906 12
4907 14
4908 16
4909 18
4910 20
4911 22
4912 24
4913 26
4914 28
4915 30
4916 32
4917 34
4918 36
4919 38
4920 40
4921 42
4922 43
4923 44
4924 45
4925 46
4926 47
4927 48
4928 49
4929 50
4930 51
4931 52
4932 53
4933 54
4934 55
4935 56
4936 57
4937 58
4938 59
4939 60
4940 61
4941 62
4942 63
4943 64
4944 65
4945 66
4946 67
4947 68
4948 69
4949 70
4950 71
4951 72
4952 73
4953 74
4954 75
4955 76
4956 77
4957 78
4958 79
4959 80
4960 81
4961 82
4962 81
4963 80
4964 79
4965 78
4966 77
4967 76
4968 75
4969 74
4970 73
4971 72
4972 71
4973 70
4974 69
4975 68
4976 67
4977 66
4978 65
4979 64
4980 63
4981 62
4982 61
4983 60
4984 59
4985 58
4986 57
4987 56
4988 55
4989 54
4990 53
4991 52
4992 51
4993 50
4994 49
4995 48
4996 47
4997 46
4998 45
4999 44
5000 43
5001 42
5002 41
5003 39
5004 37
5005 35
5006 33
5007 31
5008 29
5009 27
5010 25
5011 23
5012 21
5013 19
5014 17
5015 15
5016 13
5017 11
5018 9
5019 7
5020 5
5021 3
5022 1
5023 -1
5024 -3
5025 -5
5026 -7
5027 -9
5028 -11
5029 -13
5030 -15
5031 -17
5032 -19
5033 -21
5034 -23
5035 -25
5036 -27
5037 -29
5038 -31
5039 -33
5040 -35
5041 -37
5042 -39
5043 -41
5044 -42
5045 -43
5046 -44
5047 -45
5048 -46
5049 -47
5050 -48
5051 -49
5052 -50
5053 -51
5054 -52
5055 -53
5056 -54
5057 -55
5058 -56
5059 -57
5060 -58
5061 -59
5062 -60
5063 -61
5064 -62
5065 -63
5066 -64
5067 -65
5068 -66
5069 -67
5070 -68
5071 -69
5072 -70
5073 -71
5074 -72
5075 -73
5076 -74
5077 -75
5078 -76
5079 -77
5080 -78
5081 -79
5082 -80
5083 -81
5084 -82
5085 -81
5086 -80
5087 -79
5088 -78
5089 -77
5090 -76
5091 -75
5092 -74
5093 -73
5094 -72
5095 -71
5096 -70
5097 -69
5098 -68
5099 -67
5100 -66
5101 -65
5102 -64
5103 -63
5104 -62
5105 -61
5106 -60
5107 -59
5108 -58
5109 -57
5110 -56
5111 -55
5112 -54
5113 -53
5114 -52
5115 -51
5116 -50
5117 -49
5118 -48
5119 -47
5120 -46
5121 -45
5122 -44
5123 -43
5124 -42
5125 -41
5126 -39
5127 -37
5128 -35
5129 -33
5130 -31
5131 -29
5132 -27
5133 -25
5134 -23
5135 -21
5136 -19
5137 -17
5138 -15
5139 -13
5140 -11
5141 -9
5142 -7
5143 -5
5144 -3
5145 -1
5146 1
5147 3
5148 5
5149 7
5150 9
5151 11
5152 13
5153 15
5154 17
5155 19
5156 21
5157 23
5158 25
5159 27
5160 29
5161 31
5162 33
5163 35
5164 37
5165 39
5166 41
5167 43
5168 44
5169 45
5170 46
5171 47
5172 48
5173 49
5174 50
5175 51
5176 52
5177 53
5178 54
5179 55
5180 56
5181 57
5182 58
5183 59
5184 60
5185 61
5186 62
5187 63
5188 64
5189 65
5190 66
5191 67
5192 68
5193 69
5194 70
5195 71
5196 72
5197 73
5198 74
5199 75
5200 76
5201 77
5202 78
5203 79
5204 80
5205 81
5206 82
5207 83
5208 84
5209 83
5210 82
5211 81
5212 80
5213 79
5214 78
5215 77
5216 76
5217 75
5218 74
5219 73
5220 72
5221 71
5222 70
5223 69
5224 68
5225 67
5226 66
5227 65
5228 64
5229 63
5230 62
5231 61
5232 60
5233 59
5234 58
5235 57
5236 56
5237 55
5238 54
5239 53
5240 52
5241 51
5242 50
5243 49
5244 48
5245 47
5246 46
5247 45
5248 44
5249 43
5250 42
5251 40
5252 38
5253 36
5254 34
5255 32
5256 30
5257 28
5258 26
5259 24
5260 22
5261 20
5262 18
5263 16
5264 14
5265 12
5266 10
5267 8
5268 6
5269 4
5270 2
5271 0
5272 -2
5273 -4
5274 -6
5275 -8
5276 -10
5277 -12
5278 -14
5279 -16
5280 -18
5281 -20
5282 -22
5283 -24
5284 -26
5285 -28
5286 -30
5287 -32
5288 -34
5289 -36
5290 -38
5291 -40
5292 -42
5293 -43
5294 -44
5295 -45
5296 -46
5297 -47
5298 -48
5299 -49
5300 -50
5301 -51
5302 -52
5303 -53
5304 -54
5305 -55
5306 -56
5307 -57
5308 -58
5309 -59
5310 -60
5311 -61
5312 -62
5313 -63
5314 -64
5315 -65
5316 -66
5317 -67
5318 -68
5319 -69
5320 -70
5321 -71
5322 -72
5323 -73
5324 -74
5325 -75
5326 -76
5327 -77
5328 -78
5329 -79
5330 -80
5331 -81
5332 -82
5333 -83
5334 -84
5335 -83
5336 -82
5337 -81
5338 -80
5339 -79
5340 -78
5341 -77
5342 -76
5343 -75
5344 -74
5345 -73
5346 -72
5347 -71
5348 -70
5349 -69
5350 -68
5351 -67
5352 -66
5353 -65
5354 -64
5355 -63
5356 -62
5357 -61
5358 -60
5359 -59
5360 -58
5361 -57
5362 -56
5363 -55
5364 -54
5365 -53
5366 -52
5367 -51
5368 -50
5369 -49
5370 -48
5371 -47
5372 -46
5373 -45
5374 -44
5375 -43
5376 -42
5377 -40
5378 -38
5379 -36
5380 -34
5381 -32
5382 -30
5383 -28
5384 -26
5385 -24
5386 -22
5387 -20
5388 -18
5389 -16
5390 -14
5391 -12
5392 -10
5393 -8
5394 -6
5395 -4
5396 -2
5397 0
5398 2
5399 4
5400 6
5401 8
5402 10
5403 12
5404 14
5405 16
5406 18
5407 20
5408 22
5409 24
5410 26
5411 28
5412 30
5413 32
5414 34
5415 36
5416 38
5417 40
5418 42
5419 44
5420 45
5421 46
5422 47
5423 48
5424 49
5425 50
5426 51
5427 52
5428 53
5429 54
5430 55
5431 56
5432 57
5433 58
5434 59
5435 60
5436 61
5437 62
5438 63
5439 64
5440 65
5441 66
5442 67
5443 68
5444 69
5445 70
5446 71
5447 72
5448 73
5449 74
5450 75
5451 76
5452 77
5453 78
5454 79
5455 80
5456 81
5457 82
5458 83
5459 84
5460 85
5461 86
5462 85
5463 84
5464 83
5465 82
5466 81
5467 80
5468 79
5469 78
5470 77
5471 76
5472 75
5473 74
5474 73
5475 72
5476 71
5477 70
5478 69
5479 68
5480 67
5481 66
5482 65
5483 64
5484 63
5485 62
5486 61
5487 60
5488 59
5489 58
5490 57
5491 56
5492 55
5493 54
5494 53
5495 52
5496 51
5497 50
5498 49
5499 48
5500 47
5501 46
5502 45
5503 44
5504 43
5505 41
5506 39
5507 37
5508 35
5509 33
5510 31
5511 29
5512 27
5513 25
5514 23
5515 21
5516 19
5517 17
5518 15
5519 13
5520 11
5521 9
5522 7
5523 5
5524 3
5525 1
5526 -1
5527 -3
5528 -5
5529 -7
5530 -9
5531 -11
5532 -13
5533 -15
5534 -17
5535 -19
5536 -21
5537 -23
5538 -25
5539 -27
5540 -29
5541 -31
5542 -33
5543 -35
5544 -37
5545 -39
5546 -41
5547 -43
5548 -44
5549 -45
5550 -46
5551 -47
5552 -48
5553 -49
5554 -50
5555 -51
5556 -52
5557 -53
5558 -54
5559 -55
5560 -56
5561 -57
5562 -58
5563 -59
5564 -60
5565 -61
5566 -62
5567 -63
5568 -64
5569 -65
5570 -66
5571 -67
5572 -68
5573 -69
5574 -70
5575 -71
5576 -72
5577 -73
5578 -74
5579 -75
5580 -76
5581 -77
5582 -78
5583 -79
5584 -80
5585 -81
5586 -82
5587 -83
5588 -84
5589 -85
5590 -86
5591 -85
5592 -84
5593 -83
5594 -82
5595 -81
5596 -80
5597 -79
5598 -78
5599 -77
5600 -76
5601 -75
5602 -74
5603 -73
5604 -72
5605 -71
5606 -70
5607 -69
5608 -68
5609 -67
5610 -66
5611 -65
5612 -64
5613 -63
5614 -62
5615 -61
5616 -60
5617 -59
5618 -58
5619 -57
5620 -56
5621 -55
5622 -54
5623 -53
5624 -52
5625 -51
5626 -50
5627 -49
5628 -48
5629 -47
5630 -46
5631 -45
5632 -44
5633 -43
5634 -41
5635 -39
5636 -37
5637 -35
5638 -33
5639 -31
5640 -29
5641 -27
5642 -25
5643 -23
5644 -21
5645 -19
5646 -17
5647 -15
5648 -13
5649 -11
5650 -9
5651 -7
5652 -5
5653 -3
5654 -1
5655 1
5656 3
5657 5
5658 7
5659 9
5660 11
5661 13
5662 15
5663 17
5664 19
5665 21
5666 23
5667 25
5668 27
5669 29
5670 31
5671 33
5672 35
5673 37
5674 39
5675 41
5676 43
5677 45
5678 46
5679 47
5680 48
5681 49
5682 50
5683 51
5684 52
5685 53
5686 54
5687 55
5688 56
5689 57
5690 58
5691 59
5692 60
5693 61
5694 62
5695 63
5696 64
5697 65
5698 66
5699 67
5700 68
5701 69
5702 70
5703 71
5704 72
5705 73
5706 74
5707 75
5708 76
5709 77
5710 78
5711 79
5712 80
5713 81
5714 82
5715 83
5716 84
5717 85
5718 86
5719 87
5720 88
5721 87
5722 86
5723 85
5724 84
5725 83
5726 82
5727 81
5728 80
5729 79
5730 78
5731 77
5732 76
5733 75
5734 74
5735 73
5736 72
5737 71
5738 70
5739 69
5740 68
5741 67
5742 66
5743 65
5744 64
5745 63
5746 62
5747 61
5748 60
5749 59
5750 58
5751 57
5752 56
5753 55
5754 54
5755 53
5756 52
5757 51
5758 50
5759 49
5760 48
5761 47
5762 46
5763 45
5764 44
5765 42
5766 40
5767 38
5768 36
5769 34
5770 32
5771 30
5772 28
5773 26
5774 24
5775 22
5776 20
5777 18
5778 16
5779 14
5780 12
5781 10
5782 8
5783 6
5784 4
5785 2
5786 0
5787 -2
5788 -4
5789 -6
5790 -8
5791 -10
5792 -12
5793 -14
5794 -16
5795 -18
5796 -20
5797 -22
5798 -24
5799 -26
5800 -28
5801 -30
5802 -32
5803 -34
5804 -36
5805 -38
5806 -40
5807 -42
5808 -44
5809 -45
5810 -46
5811 -47
5812 -48
5813 -49
5814 -50
5815 -51
5816 -52
5817 -53
5818 -54
5819 -55
5820 -56
5821 -57
5822 -58
5823 -59
5824 -60
5825 -61
5826 -62
5827 -63
5828 -64
5829 -65
5830 -66
5831 -67
5832 -68
5833 -69
5834 -70
5835 -71
5836 -72
5837 -73
5838 -74
5839 -75
5840 -76
5841 -77
5842 -78
5843 -79
5844 -80
5845 -81
5846 -82
5847 -83
5848 -84
5849 -85
5850 -86
5851 -87
5852 -88
5853 -87
5854 -86
5855 -85
5856 -84
5857 -83
5858 -82
5859 -81
5860 -80
5861 -79
5862 -78
5863 -77
5864 -76
5865 -75
5866 -74
5867 -73
5868 -72
5869 -71
5870 -70
5871 -69
5872 -68
5873 -67
5874 -66
5875 -65
5876 -64
5877 -63
5878 -62
5879 -61
5880 -60
5881 -59
5882 -58
5883 -57
5884 -56
5885 -55
5886 -54
5887 -53
5888 -52
5889 -51
5890 -50
5891 -49
5892 -48
5893 -47
5894 -46
5895 -45
5896 -44
5897 -42
5898 -40
5899 -38
5900 -36
5901 -34
5902 -32
5903 -30
5904 -28
5905 -26
5906 -24
5907 -22
5908 -20
5909 -18
5910 -16
5911 -14
5912 -12
5913 -10
5914 -8
5915 -6
5916 -4
5917 -2
5918 0
5919 2
5920 4
5921 6
5922 8
5923 10
5924 12
5925 14
5926 16
5927 18
5928 20
5929 22
5930 24
5931 26
5932 28
5933 30
5934 32
5935 34
5936 36
5937 38
5938 40
5939 42
5940 44
5941 46
5942 47
5943 48
5944 49
5945 50
5946 51
5947 52
5948 53
5949 54
5950 55
5951 56
5952 57
5953 58
5954 59
5955 60
5956 61
5957 62
5958 63
5959 64
5960 65
5961 66
5962 67
5963 68
5964 69
5965 70
5966 71
5967 72
5968 73
5969 74
5970 75
5971 76
5972 77
5973 78
5974 79
5975 80
5976 81
5977 82
5978 83
5979 84
5980 85
5981 86
5982 87
5983 88
5984 89
5985 90
5986 89
5987 88
5988 87
5989 86
5990 85
5991 84
5992 83
5993 82
5994 81
5995 80
5996 79
5997 78
5998 77
5999 76
6000 75
6001 74
6002 73
6003 72
6004 71
6005 70
6006 69
6007 68
6008 67
6009 66
6010 65
6011 64
6012 63
6013 62
6014 61
6015 60
6016 59
6017 58
6018 57
6019 56
6020 55
6021 54
6022 53
6023 52
6024 51
6025 50
6026 49
6027 48
6028 47
6029 46
6030 45
6031 43
6032 41
6033 39
6034 37
6035 35
6036 33
6037 31
6038 29
6039 27
6040 25
6041 23
6042 21
6043 19
6044 17
6045 15
6046 13
6047 11
6048 9
6049 7
6050 5
6051 3
6052 1
6053 -1
6054 -3
6055 -5
6056 -7
6057 -9
6058 -11
6059 -13
6060 -15
6061 -17
6062 -19
6063 -21
6064 -23
6065 -25
6066 -27
6067 -29
6068 -31
6069 -33
6070 -35
6071 -37
6072 -39
6073 -41
6074 -43
6075 -45
6076 -46
6077 -47
6078 -48
6079 -49
6080 -50
6081 -51
6082 -52
6083 -53
6084 -54
6085 -55
6086 -56
6087 -57
6088 -58
6089 -59
6090 -60
6091 -61
6092 -62
6093 -63
6094 -64
6095 -65
6096 -66
6097 -67
6098 -68
6099 -69
6100 -70
6101 -71
6102 -72
6103 -73
6104 -74
6105 -75
6106 -76
6107 -77
6108 -78
6109 -79
6110 -80
6111 -81
6112 -82
6113 -83
6114 -84
6115 -85
6116 -86
6117 -87
6118 -88
6119 -89
6120 -90
6121 -89
6122 -88
6123 -87
6124 -86
6125 -85
6126 -84
6127 -83
6128 -82
6129 -81
6130 -80
6131 -79
6132 -78
6133 -77
6134 -76
6135 -75
6136 -74
6137 -73
6138 -72
6139 -71
6140 -70
6141 -69
6142 -68
6143 -67
6144 -66
6145 -65
6146 -64
6147 -63
6148 -62
6149 -61
6150 -60
6151 -59
6152 -58
6153 -57
6154 -56
6155 -55
6156 -54
6157 -53
6158 -52
6159 -51
6160 -50
6161 -49
6162 -48
6163 -47
6164 -46
6165 -45
6166 -43
6167 -41
6168 -39
6169 -37
6170 -35
6171 -33
6172 -31
6173 -29
6174 -27
6175 -25
6176 -23
6177 -21
6178 -19
6179 -17
6180 -15
6181 -13
6182 -11
6183 -9
6184 -7
6185 -5
6186 -3
6187 -1
6188 1
6189 3
6190 5
6191 7
6192 9
6193 11
6194 13
6195 15
6196 17
6197 19
6198 21
6199 23
6200 25
6201 27
6202 29
6203 31
6204 33
6205 35
6206 37
6207 39
6208 41
6209 43
6210 45
6211 47
6212 48
6213 49
6214 50
6215 51
6216 52
6217 53
6218 54
6219 55
6220 56
6221 57
6222 58
6223 59
6224 60
6225 61
6226 62
6227 63
6228 64
6229 65
6230 66
6231 67
6232 68
6233 69
6234 70
6235 71
6236 72
6237 73
6238 74
6239 75
6240 76
6241 77
6242 78
6243 79
6244 80
6245 81
6246 82
6247 83
6248 84
6249 85
6250 86
6251 87
6252 88
6253 89
6254 90
6255 91
6256 92
6257 91
6258 90
6259 89
6260 88
6261 87
6262 86
6263 85
6264 84
6265 83
6266 82
6267 81
6268 80
6269 79
6270 78
6271 77
6272 76
6273 75
6274 74
6275 73
6276 72
6277 71
6278 70
6279 69
6280 68
6281 67
6282 66
6283 65
6284 64
6285 63
6286 62
6287 61
6288 60
6289 59
6290 58
6291 57
6292 56
6293 55
6294 54
6295 53
6296 52
6297 51
6298 50
6299 49
6300 48
6301 47
6302 46
6303 44
6304 42
6305 40
6306 38
6307 36
6308 34
6309 32
6310 30
6311 28
6312 26
6313 24
6314 22
6315 20
6316 18
6317 16
6318 14
6319 12
6320 10
6321 8
6322 6
6323 4
6324 2
6325 0
6326 -2
6327 -4
6328 -6
6329 -8
6330 -10
6331 -12
6332 -14
6333 -16
6334 -18
6335 -20
6336 -22
6337 -24
6338 -26
6339 -28
6340 -30
6341 -32
6342 -34
6343 -36
6344 -38
6345 -40
6346 -42
6347 -44
6348 -46
6349 -47
6350 -48
6351 -49
6352 -50
6353 -51
6354 -52
6355 -53
6356 -54
6357 -55
6358 -56
6359 -57
6360 -58
6361 -59
6362 -60
6363 -61
6364 -62
6365 -63
6366 -64
6367 -65
6368 -66
6369 -67
6370 -68
6371 -69
6372 -70
6373 -71
6374 -72
6375 -73
6376 -74
6377 -75
6378 -76
6379 -77
6380 -78
6381 -79
6382 -80
6383 -81
6384 -82
6385 -83
6386 -84
6387 -85
6388 -86
6389 -87
6390 -88
6391 -89
6392 -90
6393 -91
6394 -92
6395 -91
6396 -90
6397 -89
6398 -88
6399 -87
6400 -86
6401 -85
6402 -84
6403 -83
6404 -82
6405 -81
6406 -80
6407 -79
6408 -78
6409 -77
6410 -76
6411 -75
6412 -74
6413 -73
6414 -72
6415 -71
6416 -70
6417 -69
6418 -68
6419 -67
6420 -66
6421 -65
6422 -64
6423 -63
6424 -62
6425 -61
6426 -60
6427 -59
6428 -58
6429 -57
6430 -56
6431 -55
6432 -54
6433 -53
6434 -52
6435 -51
6436 -50
6437 -49
6438 -48
6439 -47
6440 -46
6441 -44
6442 -42
6443 -40
6444 -38
6445 -36
6446 -34
6447 -32
6448 -30
6449 -28
6450 -26
6451 -24
6452 -22
6453 -20
6454 -18
6455 -16
6456 -14
6457 -12
6458 -10
6459 -8
6460 -6
6461 -4
6462 -2
6463 0
6464 2
6465 4
6466 6
6467 8
6468 10
6469 12
6470 14
6471 16
6472 18
6473 20
6474 22
6475 24
6476 26
6477 28
6478 30
6479 32
6480 34
6481 36
6482 38
6483 40
6484 42
6485 44
6486 46
6487 48
6488 49
6489 50
6490 51
6491 52
6492 53
6493 54
6494 55
6495 56
6496 57
6497 58
6498 59
6499 60
6500 61
6501 62
6502 63
6503 64
6504 65
6505 66
6506 67
6507 68
6508 69
6509 70
6510 71
6511 72
6512 73
6513 74
6514 75
6515 76
6516 77
6517 78
6518 79
6519 80
6520 81
6521 82
6522 83
6523 84
6524 85
6525 86
6526 87
6527 88
6528 89
6529 90
6530 91
6531 92
6532 93
6533 94
6534 93
6535 92
6536 91
6537 90
6538 89
6539 88
6540 87
6541 86
6542 85
6543 84
6544 83
6545 82
6546 81
6547 80
6548 79
6549 78
6550 77
6551 76
6552 75
6553 74
6554 73
6555 72
6556 71
6557 70
6558 69
6559 68
6560 67
6561 66
6562 65
6563 64
6564 63
6565 62
6566 61
6567 60
6568 59
6569 58
6570 57
6571 56
6572 55
6573 54
6574 53
6575 52
6576 51
6577 50
6578 49
6579 48
6580 47
6581 45
6582 43
6583 41
6584 39
6585 37
6586 35
6587 33
6588 31
6589 29
6590 27
6591 25
6592 23
6593 21
6594 19
6595 17
6596 15
6597 13
6598 11
6599 9
6600 7
6601 5
6602 3
6603 1
6604 -1
6605 -3
6606 -5
6607 -7
6608 -9
6609 -11
6610 -13
6611 -15
6612 -17
6613 -19
6614 -21
6615 -23
6616 -25
6617 -27
6618 -29
6619 -31
6620 -33
6621 -35
6622 -37
6623 -39
6624 -41
6625 -43
6626 -45
6627 -47
6628 -48
6629 -49
6630 -50
6631 -51
6632 -52
6633 -53
6634 -54
6635 -55
6636 -56
6637 -57
6638 -58
6639 -59
6640 -60
6641 -61
6642 -62
6643 -63
6644 -64
6645 -65
6646 -66
6647 -67
6648 -68
6649 -69
6650 -70
6651 -71
6652 -72
6653 -73
6654 -74
6655 -75
6656 -76
6657 -77
6658 -78
6659 -79
6660 -80
6661 -81
6662 -82
6663 -83
6664 -84
6665 -85
6666 -86
6667 -87
6668 -88
6669 -89
6670 -90
6671 -91
6672 -92
6673 -93
6674 -94
6675 -93
6676 -92
6677 -91
6678 -90
6679 -89
6680 -88
6681 -87
6682 -86
6683 -85
6684 -84
6685 -83
6686 -82
6687 -81
6688 -80
6689 -79
6690 -78
6691 -77
6692 -76
6693 -75
6694 -74
6695 -73
6696 -72
6697 -71
6698 -70
6699 -69
6700 -68
6701 -67
6702 -66
6703 -65
6704 -64
6705 -63
6706 -62
6707 -61
6708 -60
6709 -59
6710 -58
6711 -57
6712 -56
6713 -55
6714 -54
6715 -53
6716 -52
6717 -51
6718 -50
6719 -49
6720 -48
6721 -47
6722 -45
6723 -43
6724 -41
6725 -39
6726 -37
6727 -35
6728 -33
6729 -31
6730 -29
6731 -27
6732 -25
6733 -23
6734 -21
6735 -19
6736 -17
6737 -15
6738 -13
6739 -11
6740 -9
6741 -7
6742 -5
6743 -3
6744 -1
6745 1
6746 3
6747 5
6748 7
6749 9
6750 11
6751 13
6752 15
6753 17
6754 19
6755 21
6756 23
6757 25
6758 27
6759 29
6760 31
6761 33
6762 35
6763 37
6764 39
6765 41
6766 43
6767 45
6768 47
6769 49
6770 50
6771 51
6772 52
6773 53
6774 54
6775 55
6776 56
6777 57
6778 58
6779 59
6780 60
6781 61
6782 62
6783 63
6784 64
6785 65
6786 66
6787 67
6788 68
6789 69
6790 70
6791 71
6792 72
6793 73
6794 74
6795 75
6796 76
6797 77
6798 78
6799 79
6800 80
6801 81
6802 82
6803 83
6804 84
6805 85
6806 86
6807 87
6808 88
6809 89
6810 90
6811 91
6812 92
6813 93
6814 94
6815 95
6816 96
6817 95
6818 94
6819 93
6820 92
6821 91
6822 90
6823 89
6824 88
6825 87
6826 86
6827 85
6828 84
6829 83
6830 82
6831 81
6832 80
6833 79
6834 78
6835 77
6836 76
6837 75
6838 74
6839 73
6840 72
6841 71
6842 70
6843 69
6844 68
6845 67
6846 66
6847 65
6848 64
6849 63
6850 62
6851 61
6852 60
6853 59
6854 58
6855 57
6856 56
6857 55
6858 54
6859 53
6860 52
6861 51
6862 50
6863 49
6864 48
6865 46
6866 44
6867 42
6868 40
6869 38
6870 36
6871 34
6872 32
6873 30
6874 28
6875 26
6876 24
6877 22
6878 20
6879 18
6880 16
6881 14
6882 12
6883 10
6884 8
6885 6
6886 4
6887 2
6888 0
6889 -2
6890 -4
6891 -6
6892 -8
6893 -10
6894 -12
6895 -14
6896 -16
6897 -18
6898 -20
6899 -22
6900 -24
6901 -26
6902 -28
6903 -30
6904 -32
6905 -34
6906 -36
6907 -38
6908 -40
6909 -42
6910 -44
6911 -46
6912 -48
6913 -49
6914 -50
6915 -51
6916 -52
6917 -53
6918 -54
6919 -55
6920 -56
6921 -57
6922 -58
6923 -59
6924 -60
6925 -61
6926 -62
6927 -63
6928 -64
6929 -65
6930 -66
6931 -67
6932 -68
6933 -69
6934 -70
6935 -71
6936 -72
6937 -73
6938 -74
6939 -75
6940 -76
6941 -77
6942 -78
6943 -79
6944 -80
6945 -81
6946 -82
6947 -83
6948 -84
6949 -85
6950 -86
6951 -87
6952 -88
6953 -89
6954 -90
6955 -91
6956 -92
6957 -93
6958 -94
6959 -95
6960 -96
6961 -95
6962 -94
6963 -93
6964 -92
6965 -91
6966 -90
6967 -89
6968 -88
6969 -87
6970 -86
6971 -85
6972 -84
6973 -83
6974 -82
6975 -81
6976 -80
6977 -79
6978 -78
6979 -77
6980 -76
6981 -75
6982 -74
6983 -73
6984 -72
6985 -71
6986 -70
6987 -69
6988 -68
6989 -67
6990 -66
6991 -65
6992 -64
6993 -63
6994 -62
6995 -61
6996 -60
6997 -59
6998 -58
6999 -57
7000 -56
7001 -55
7002 -54
7003 -53
7004 -52
7005 -51
7006 -50
7007 -49
7008 -48
7009 -46
7010 -44
7011 -42
7012 -40
7013 -38
7014 -36
7015 -34
7016 -32
7017 -30
7018 -28
7019 -26
7020 -24
7021 -22
7022 -20
7023 -18
7024 -16
7025 -14
7026 -12
7027 -10
7028 -8
7029 -6
7030 -4
7031 -2
7032 0
7033 2
7034 4
7035 6
7036 8
7037 10
7038 12
7039 14
7040 16
7041 18
7042 20
7043 22
7044 24
7045 26
7046 28
7047 30
7048 32
7049 34
7050 36
7051 38
7052 40
7053 42
7054 44
7055 46
7056 48
7057 50
7058 51
7059 52
7060 53
7061 54
7062 55
7063 56
7064 57
7065 58
7066 59
7067 60
7068 61
7069 62
7070 63
7071 64
7072 65
7073 66
7074 67
7075 68
7076 69
7077 70
7078 71
7079 72
7080 73
7081 74
7082 75
7083 76
7084 77
7085 78
7086 79
7087 80
7088 81
7089 82
7090 83
7091 84
7092 85
7093 86
7094 87
7095 88
7096 89
7097 90
7098 91
7099 92
7100 93
7101 94
7102 95
7103 96
7104 97
7105 98
7106 97
7107 96
7108 95
7109 94
7110 93
7111 92
7112 91
7113 90
7114 89
7115 88
7116 87
7117 86
7118 85
7119 84
7120 83
7121 82
7122 81
7123 80
7124 79
7125 78
7126 77
7127 76
7128 75
7129 74
7130 73
7131 72
7132 71
7133 70
7134 69
7135 68
7136 67
7137 66
7138 65
7139 64
7140 63
7141 62
7142 61
7143 60
7144 59
7145 58
7146 57
7147 56
7148 55
7149 54
7150 53
7151 52
7152 51
7153 50
7154 49
7155 47
7156 45
7157 43
7158 41
7159 39
7160 37
7161 35
7162 33
7163 31
7164 29
7165 27
7166 25
7167 23
7168 21
7169 19
7170 17
7171 15
7172 13
7173 11
7174 9
7175 7
7176 5
7177 3
7178 1
7179 -1
7180 -3
7181 -5
7182 -7
7183 -9
7184 -11
7185 -13
7186 -15
7187 -17
7188 -19
7189 -21
7190 -23
7191 -25
7192 -27
7193 -29
7194 -31
7195 -33
7196 -35
7197 -37
7198 -39
7199 -41
7200 -43
7201 -45
7202 -47
7203 -49
7204 -50
7205 -51
7206 -52
7207 -53
7208 -54
7209 -55
7210 -56
7211 -57
7212 -58
7213 -59
7214 -60
7215 -61
7216 -62
7217 -63
7218 -64
7219 -65
7220 -66
7221 -67
7222 -68
7223 -69
7224 -70
7225 -71
7226 -72
7227 -73
7228 -74
7229 -75
7230 -76
7231 -77
7232 -78
7233 -79
7234 -80
7235 -81
7236 -82
7237 -83
7238 -84
7239 -85
7240 -86
7241 -87
7242 -88
7243 -89
7244 -90
7245 -91
7246 -92
7247 -93
7248 -94
7249 -95
7250 -96
7251 -97
7252 -98
7253 -97
7254 -96
7255 -95
7256 -94
7257 -93
7258 -92
7259 -91
7260 -90
7261 -89
7262 -88
7263 -87
7264 -86
7265 -85
7266 -84
7267 -83
7268 -82
7269 -81
7270 -80
7271 -79
7272 -78
7273 -77
7274 -76
7275 -75
7276 -74
7277 -73
7278 -72
7279 -71
7280 -70
7281 -69
7282 -68
7283 -67
7284 -66
7285 -65
7286 -64
7287 -63
7288 -62
7289 -61
7290 -60
7291 -59
7292 -58
7293 -57
7294 -56
7295 -55
7296 -54
7297 -53
7298 -52
7299 -51
7300 -50
7301 -49
7302 -47
7303 -45
7304 -43
7305 -41
7306 -39
7307 -37
7308 -35
7309 -33
7310 -31
7311 -29
7312 -27
7313 -25
7314 -23
7315 -21
7316 -19
7317 -17
7318 -15
7319 -13
7320 -11
7321 -9
7322 -7
7323 -5
7324 -3
7325 -1
7326 1
7327 3
7328 5
7329 7
7330 9
7331 11
7332 13
7333 15
7334 17
7335 19
7336 21
7337 23
7338 25
7339 27
7340 29
7341 31
7342 33
7343 35
7344 37
7345 39
7346 41
7347 43
7348 45
7349 47
7350 49
7351 51
7352 52
7353 53
7354 54
7355 55
7356 56
7357 57
7358 58
7359 59
7360 60
7361 61
7362 62
7363 63
7364 64
7365 65
7366 66
7367 67
7368 68
7369 69
7370 70
7371 71
7372 72
7373 73
7374 74
7375 75
7376 76
7377 77
7378 78
7379 79
7380 80
7381 81
7382 82
7383 83
7384 84
7385 85
7386 86
7387 87
7388 88
7389 89
7390 90
7391 91
7392 92
7393 93
7394 94
7395 95
7396 96
7397 97
7398 98
7399 99
7400 100
7401 99
7402 98
7403 97
7404 96
7405 95
7406 94
7407 93
7408 92
7409 91
7410 90
7411 89
7412 88
7413 87
7414 86
7415 85
7416 84
7417 83
7418 82
7419 81
7420 80
7421 79
7422 78
7423 77
7424 76
7425 75
7426 74
7427 73
7428 72
7429 71
7430 70
7431 69
7432 68
7433 67
7434 66
7435 65
7436 64
7437 63
7438 62
7439 61
7440 60
7441 59
7442 58
7443 57
7444 56
7445 55
7446 54
7447 53
7448 52
7449 51
7450 50
7451 48
7452 46
7453 44
7454 42
7455 40
7456 38
7457 36
7458 34
7459 32
7460 30
7461 28
7462 26
7463 24
7464 22
7465 20
7466 18
7467 16
7468 14
7469 12
7470 10
7471 8
7472 6
7473 4
7474 2
7475 0
7476 -2
7477 -4
7478 -6
7479 -8
7480 -10
7481 -12
7482 -14
7483 -16
7484 -18
7485 -20
7486 -22
7487 -24
7488 -26
7489 -28
7490 -30
7491 -32
7492 -34
7493 -36
7494 -38
7495 -40
7496 -42
7497 -44
7498 -46
7499 -48
7500 -50
7501 -51
7502 -52
7503 -53
7504 -54
7505 -55
7506 -56
7507 -57
7508 -58
7509 -59
7510 -60
7511 -61
7512 -62
7513 -63
7514 -64
7515 -65
7516 -66
7517 -67
7518 -68
7519 -69
7520 -70
7521 -71
7522 -72
7523 -73
7524 -74
7525 -75
7526 -76
7527 -77
7528 -78
7529 -79
7530 -80
7531 -81
7532 -82
7533 -83
7534 -84
7535 -85
7536 -86
7537 -87
7538 -88
7539 -89
7540 -90
7541 -91
7542 -92
7543 -93
7544 -94
7545 -95
7546 -96
7547 -97
7548 -98
7549 -99
7550 -100
7551 -99
7552 -98
7553 -97
7554 -96
7555 -95
7556 -94
7557 -93
7558 -92
7559 -91
7560 -90
7561 -89
7562 -88
7563 -87
7564 -86
7565 -85
7566 -84
7567 -83
7568 -82
7569 -81
7570 -80
7571 -79
7572 -78
7573 -77
7574 -76
7575 -75
7576 -74
7577 -73
7578 -72
7579 -71
7580 -70
7581 -69
7582 -68
7583 -67
7584 -66
7585 -65
7586 -64
7587 -63
7588 -62
7589 -61
7590 -60
7591 -59
7592 -58
7593 -57
7594 -56
7595 -55
7596 -54
7597 -53
7598 -52
7599 -51
7600 -50
7601 -48
7602 -46
7603 -44
7604 -42
7605 -40
7606 -38
7607 -36
7608 -34
7609 -32
7610 -30
7611 -28
7612 -26
7613 -24
7614 -22
7615 -20
7616 -18
7617 -16
7618 -14
7619 -12
7620 -10
7621 -8
7622 -6
7623 -4
7624 -2
7625 0
7626 2
7627 4
7628 6
7629 8
7630 10
7631 12
7632 14
7633 16
7634 18
7635 20
7636 22
7637 24
7638 26
7639 28
7640 30
7641 32
7642 34
7643 36
7644 38
7645 40
7646 42
7647 44
7648 46
7649 48
7650 50
7651 52
7652 53
7653 54
7654 55
7655 56
7656 57
7657 58
7658 59
7659 60
7660 61
7661 62
7662 63
7663 64
7664 65
7665 66
7666 67
7667 68
7668 69
7669 70
7670 71
7671 72
7672 73
7673 74
7674 75
7675 76
7676 77
7677 78
7678 79
7679 80
7680 81
7681 82
7682 83
7683 84
7684 85
7685 86
7686 87
7687 88
7688 89
7689 90
7690 91
7691 92
7692 93
7693 94
7694 95
7695 96
7696 97
7697 98
7698 99
7699 100
7700 101
7701 102
7702 101
7703 100
7704 99
7705 98
7706 97
7707 96
7708 95
7709 94
7710 93
7711 92
7712 91
7713 90
7714 89
7715 88
7716 87
7717 86
7718 85
7719 84
7720 83
7721 82
7722 81
7723 80
7724 79
7725 78
7726 77
7727 76
7728 75
7729 74
7730 73
7731 72
7732 71
7733 70
7734 69
7735 68
7736 67
7737 66
7738 65
7739 64
7740 63
7741 62
7742 61
7743 60
7744 59
7745 58
7746 57
7747 56
7748 55
7749 54
7750 53
7751 52
7752 51
7753 49
7754 47
7755 45
7756 43
7757 41
7758 39
7759 37
7760 35
7761 33
7762 31
7763 29
7764 27
7765 25
7766 23
7767 21
7768 19
7769 17
7770 15
7771 13
7772 11
7773 9
7774 7
7775 5
7776 3
7777 1
7778 -1
7779 -3
7780 -5
7781 -7
7782 -9
7783 -11
7784 -13
7785 -15
7786 -17
7787 -19
7788 -21
7789 -23
7790 -25
7791 -27
7792 -29
7793 -31
7794 -33
7795 -35
7796 -37
7797 -39
7798 -41
7799 -43
7800 -45
7801 -47
7802 -49
7803 -51
7804 -52
7805 -53
7806 -54
7807 -55
7808 -56
7809 -57
7810 -58
7811 -59
7812 -60
7813 -61
7814 -62
7815 -63
7816 -64
7817 -65
7818 -66
7819 -67
7820 -68
7821 -69
7822 -70
7823 -71
7824 -72
7825 -73
7826 -74
7827 -75
7828 -76
7829 -77
7830 -78
7831 -79
7832 -80
7833 -81
7834 -82
7835 -83
7836 -84
7837 -85
7838 -86
7839 -87
7840 -88
7841 -89
7842 -90
7843 -91
7844 -92
7845 -93
7846 -94
7847 -95
7848 -96
7849 -97
7850 -98
7851 -99
7852 -100
7853 -101
7854 -102
7855 -101
7856 -100
7857 -99
7858 -98
7859 -97
7860 -96
7861 -95
7862 -94
7863 -93
7864 -92
7865 -91
7866 -90
7867 -89
7868 -88
7869 -87
7870 -86
7871 -85
7872 -84
7873 -83
7874 -82
7875 -81
7876 -80
7877 -79
7878 -78
7879 -77
7880 -76
7881 -75
7882 -74
7883 -73
7884 -72
7885 -71
7886 -70
7887 -69
7888 -68
7889 -67
7890 -66
7891 -65
7892 -64
7893 -63
7894 -62
7895 -61
7896 -60
7897 -59
7898 -58
7899 -57
7900 -56
7901 -55
7902 -54
7903 -53
7904 -52
7905 -51
7906 -49
7907 -47
7908 -45
7909 -43
7910 -41
7911 -39
7912 -37
7913 -35
7914 -33
7915 -31
7916 -29
7917 -27
7918 -25
7919 -23
7920 -21
7921 -19
7922 -17
7923 -15
7924 -13
7925 -11
7926 -9
7927 -7
7928 -5
7929 -3
7930 -1
7931 1
7932 3
7933 5
7934 7
7935 9
7936 11
7937 13
7938 15
7939 17
7940 19
7941 21
7942 23
7943 25
7944 27
7945 29
7946 31
7947 33
7948 35
7949 37
7950 39
7951 41
7952 43
7953 45
7954 47
7955 49
7956 51
7957 53
7958 54
7959 55
7960 56
7961 57
7962 58
7963 59
7964 60
7965 61
7966 62
7967 63
7968 64
7969 65
7970 66
7971 67
7972 68
7973 69
7974 70
7975 71
7976 72
7977 73
7978 74
7979 75
7980 76
7981 77
7982 78
7983 79
7984 80
7985 81
7986 82
7987 83
7988 84
7989 85
7990 86
7991 87
7992 88
7993 89
7994 90
7995 91
7996 92
7997 93
7998 94
7999 95
8000 96
8001 97
8002 98
8003 99
8004 100
8005 101
8006 102
8007 103
8008 104
8009 103
8010 102
8011 101
8012 100
8013 99
8014 98
8015 97
8016 96
8017 95
8018 94
8019 93
8020 92
8021 91
8022 90
8023 89
8024 88
8025 87
8026 86
8027 85
8028 84
8029 83
8030 82
8031 81
8032 80
8033 79
8034 78
8035 77
8036 76
8037 75
8038 74
8039 73
8040 72
8041 71
8042 70
8043 69
8044 68
8045 67
8046 66
8047 65
8048 64
8049 63
8050 62
8051 61
8052 60
8053 59
8054 58
8055 57
8056 56
8057 55
8058 54
8059 53
8060 52
8061 50
8062 48
8063 46
8064 44
8065 42
8066 40
8067 38
8068 36
8069 34
8070 32
8071 30
8072 28
8073 26
8074 24
8075 22
8076 20
8077 18
8078 16
8079 14
8080 12
8081 10
8082 8
8083 6
8084 4
8085 2
8086 0
8087 -2
8088 -4
8089 -6
8090 -8
8091 -10
8092 -12
8093 -14
8094 -16
8095 -18
8096 -20
8097 -22
8098 -24
8099 -26
8100 -28
8101 -30
8102 -32
8103 -34
8104 -36
8105 -38
8106 -40
8107 -42
8108 -44
8109 -46
8110 -48
8111 -50
8112 -52
8113 -53
8114 -54
8115 -55
8116 -56
8117 -57
8118 -58
8119 -59
8120 -60
8121 -61
8122 -62
8123 -63
8124 -64
8125 -65
8126 -66
8127 -67
8128 -68
8129 -69
8130 -70
8131 -71
8132 -72
8133 -73
8134 -74
8135 -75
8136 -76
8137 -77
8138 -78
8139 -79
8140 -80
8141 -81
8142 -82
8143 -83
8144 -84
8145 -85
8146 -86
8147 -87
8148 -88
8149 -89
8150 -90
8151 -91
8152 -92
8153 -93
8154 -94
8155 -95
8156 -96
8157 -97
8158 -98
8159 -99
8160 -100
8161 -101
8162 -102
8163 -103
8164 -104
8165 -103
8166 -102
8167 -101
8168 -100
8169 -99
8170 -98
8171 -97
8172 -96
8173 -95
8174 -94
8175 -93
8176 -92
8177 -91
8178 -90
8179 -89
8180 -88
8181 -87
8182 -86
8183 -85
8184 -84
8185 -83
8186 -82
8187 -81
8188 -80
8189 -79
8190 -78
8191 -77
8192 -76
8193 -75
8194 -74
8195 -73
8196 -72
8197 -71
8198 -70
8199 -69
8200 -68
8201 -67
8202 -66
8203 -65
8204 -64
8205 -63
8206 -62
8207 -61
8208 -60
8209 -59
8210 -58
8211 -57
8212 -56
8213 -55
8214 -54
8215 -53
8216 -52
8217 -50
8218 -48
8219 -46
8220 -44
8221 -42
8222 -40
8223 -38
8224 -36
8225 -34
8226 -32
8227 -30
8228 -28
8229 -26
8230 -24
8231 -22
8232 -20
8233 -18
8234 -16
8235 -14
8236 -12
8237 -10
8238 -8
8239 -6
8240 -4
8241 -2
8242 0
8243 2
8244 4
8245 6
8246 8
8247 10
8248 12
8249 14
8250 16
8251 18
8252 20
8253 22
8254 24
8255 26
8256 28
8257 30
8258 32
8259 34
8260 36
8261 38
8262 40
8263 42
8264 44
8265 46
8266 48
8267 50
8268 52
8269 54
8270 55
8271 56
8272 57
8273 58
8274 59
8275 60
8276 61
8277 62
8278 63
8279 64
8280 65
8281 66
8282 67
8283 68
8284 69
8285 70
8286 71
8287 72
8288 73
8289 74
8290 75
8291 76
8292 77
8293 78
8294 79
8295 80
8296 81
8297 82
8298 83
8299 84
8300 85
8301 86
8302 87
8303 88
8304 89
8305 90
8306 91
8307 92
8308 93
8309 94
8310 95
8311 96
8312 97
8313 98
8314 99
8315 100
8316 101
8317 102
8318 103
8319 104
8320 105
8321 106
8322 105
8323 104
8324 103
8325 102
8326 101
8327 100
8328 99
8329 98
8330 97
8331 96
8332 95
8333 94
8334 93
8335 92
8336 91
8337 90
8338 89
8339 88
8340 87
8341 86
8342 85
8343 84
8344 83
8345 82
8346 81
8347 80
8348 79
8349 78
8350 77
8351 76
8352 75
8353 74
8354 73
8355 72
8356 71
8357 70
8358 69
8359 68
8360 67
8361 66
8362 65
8363 64
8364 63
8365 62
8366 61
8367 60
8368 59
8369 58
8370 57
8371 56
8372 55
8373 54
8374 53
8375 51
8376 49
8377 47
8378 45
8379 43
8380 41
8381 39
8382 37
8383 35
8384 33
8385 31
8386 29
8387 27
8388 25
8389 23
8390 21
8391 19
8392 17
8393 15
8394 13
8395 11
8396 9
8397 7
8398 5
8399 3
8400 1
8401 -1
8402 -3
8403 -5
8404 -7
8405 -9
8406 -11
8407 -13
8408 -15
8409 -17
8410 -19
8411 -21
8412 -23
8413 -25
8414 -27
8415 -29
8416 -31
8417 -33
8418 -35
8419 -37
8420 -39
8421 -41
8422 -43
8423 -45
8424 -47
8425 -49
8426 -51
8427 -53
8428 -54
8429 -55
8430 -56
8431 -57
8432 -58
8433 -59
8434 -60
8435 -61
8436 -62
8437 -63
8438 -64
8439 -65
8440 -66
8441 -67
8442 -68
8443 -69
8444 -70
8445 -71
8446 -72
8447 -73
8448 -74
8449 -75
8450 -76
8451 -77
8452 -78
8453 -79
8454 -80
8455 -81
8456 -82
8457 -83
8458 -84
8459 -85
8460 -86
8461 -87
8462 -88
8463 -89
8464 -90
8465 -91
8466 -92
8467 -93
8468 -94
8469 -95
8470 -96
8471 -97
8472 -98
8473 -99
8474 -100
8475 -101
8476 -102
8477 -103
8478 -104
8479 -105
8480 -106
8481 -105
8482 -104
8483 -103
8484 -102
8485 -101
8486 -100
8487 -99
8488 -98
8489 -97
8490 -96
8491 -95
8492 -94
8493 -93
8494 -92
8495 -91
8496 -90
8497 -89
8498 -88
8499 -87
8500 -86
8501 -85
8502 -84
8503 -83
8504 -82
8505 -81
8506 -80
8507 -79
8508 -78
8509 -77
8510 -76
8511 -75
8512 -74
8513 -73
8514 -72
8515 -71
8516 -70
8517 -69
8518 -68
8519 -67
8520 -66
8521 -65
8522 -64
8523 -63
8524 -62
8525 -61
8526 -60
8527 -59
8528 -58
8529 -57
8530 -56
8531 -55
8532 -54
8533 -53
8534 -51
8535 -49
8536 -47
8537 -45
8538 -43
8539 -41
8540 -39
8541 -37
8542 -35
8543 -33
8544 -31
8545 -29
8546 -27
8547 -25
8548 -23
8549 -21
8550 -19
8551 -17
8552 -15
8553 -13
8554 -11
8555 -9
8556 -7
8557 -5
8558 -3
8559 -1
8560 1
8561 3
8562 5
8563 7
8564 9
8565 11
8566 13
8567 15
8568 17
8569 19
8570 21
8571 23
8572 25
8573 27
8574 29
8575 31
8576 33
8577 35
8578 37
8579 39
8580 41
8581 43
8582 45
8583 47
8584 49
8585 51
8586 53
8587 55
8588 56
8589 57
8590 58
8591 59
8592 60
8593 61
8594 62
8595 63
8596 64
8597 65
8598 66
8599 67
8600 68
8601 69
8602 70
8603 71
8604 72
8605 73
8606 74
8607 75
8608 76
8609 77
8610 78
8611 79
8612 80
8613 81
8614 82
8615 83
8616 84
8617 85
8618 86
8619 87
8620 88
8621 89
8622 90
8623 91
8624 92
8625 93
8626 94
8627 95
8628 96
8629 97
8630 98
8631 99
8632 100
8633 101
8634 102
8635 103
8636 104
8637 105
8638 106
8639 107
8640 108
8641 107
8642 106
8643 105
8644 104
8645 103
8646 102
8647 101
8648 100
8649 99
8650 98
8651 97
8652 96
8653 95
8654 94
8655 93
8656 92
8657 91
8658 90
8659 89
8660 88
8661 87
8662 86
8663 85
8664 84
8665 83
8666 82
8667 81
8668 80
8669 79
8670 78
8671 77
8672 76
8673 75
8674 74
8675 73
8676 72
8677 71
8678 70
8679 69
8680 68
8681 67
8682 66
8683 65
8684 64
8685 63
8686 62
8687 61
8688 60
8689 59
8690 58
8691 57
8692 56
8693 55
8694 54
8695 52
8696 50
8697 48
8698 46
8699 44
8700 42
8701 40
8702 38
8703 36
8704 34
8705 32
8706 30
8707 28
8708 26
8709 24
8710 22
8711 20
8712 18
8713 16
8714 14
8715 12
8716 10
8717 8
8718 6
8719 4
8720 2
8721 0
8722 -2
8723 -4
8724 -6
8725 -8
8726 -10
8727 -12
8728 -14
8729 -16
8730 -18
8731 -20
8732 -22
8733 -24
8734 -26
8735 -28
8736 -30
8737 -32
8738 -34
8739 -36
8740 -38
8741 -40
8742 -42
8743 -44
8744 -46
8745 -48
8746 -50
8747 -52
8748 -54
8749 -55
8750 -56
8751 -57
8752 -58
8753 -59
8754 -60
8755 -61
8756 -62
8757 -63
8758 -64
8759 -65
8760 -66
8761 -67
8762 -68
8763 -69
8764 -70
8765 -71
8766 -72
8767 -73
8768 -74
8769 -75
8770 -76
8771 -77
8772 -78
8773 -79
8774 -80
8775 -81
8776 -82
8777 -83
8778 -84
8779 -85
8780 -86
8781 -87
8782 -88
8783 -89
8784 -90
8785 -91
8786 -92
8787 -93
8788 -94
8789 -95
8790 -96
8791 -97
8792 -98
8793 -99
8794 -100
8795 -101
8796 -102
8797 -103
8798 -104
8799 -105
8800 -106
8801 -107
8802 -108
8803 -107
8804 -106
8805 -105
8806 -104
8807 -103
8808 -102
8809 -101
8810 -100
8811 -99
8812 -98
8813 -97
8814 -96
8815 -95
8816 -94
8817 -93
8818 -92
8819 -91
8820 -90
8821 -89
8822 -88
8823 -87
8824 -86
8825 -85
8826 -84
8827 -83
8828 -82
8829 -81
8830 -80
8831 -79
8832 -78
8833 -77
8834 -76
8835 -75
8836 -74
8837 -73
8838 -72
8839 -71
8840 -70
8841 -69
8842 -68
8843 -67
8844 -66
8845 -65
8846 -64
8847 -63
8848 -62
8849 -61
8850 -60
8851 -59
8852 -58
8853 -57
8854 -56
8855 -55
8856 -54
8857 -52
8858 -50
8859 -48
8860 -46
8861 -44
8862 -42
8863 -40
8864 -38
8865 -36
8866 -34
8867 -32
8868 -30
8869 -28
8870 -26
8871 -24
8872 -22
8873 -20
8874 -18
8875 -16
8876 -14
8877 -12
8878 -10
8879 -8
8880 -6
8881 -4
8882 -2
8883 0
8884 2
8885 4
8886 6
8887 8
8888 10
8889 12
8890 14
8891 16
8892 18
8893 20
8894 22
8895 24
8896 26
8897 28
8898 30
8899 32
8900 34
8901 36
8902 38
8903 40
8904 42
8905 44
8906 46
8907 48
8908 50
8909 52
8910 54
8911 56
8912 57
8913 58
8914 59
8915 60
8916 61
8917 62
8918 63
8919 64
8920 65
8921 66
8922 67
8923 68
8924 69
8925 70
8926 71
8927 72
8928 73
8929 74
8930 75
8931 76
8932 77
8933 78
8934 79
8935 80
8936 81
8937 82
8938 83
8939 84
8940 85
8941 86
8942 87
8943 88
8944 89
8945 90
8946 91
8947 92
8948 93
8949 94
8950 95
8951 96
8952 97
8953 98
8954 99
8955 100
8956 101
8957 102
8958 103
8959 104
8960 105
8961 106
8962 107
8963 108
8964 109
8965 110
8966 109
8967 108
8968 107
8969 106
8970 105
8971 104
8972 103
8973 102
8974 101
8975 100
8976 99
8977 98
8978 97
8979 96
8980 95
8981 94
8982 93
8983 92
8984 91
8985 90
8986 89
8987 88
8988 87
8989 86
8990 85
8991 84
8992 83
8993 82
8994 81
8995 80
8996 79
8997 78
8998 77
8999 76
9000 75
9001 74
9002 73
9003 72
9004 71
9005 70
9006 69
9007 68
9008 67
9009 66
9010 65
9011 64
9012 63
9013 62
9014 61
9015 60
9016 59
9017 58
9018 57
9019 56
9020 55
9021 53
9022 51
9023 49
9024 47
9025 45
9026 43
9027 41
9028 39
9029 37
9030 35
9031 33
9032 31
9033 29
9034 27
9035 25
9036 23
9037 21
9038 19
9039 17
9040 15
9041 13
9042 11
9043 9
9044 7
9045 5
9046 3
9047 1
9048 -1
9049 -3
9050 -5
9051 -7
9052 -9
9053 -11
9054 -13
9055 -15
9056 -17
9057 -19
9058 -21
9059 -23
9060 -25
9061 -27
9062 -29
9063 -31
9064 -33
9065 -35
9066 -37
9067 -39
9068 -41
9069 -43
9070 -45
9071 -47
9072 -49
9073 -51
9074 -53
9075 -55
9076 -56
9077 -57
9078 -58
9079 -59
9080 -60
9081 -61
9082 -62
9083 -63
9084 -64
9085 -65
9086 -66
9087 -67
9088 -68
9089 -69
9090 -70
9091 -71
9092 -72
9093 -73
9094 -74
9095 -75
9096 -76
9097 -77
9098 -78
9099 -79
9100 -80
9101 -81
9102 -82
9103 -83
9104 -84
9105 -85
9106 -86
9107 -87
9108 -88
9109 -89
9110 -90
9111 -91
9112 -92
9113 -93
9114 -94
9115 -95
9116 -96
9117 -97
9118 -98
9119 -99
9120 -100
9121 -101
9122 -102
9123 -103
9124 -104
9125 -105
9126 -106
9127 -107
9128 -108
9129 -109
9130 -110
9131 -109
9132 -108
9133 -107
9134 -106
9135 -105
9136 -104
9137 -103
9138 -102
9139 -101
9140 -100
9141 -99
9142 -98
9143 -97
9144 -96
9145 -95
9146 -94
9147 -93
9148 -92
9149 -91
9150 -90
9151 -89
9152 -88
9153 -87
9154 -86
9155 -85
9156 -84
9157 -83
9158 -82
9159 -81
9160 -80
9161 -79
9162 -78
9163 -77
9164 -76
9165 -75
9166 -74
9167 -73
9168 -72
9169 -71
9170 -70
9171 -69
9172 -68
9173 -67
9174 -66
9175 -65
9176 -64
9177 -63
9178 -62
9179 -61
9180 -60
9181 -59
9182 -58
9183 -57
9184 -56
9185 -55
9186 -53
9187 -51
9188 -49
9189 -47
9190 -45
9191 -43
9192 -41
9193 -39
9194 -37
9195 -35
9196 -33
9197 -31
9198 -29
9199 -27
9200 -25
9201 -23
9202 -21
9203 -19
9204 -17
9205 -15
9206 -13
9207 -11
9208 -9
9209 -7
9210 -5
9211 -3
9212 -1
9213 1
9214 3
9215 5
9216 7
9217 9
9218 11
9219 13
9220 15
9221 17
9222 19
9223 21
9224 23
9225 25
9226 27
9227 29
9228 31
9229 33
9230 35
9231 37
9232 39
9233 41
9234 43
9235 45
9236 47
9237 49
9238 51
9239 53
9240 55
9241 57
9242 58
9243 59
9244 60
9245 61
9246 62
9247 63
9248 64
9249 65
9250 66
9251 67
9252 68
9253 69
9254 70
9255 71
9256 72
9257 73
9258 74
9259 75
9260 76
9261 77
9262 78
9263 79
9264 80
9265 81
9266 82
9267 83
9268 84
9269 85
9270 86
9271 87
9272 88
9273 89
9274 90
9275 91
9276 92
9277 93
9278 94
9279 95
9280 96
9281 97
9282 98
9283 99
9284 100
9285 101
9286 102
9287 103
9288 104
9289 105
9290 106
9291 107
9292 108
9293 109
9294 110
9295 111
9296 112
9297 111
9298 110
9299 109
9300 108
9301 107
9302 106
9303 105
9304 104
9305 103
9306 102
9307 101
9308 100
9309 99
9310 98
9311 97
9312 96
9313 95
9314 94
9315 93
9316 92
9317 91
9318 90
9319 89
9320 88
9321 87
9322 86
9323 85
9324 84
9325 83
9326 82
9327 81
9328 80
9329 79
9330 78
9331 77
9332 76
9333 75
9334 74
9335 73
9336 72
9337 71
9338 70
9339 69
9340 68
9341 67
9342 66
9343 65
9344 64
9345 63
9346 62
9347 61
9348 60
9349 59
9350 58
9351 57
9352 56
9353 54
9354 52
9355 50
9356 48
9357 46
9358 44
9359 42
9360 40
9361 38
9362 36
9363 34
9364 32
9365 30
9366 28
9367 26
9368 24
9369 22
9370 20
9371 18
9372 16
9373 14
9374 12
9375 10
9376 8
9377 6
9378 4
9379 2
9380 0
9381 -2
9382 -4
9383 -6
9384 -8
9385 -10
9386 -12
9387 -14
9388 -16
9389 -18
9390 -20
9391 -22
9392 -24
9393 -26
9394 -28
9395 -30
9396 -32
9397 -34
9398 -36
9399 -38
9400 -40
9401 -42
9402 -44
9403 -46
9404 -48
9405 -50
9406 -52
9407 -54
9408 -56
9409 -57
9410 -58
9411 -59
9412 -60
9413 -61
9414 -62
9415 -63
9416 -64
9417 -65
9418 -66
9419 -67
9420 -68
9421 -69
9422 -70
9423 -71
9424 -72
9425 -73
9426 -74
9427 -75
9428 -76
9429 -77
9430 -78
9431 -79
9432 -80
9433 -81
9434 -82
9435 -83
9436 -84
9437 -85
9438 -86
9439 -87
9440 -88
9441 -89
9442 -90
9443 -91
9444 -92
9445 -93
9446 -94
9447 -95
9448 -96
9449 -97
9450 -98
9451 -99
9452 -100
9453 -101
9454 -102
9455 -103
9456 -104
9457 -105
9458 -106
9459 -107
9460 -108
9461 -109
9462 -110
9463 -111
9464 -112
9465 -111
9466 -110
9467 -109
9468 -108
9469 -107
9470 -106
9471 -105
9472 -104
9473 -103
9474 -102
9475 -101
9476 -100
9477 -99
9478 -98
9479 -97
9480 -96
9481 -95
9482 -94
9483 -93
9484 -92
9485 -91
9486 -90
9487 -89
9488 -88
9489 -87
9490 -86
9491 -85
9492 -84
9493 -83
9494 -82
9495 -81
9496 -80
9497 -79
9498 -78
9499 -77
9500 -76
9501 -75
9502 -74
9503 -73
9504 -72
9505 -71
9506 -70
9507 -69
9508 -68
9509 -67
9510 -66
9511 -65
9512 -64
9513 -63
9514 -62
9515 -61
9516 -60
9517 -59
9518 -58
9519 -57
9520 -56
9521 -54
9522 -52
9523 -50
9524 -48
9525 -46
9526 -44
9527 -42
9528 -40
9529 -38
9530 -36
9531 -34
9532 -32
9533 -30
9534 -28
9535 -26
9536 -24
9537 -22
9538 -20
9539 -18
9540 -16
9541 -14
9542 -12
9543 -10
9544 -8
9545 -6
9546 -4
9547 -2
9548 0
9549 2
9550 4
9551 6
9552 8
9553 10
9554 12
9555 14
9556 16
9557 18
9558 20
9559 22
9560 24
9561 26
9562 28
9563 30
9564 32
9565 34
9566 36
9567 38
9568 40
9569 42
9570 44
9571 46
9572 48
9573 50
9574 52
9575 54
9576 56
9577 58
9578 59
9579 60
9580 61
9581 62
9582 63
9583 64
9584 65
9585 66
9586 67
9587 68
9588 69
9589 70
9590 71
9591 72
9592 73
9593 74
9594 75
9595 76
9596 77
9597 78
9598 79
9599 80
9600 81
9601 82
9602 83
9603 84
9604 85
9605 86
9606 87
9607 88
9608 89
9609 90
9610 91
9611 92
9612 93
9613 94
9614 95
9615 96
9616 97
9617 98
9618 99
9619 100
9620 101
9621 102
9622 103
9623 104
9624 105
9625 106
9626 107
9627 108
9628 109
9629 110
9630 111
9631 112
9632 113
9633 114
9634 113
9635 112
9636 111
9637 110
9638 109
9639 108
9640 107
9641 106
9642 105
9643 104
9644 103
9645 102
9646 101
9647 100
9648 99
9649 98
9650 97
9651 96
9652 95
9653 94
9654 93
9655 92
9656 91
9657 90
9658 89
9659 88
9660 87
9661 86
9662 85
9663 84
9664 83
9665 82
9666 81
9667 80
9668 79
9669 78
9670 77
9671 76
9672 75
9673 74
9674 73
9675 72
9676 71
9677 70
9678 69
9679 68
9680 67
9681 66
9682 65
9683 64
9684 63
9685 62
9686 61
9687 60
9688 59
9689 58
9690 57
9691 55
9692 53
9693 51
9694 49
9695 47
9696 45
9697 43
9698 41
9699 39
9700 37
9701 35
9702 33
9703 31
9704 29
9705 27
9706 25
9707 23
9708 21
9709 19
9710 17
9711 15
9712 13
9713 11
9714 9
9715 7
9716 5
9717 3
9718 1
9719 -1
9720 -3
9721 -5
9722 -7
9723 -9
9724 -11
9725 -13
9726 -15
9727 -17
9728 -19
9729 -21
9730 -23
9731 -25
9732 -27
9733 -29
9734 -31
9735 -33
9736 -35
9737 -37
9738 -39
9739 -41
9740 -43
9741 -45
9742 -47
9743 -49
9744 -51
9745 -53
9746 -55
9747 -57
9748 -58
9749 -59
9750 -60
9751 -61
9752 -62
9753 -63
9754 -64
9755 -65
9756 -66
9757 -67
9758 -68
9759 -69
9760 -70
9761 -71
9762 -72
9763 -73
9764 -74
9765 -75
9766 -76
9767 -77
9768 -78
9769 -79
9770 -80
9771 -81
9772 -82
9773 -83
9774 -84
9775 -85
9776 -86
9777 -87
9778 -88
9779 -89
9780 -90
9781 -91
9782 -92
9783 -93
9784 -94
9785 -95
9786 -96
9787 -97
9788 -98
9789 -99
9790 -100
9791 -101
9792 -102
9793 -103
9794 -104
9795 -105
9796 -106
9797 -107
9798 -108
9799 -109
9800 -110
9801 -111
9802 -112
9803 -113
9804 -114
9805 -113
9806 -112
9807 -111
9808 -110
9809 -109
9810 -108
9811 -107
9812 -106
9813 -105
9814 -104
9815 -103
9816 -102
9817 -101
9818 -100
9819 -99
9820 -98
9821 -97
9822 -96
9823 -95
9824 -94
9825 -93
9826 -92
9827 -91
9828 -90
9829 -89
9830 -88
9831 -87
9832 -86
9833 -85
9834 -84
9835 -83
9836 -82
9837 -81
9838 -80
9839 -79
9840 -78
9841 -77
9842 -76
9843 -75
9844 -74
9845 -73
9846 -72
9847 -71
9848 -70
9849 -69
9850 -68
9851 -67
9852 -66
9853 -65
9854 -64
9855 -63
9856 -62
9857 -61
9858 -60
9859 -59
9860 -58
9861 -57
9862 -55
9863 -53
9864 -51
9865 -49
9866 -47
9867 -45
9868 -43
9869 -41
9870 -39
9871 -37
9872 -35
9873 -33
9874 -31
9875 -29
9876 -27
9877 -25
9878 -23
9879 -21
9880 -19
9881 -17
9882 -15
9883 -13
9884 -11
9885 -9
9886 -7
9887 -5
9888 -3
9889 -1
9890 1
9891 3
9892 5
9893 7
9894 9
9895 11
9896 13
9897 15
9898 17
9899 19
9900 21
9901 23
9902 25
9903 27
9904 29
9905 31
9906 33
9907 35
9908 37
9909 39
9910 41
9911 43
9912 45
9913 47
9914 49
9915 51
9916 53
9917 55
9918 57
9919 59
9920 60
9921 61
9922 62
9923 63
9924 64
9925 65
9926 66
9927 67
9928 68
9929 69
9930 70
9931 71
9932 72
9933 73
9934 74
9935 75
9936 76
9937 77
9938 78
9939 79
9940 80
9941 81
9942 82
9943 83
9944 84
9945 85
9946 86
9947 87
9948 88
9949 89
9950 90
9951 91
9952 92
9953 93
9954 94
9955 95
9956 96
9957 97
9958 98
9959 99
9960 100
9961 101
9962 102
9963 103
9964 104
9965 105
9966 106
9967 107
9968 108
9969 109
9970 110
9971 111
9972 112
9973 113
9974 114
9975 115
9976 116
9977 115
9978 114
9979 113
9980 112
9981 111
9982 110
9983 109
9984 108
9985 107
9986 106
9987 105
9988 104
9989 103
9990 102
9991 101
9992 100
9993 99
9994 98
9995 97
9996 96
9997 95
9998 94
9999 93
10000 92
